0
0
2.3711445331573486
2.338280439376831
2.3128199577331543
2.331951141357422
2.3353681564331055
2.3359553813934326
2.380232572555542
0
0
0
0
0
0
0
0
0
0
0
0
0
0
0
0
0
0
0
0
1.720525860786438
1.679226279258728
1.6665821075439453
1.6529399156570435
1.6671549081802368
1.651964783668518
1.6557395458221436
1.6645822525024414
1.7072001695632935
1.7322839498519897
0
0
0
0
0
0
0
0
0
0
0
0
0
0
0
0
0
0
0
0
0
0
0
0
2.615996837615967
2.5583059787750244
2.5333704948425293
2.526031017303467
2.533698320388794
2.5891506671905518
2.664292812347412
0
0
0
0
0
0
0
0
3.423339605331421
3.3804283142089844
3.3524909019470215
3.361032247543335
3.4313786029815674
0
0
0
0
0
0
0
0
0
0
0
0
0
1.61181640625
1.5532727241516113
1.543560266494751
1.5138832330703735
1.533486008644104
1.5233511924743652
1.5327575206756592
1.5339601039886475
1.5434064865112305
1.5654982328414917
1.6045886278152466
0
0
0
0
0
0
0
0
0
0
0
0
0
0
0
0
0
0
0
0
0
0
0
0
0
2.7562906742095947
2.6843369007110596
2.702986001968384
2.679915428161621
2.6846721172332764
2.7411909103393555
0
0
0
0
0
0
0
0
0
0
0
0
0
0
0
0
0
0
0
0
0
0
0
0
0
0
0
0
0.524954617023468
0.4949631690979004
0.4634457528591156
0.4764884114265442
0.4681491255760193
0.4496123194694519
0.42899319529533386
0.4161659777164459
0.42236554622650146
0.44063082337379456
0.4395032227039337
0.4426535367965698
0.39975911378860474
0.4108983874320984
0.4090365767478943
0.4248053729534149
0.38901686668395996
0.4120021462440491
0.4128273129463196
0.4252043664455414
0.4034774899482727
0.4060470461845398
0.4134787619113922
0.4104572534561157
0.42733627557754517
0.4314245283603668
0.4420377016067505
0.428840696811676
0.4606640934944153
0.4713730812072754
0.49392783641815186
0.48794758319854736
0
0
0
0
0
0
0
0
0
0
0
0
0
0
0
0
0
0
0
0
0
0
0
0
0
0
0
0
0
0
0
0
0
0
0
0
0
0
0
0
0
0
0
0
0
0
0
0
0
0
0
0
0
0
0
0
0
0
0
0
0
0
0
0
0
0
0
0
0
0
0
0
0
0
0
0
0
0
0
0
0
0
0
0
0
0
0
0
0
0
0
0
0
0
0
0
0
0
0
0
0
0
0
0
0
0
0
0
0
0
0
0
0
0
0
0
0
0
0
0
0
0
0
0
0
0
0
0
0
0
0
0
0
0
0
0
0
0
0
0
0
0
0
0
0
0
0
0
0
0
0
0
0
0
0
0
0
0
0
0
0
0
