0
0
0
1.7894160747528076
1.8055317401885986
0
0
0
0
0
0
0
0
0
0
0
0
0
0
0
0
0
0
0
0
0
0
0
0
0
3.1006908416748047
3.0294911861419678
3.025561571121216
3.0373682975769043
3.025330066680908
3.054292678833008
0
0
0
0
0
0
0
0
0
0
0
0
0
0
0
0
0
0
0
0
0
0
0
0
0
0
0
0
0
0
0
0
0
0
0
0
0
0
0
0
0
0
0
0
0
0
0
0
0
1.586946725845337
1.5532612800598145
1.5284281969070435
1.5221327543258667
1.5178353786468506
1.4978331327438354
1.5227051973342896
1.5431016683578491
1.5542339086532593
1.565433144569397
0
0
0
0
0
0
0
0
0
0
0
0
0
0
0
0
0
0
0
0
2.258737564086914
2.1895251274108887
2.16243052482605
2.1591672897338867
2.129931926727295
2.169896364212036
0.5412237644195557
0.4864383637905121
0.49106547236442566
0.46032723784446716
0.45528849959373474
0.4497455358505249
0.4321977496147156
0.4280861020088196
0.4247913956642151
0.4249246418476105
0.42985254526138306
0.43057772517204285
0.41879746317863464
0.42196452617645264
0.4064454734325409
0.4205564856529236
0.3840406835079193
0.42787450551986694
0.42220088839530945
0.425912469625473
0.43756967782974243
0.40158575773239136
0.41450372338294983
0.42982831597328186
0.4142093360424042
0.4237617254257202
0.43965086340904236
0.42528557777404785
0.45880836248397827
0.4701096713542938
0.48551756143569946
0.5110108852386475
1.6603319644927979
1.6459054946899414
1.6418784856796265
1.6422832012176514
1.647895336151123
1.6880123615264893
1.7140909433364868
3.3932719230651855
3.465954303741455
0
0
0
0
0
0
0
0
0
0
0
0
0
0
0
0
0
0
0
0
0
0
0
0
2.074575424194336
2.0043065547943115
1.9737701416015625
1.9551154375076294
1.965513825416565
1.9651392698287964
1.982887625694275
1.9966875314712524
2.0712292194366455
0
0
0
0
0
0
0
0
0
0
0
0
0
0
0
0
3.223940134048462
3.196002721786499
3.1973116397857666
3.2126901149749756
3.2927937507629395
0
0
0
0
0
0
0
0
0
0
0
0.9981237053871155
0.9709225296974182
0.9390537142753601
0.9000046849250793
0.9111640453338623
0.9073421955108643
0.9003100991249084
0.8825023770332336
0.8925225138664246
0.8894221186637878
0.9046478271484375
0.9052821397781372
0.9032018780708313
0.9102213382720947
0.9237526059150696
0.938490629196167
0.9719980359077454
2.6415271759033203
2.6662003993988037
0
0
0
0
0
0
0
0
0
0
0
0
0
0
0
0
0
0
0
0
2.647030830383301
0
0
0
0
0
0
0
0
0
0
2.8049018383026123
2.7493040561676025
2.7165117263793945
2.717556953430176
2.7503607273101807
2.8005261421203613
0
0
0
0
0
0
0
0
0
3.4798874855041504
0
0
0
0
0
0
0
0
0
0
0
0
0
0
0
0
0
0
0
0
0
0
0
1.0166820287704468
0.9700532555580139
0.9629425406455994
0.911376416683197
0.9116138815879822
0.9214733839035034
0.8939083814620972
0.8792231678962708
0.8984893560409546
0.8873493075370789
0.9059630036354065
0.8850113153457642
0.8982580900192261
0.9100251197814941
0.90876704454422
0.9151546955108643
0.9507883787155151
0.9884989857673645
2.6459109783172607
2.7069597244262695
0
0
0
0
0
0
0
0
0
0
0
0
0
0
0
0
0
0
0
0
0
0
0
0
