1.3681977987289429
1.3274195194244385
1.3104242086410522
1.318747878074646
1.308655023574829
1.3121370077133179
1.3107683658599854
1.2921936511993408
1.3141536712646484
1.3349485397338867
1.3478790521621704
1.382108211517334
0
0
0
0
0
0
0
0
0
0
0
0
0
0
0
0
0
0
0
0
0
0
0
0
0
0
0
1.1903107166290283
1.1683117151260376
1.145221471786499
1.119242548942566
1.106523036956787
1.1129894256591797
1.11408531665802
1.0999584197998047
1.1330238580703735
1.1129565238952637
1.11773681640625
1.1431286334991455
1.1379963159561157
1.1782444715499878
1.2599941492080688
3.262507677078247
3.210000514984131
3.1521153450012207
3.1164350509643555
3.1358749866485596
3.2020187377929688
3.282818078994751
3.3678066730499268
3.4322502613067627
0
0
0
0
0
0
0
0
0
0
0
0
0
0
0
0
0
2.279146432876587
2.2610321044921875
2.1981256008148193
2.202524185180664
2.194912910461426
2.2111947536468506
2.234673023223877
2.290963888168335
0
0
0
0
0
0
0
0
0
0
0
0
0
0
0
0
0
0
0
0
0
0
0
0
0
0
0
0
0
0
0
0
0
0
0
0
0
2.940999984741211
2.8867177963256836
2.862820863723755
2.8525595664978027
2.8791563510894775
2.9185307025909424
0
0
0
0
0
0
0
0
0
2.8950672149658203
2.874039888381958
2.893817663192749
2.90644907951355
2.8927242755889893
2.881763219833374
2.9216513633728027
2.906780958175659
2.879556179046631
2.889883279800415
2.9017722606658936
2.9065163135528564
1.1694269180297852
1.139113426208496
1.1373449563980103
1.1050868034362793
1.100445032119751
1.0957331657409668
1.1114158630371094
1.1142868995666504
1.1024625301361084
1.112768530845642
1.1153854131698608
1.113707184791565
1.1437642574310303
1.186704158782959
0
0
0
0
0
0
0
0
0
0
0
0
0
0
0
0
0
0
0
0
0
0
0
0
0
0
0
0
0
0
0
0
0
0
0
0
0
0
0
0
0
0
0
0
0
0
0
0
0
0
0
0
0
0
0
0
0
0
0
0
0
0
0
0
0
0
0
0
0
0
0
0
0
0
0
0
0
0
0
2.818579912185669
2.693535566329956
2.590730905532837
2.5770552158355713
1.7113544940948486
1.66375732421875
1.6371315717697144
1.6403132677078247
1.6318225860595703
1.633203148841858
1.6221007108688354
1.6565234661102295
1.6936365365982056
1.7243845462799072
2.911628246307373
2.935006856918335
2.9616599082946777
3.028536558151245
3.0379624366760254
3.1051526069641113
3.179777145385742
3.1938538551330566
3.261399030685425
3.319671630859375
3.374573230743408
3.4453542232513428
0
0
0
0
3.2818520069122314
3.1464684009552
3.0200674533843994
2.9289088249206543
2.817842721939087
2.7330472469329834
2.669477939605713
2.560128927230835
2.4927098751068115
2.425762414932251
2.359926223754883
2.2952136993408203
2.245826244354248
2.163519859313965
2.1443231105804443
2.080753803253174
2.033022403717041
1.9990782737731934
1.953140377998352
1.9384762048721313
1.8905848264694214
1.86317777633667
1.825036883354187
1.7914294004440308
1.7479333877563477
1.7389512062072754
1.7045140266418457
1.6824668645858765
1.6602303981781006
1.6288633346557617
1.6203336715698242
1.5852301120758057
1.5702162981033325
1.5412324666976929
1.5288324356079102
1.5134996175765991
1.5044114589691162
1.4933522939682007
1.4790247678756714
1.4709833860397339
1.4456723928451538
1.4350022077560425
1.4064323902130127
1.4450260400772095
1.5128226280212402
1.597555160522461
0
0
0
0
0
0
0
0
0
0
0
0
0
0
0
0
0
0
2.9060072898864746
2.8727564811706543
2.8674232959747314
2.860414505004883
2.8865106105804443
2.942028760910034
0
0
0
0
0
0
0
0
0
0
0
0
0
1.4081376791000366
1.363185167312622
