0.4821665287017822
0.4973140060901642
0.49195393919944763
0.5101863741874695
0.5118639469146729
0.49442076683044434
0.5076457858085632
0.5205420851707458
0.5322749614715576
0.5140938758850098
0.5420867204666138
0.5531145930290222
0.5754453539848328
0.6006174087524414
0
0
0
0
0
0
0
0
0
0
0
0
0
0
0
0
0
0
0
2.0342209339141846
1.985678791999817
1.945123314857483
1.9452649354934692
1.9350835084915161
1.9308706521987915
1.9367985725402832
1.962877869606018
2.019185781478882
0
0
0
0
0
0
0
0
0
0
0
0
0
0
0
0
0
0
0
0
0
0
0
0
0
0
0
0
0
1.9283509254455566
1.8785765171051025
1.8682975769042969
1.8418134450912476
1.8316552639007568
1.8585549592971802
1.8550127744674683
1.8924858570098877
1.9142167568206787
0
0
0
0
0
0
0
0
0
0
0
0
0
0
0
0
0
0
0
0
2.8846049308776855
2.842106580734253
2.8167269229888916
2.811192035675049
2.830625295639038
2.8328120708465576
0
0
0
0
0
0
0
0
0
0.8847974538803101
0.8574130535125732
0.8364695906639099
0.8042762875556946
0.7980068922042847
0.7945957183837891
0.7767507433891296
0.7704944610595703
0.7713494896888733
0.7680341005325317
0.7887874841690063
0.7668367028236389
0.7832300066947937
0.7735108137130737
0.7893507480621338
0.7976140975952148
0.7929196953773499
0.8127601742744446
0.8316560983657837
0.8889633417129517
1.8144798278808594
1.8011490106582642
1.822798252105713
1.8646376132965088
1.8909980058670044
2.9717257022857666
0
0
0
0
0
0
0
0
0
0
0
0
0
0
0
0
0
0
0
0
0
2.998502492904663
2.9580860137939453
2.9532339572906494
2.9672720432281494
3.0028460025787354
0
0
0
0
0
0
1.931626558303833
1.877091884613037
1.8259012699127197
1.8415006399154663
1.839045524597168
1.8434293270111084
1.840370774269104
1.8650144338607788
1.907299280166626
0
0
0
3.5
0
0
0
1.2090809345245361
1.1462122201919556
1.1370782852172852
1.1153991222381592
1.11186683177948
1.0931415557861328
1.0982555150985718
1.0955710411071777
1.1037639379501343
1.1056396961212158
1.1120339632034302
1.1302117109298706
1.1295934915542603
1.1515867710113525
0
0
0
0
0
0
0
0
0
2.375056266784668
2.3315842151641846
2.2875938415527344
2.3218421936035156
2.3035385608673096
2.3088793754577637
2.3412764072418213
2.445424795150757
0
0
0
0
0
0
0
0
0
0
0
0
0
0
0
0
0
0
0
0
0
2.680398464202881
2.6230266094207764
2.6028640270233154
2.6163012981414795
2.6403701305389404
1.0670868158340454
1.0177428722381592
1.0008354187011719
0.9893602728843689
0.9785411953926086
0.9802289009094238
0.9573365449905396
0.9523099660873413
0.9441531300544739
0.9454184770584106
0.9523468017578125
0.9616552591323853
0.977705180644989
0.9797335267066956
0.9988710880279541
1.0245170593261719
1.1114140748977661
0
0
0
0
0
0
0
0
0
0
1.3767914772033691
1.3529307842254639
1.3304789066314697
1.3134821653366089
1.292662501335144
1.3113164901733398
1.3238333463668823
1.2962900400161743
1.327825903892517
1.3426810503005981
1.3421865701675415
1.3674002885818481
0
0
0
0
0
0
0
0
0
0
0
0
0
0
0
0
0
0
0
0
0
0
0
0
0
0
2.197657823562622
2.1093878746032715
2.059015989303589
2.0473475456237793
2.0423789024353027
2.0386171340942383
2.0710933208465576
2.0842373371124268
2.1363120079040527
0
0
0
0
0
0
0
0
0
1.5408767461776733
1.4737823009490967
1.4580694437026978
1.4236103296279907
1.4108482599258423
1.4122954607009888
1.4087145328521729
1.4311623573303223
1.4271643161773682
1.416760802268982
1.461124062538147
1.4811439514160156
0
0
0
0
0.5568899512290955
0.5550978779792786
0.5302478075027466
0.5122179985046387
0.5113025903701782
0.5107595920562744
0.5096710920333862
0.5034440755844116
0.5014029741287231
0.48845958709716797
0.5050825476646423
0.49431824684143066
0.4802229404449463
0.49154868721961975
0.47790324687957764
