2.437147617340088
2.43104887008667
2.435075283050537
2.4714858531951904
2.5307321548461914
3.3680951595306396
3.4061355590820312
0
0
0
0
0
0
0
0
0
0
0
0
0
0
0
0
0
0
0
0
0
0
0
3.5
3.310116767883301
3.1331613063812256
2.981346845626831
2.832711935043335
2.720569610595703
2.6038107872009277
2.488243579864502
2.4007391929626465
2.306997299194336
2.2317137718200684
2.12141752243042
2.083160400390625
2.0256714820861816
1.960927963256836
1.8888570070266724
1.8504784107208252
1.8739078044891357
1.8784970045089722
1.9200072288513184
1.9584115743637085
1.9600316286087036
1.9899015426635742
2.0311663150787354
2.0468547344207764
2.0994908809661865
0
0
0
0
0
0
0
0
0
0
0
0
2.659910202026367
2.55901837348938
2.536705493927002
2.5108513832092285
2.5118465423583984
2.5311214923858643
2.561633586883545
0
0
0
0
0
0
0
0
0
0
0
0
0
0
0
0
0
0
0
0
0
0
2.2759063243865967
2.228846311569214
2.200439929962158
2.197993755340576
2.1867775917053223
2.204192638397217
2.2419631481170654
2.286245346069336
0
0
0
0
0
0
0
0
0
0
0
0
0
0
0
0
0
0
0
0
0
0
0
0
0
2.642531156539917
2.6085877418518066
2.585275888442993
2.5787627696990967
2.5949885845184326
2.6168713569641113
0
0
0
0
0
0
0
0
1.8156124353408813
1.7693177461624146
1.7480155229568481
1.704037070274353
1.6934185028076172
1.656410574913025
1.6073088645935059
1.5900605916976929
1.5764517784118652
1.5699957609176636
1.5841655731201172
1.6157329082489014
1.6380548477172852
1.697758436203003
1.4759325981140137
1.4469208717346191
1.4238536357879639
1.3983168601989746
1.3987138271331787
1.3819557428359985
1.3537169694900513
1.3488584756851196
1.335982322692871
1.301991581916809
1.3160403966903687
1.3049556016921997
1.301077127456665
1.2838953733444214
1.2870270013809204
2.219712734222412
2.2246127128601074
2.2121734619140625
2.195871114730835
2.15765380859375
2.1633148193359375
2.1456191539764404
2.1571455001831055
2.144848108291626
3.2121176719665527
3.2130770683288574
3.2025504112243652
0
0
0
0
0
0
0
0
0
0
0
0
0
0
0
0
2.2437984943389893
2.1798810958862305
2.1768436431884766
2.1648128032684326
2.173673391342163
2.182387351989746
2.201622247695923
2.261948823928833
0
0
0
0
0
0
0
0
0.9466637372970581
0.8999210000038147
0.8889890313148499
0.8662245869636536
0.8597330451011658
0.8324398994445801
0.8427649736404419
0.8533197641372681
0.8461694121360779
0.8472097516059875
0.8465663194656372
0.8613926768302917
0.8575707674026489
0.8469486832618713
0.8698248267173767
0.899242639541626
0.9243801832199097
0.9209337830543518
2.6119472980499268
0
0
0
0
0
0
0
0
0
0
0
0
0
0
1.770126461982727
1.740098476409912
1.7187055349349976
1.710376501083374
1.707108497619629
1.725538969039917
1.7100839614868164
1.7257847785949707
1.7762948274612427
0
0
0
0
0
0
0
0
0
0
0
0
0
0
0
0
0
0
0
0
0
0
0
0
0
0
0
0
0
0
0
0
0
0
1.7705966234207153
1.686330795288086
1.6871243715286255
1.633193850517273
1.6421116590499878
1.646119475364685
1.6582322120666504
1.6659916639328003
1.671138882637024
1.7105575799942017
1.7843774557113647
0
0
0
0
0
0
0
0
0
0.6698907613754272
0.6709124445915222
0.6169596314430237
0.6367349624633789
0.6121438145637512
0.6103290915489197
0.5946707129478455
0.6098337769508362
0.6017050743103027
0.5890132188796997
0.5856207013130188
0.6134254336357117
0.5987400412559509
0.5900918245315552
0.5943549871444702
0.6009728312492371
0.5977901816368103
0.6063441038131714
0.6017504930496216
0.5947888493537903
0.6391614079475403
0.6303954124450684
0.6660566926002502
0.6732085347175598
0.7152791619300842
0
0
0
0
0
0
0
0
1.639885663986206
1.5322610139846802
1.5318702459335327
1.5112038850784302
1.4998373985290527
1.469613790512085
1.4699864387512207
1.4718689918518066
1.4848971366882324
1.510254144668579
1.5302634239196777
1.5707621574401855
2.4645204544067383
2.4718947410583496
