2.320641279220581
2.358748435974121
2.3695526123046875
2.4539809226989746
0
0
0
0
0
0
0
0
0
0
0.959443986415863
0.9394974708557129
0.8975377678871155
0.883922278881073
0.8689407110214233
0.8760964870452881
0.8655288815498352
0.849489152431488
0.8714651465415955
0.8576531410217285
0.8624739050865173
0.8852542638778687
0.8546160459518433
0.8680113554000854
0.8984943628311157
0.8992039561271667
0.916026771068573
0.9444835782051086
0
0
0
0
0
0
0
0
0
0
0
0
0
0
0
0
0
0
0
0
0
0
0
0
0
0
0
0
0
0
0
0
0
0
0
0
0
0
0
0
0
0
0
0
0
0
0
0
0
0
0
0
0
0
0
0
0
0
0
0
0
0
0
0
0
0
0
0
0
0
0
0
0
0
0
0
0
0
0
0
0
0
0
0
0
0
0
0
0
0
0
0
0
0
0
0
0
0
0
0
0
0
0
0
0
0
0
0
0
0
0
0
0
0
0
0
0
0
0
0
0
0
0
0
0
0
0
0
0
0
0
0
0
0
0
0
0
0
0
0
0
0
0
0
0
0
0
0
0
0
0
0
0
0
0
0
0
0.9417635798454285
0.9357804656028748
0.8915163278579712
0.8741673231124878
0.8776477575302124
0.8603058457374573
0.8677762746810913
0.8589543104171753
0.8599690794944763
0.8584731221199036
0.8778814077377319
0.8613793849945068
0.8684790134429932
0.8836269378662109
0.8813766837120056
0.9030013084411621
0.920782744884491
0.9312341213226318
0
0
0
3.1400582790374756
3.091418504714966
3.0962882041931152
3.089299440383911
3.1067771911621094
3.2102534770965576
0
0
0
0
0
0
0
0
0
0
0
0
0
0
0
0
0
0
0
0
0
0
0
0
0
0
2.135793924331665
2.0494441986083984
2.0352656841278076
2.013895273208618
2.0017590522766113
2.019779920578003
2.024472951889038
2.0509254932403564
2.1077308654785156
0
0
0
0
0
0
0
0
0
0
0
0
0
0
3.0902178287506104
3.0487451553344727
3.0162315368652344
3.0400381088256836
3.063891887664795
3.0993502140045166
0
0
0
0
0
0
0
0
0
0
0
0
0
0
1.6410927772521973
1.5912011861801147
1.569671630859375
1.5530630350112915
1.5473016500473022
1.5507313013076782
1.568410873413086
1.5512183904647827
1.5553394556045532
1.5903152227401733
1.6231660842895508
0
0
0
0
0
0
0
0
0
0
0
0
0
0
0
0
0
0
0
0
0
0
0
0
0
0
0
0
0
0
0
0
0
0
0
0
0
0
0
0
0
0
0
0
0
0
0
0
0
0
0
0
0
0
0
0
0
0
0
2.405242443084717
2.353135824203491
2.3385863304138184
2.3277194499969482
2.3272764682769775
