0
0
0
0
0
0
0
0
0
0
0
0
0
0
3.2692530155181885
3.225131034851074
3.208655834197998
3.2115654945373535
3.2252731323242188
3.307661533355713
0
0
0
2.875152587890625
2.834568977355957
2.824819803237915
2.8375401496887207
2.862229108810425
2.9003169536590576
0
0
0
0
0
0
0
0
0
0
0
0
0
0
0
0
0
0
0
0
0
0
0
0
0
0
0
0
0
1.440624475479126
1.3696004152297974
1.334525227546692
1.3242079019546509
1.3149305582046509
1.3244693279266357
1.3063827753067017
1.2985156774520874
1.3168607950210571
1.2956417798995972
1.338411569595337
1.393049716949463
1.41227126121521
0
0
0
0
0
0
0
0
0
0
1.6066839694976807
1.5432740449905396
1.5362565517425537
1.5107961893081665
1.5070841312408447
1.510738492012024
1.5014212131500244
1.5243805646896362
1.53964364528656
1.5530363321304321
1.6059168577194214
0
0
0
0
0
0
0
0
0
0
0
0
0
0
0
0
0
0
0
0
0
0
0
0
0
0
0
0
0
0
0
0
0
0
0
0
2.667203426361084
2.6683738231658936
2.638075590133667
2.6438181400299072
2.6599783897399902
2.716179132461548
2.2526016235351562
2.2247867584228516
2.1904985904693604
2.210829257965088
2.2061922550201416
2.244298219680786
2.2501189708709717
2.661546468734741
2.656179904937744
2.6906323432922363
2.768575429916382
0
0
0
2.3256888389587402
2.284961462020874
2.2680580615997314
2.2807352542877197
2.264373540878296
2.286135673522949
2.3381311893463135
0
0
0
0
0
0
0
0
0
0
0
0
0
0
0
0
0
0
0
0
0
0
0
0
0
0
0
0
0
0
0
0
0
0
0
0
0
0
0
0
0
0
0
0
0
0
0
0
0
0
0
0
0
0
0
0
0
0
0
0
0
0
0
0
0
0
0
0
0
0
0
0
0
0
0
0
0
0
0
0
0
0
0
0
0
0
0
0
0
0
0
0
0
0
0
0
0
0
0
0
0
0
0
0
0
0
0
0
0
0
0
0
0
0
0
0
0
0
0
0
0
0
0
0
0
0
0
0
0
0
0
0
0
0
0
0
0
0
0
0
0
0
0
0
0
0
0
0
0
0
0
0
0
0
0
0
0
0
0
0
0
0
0
0
0
0
0
0
0
0
0
0
0
0
0
0
0
0
0
0
0
0
0
0
0
0
0
0
0
0
0
0
0
0
0
0
0
0
0
0
0
0
0
0
0
