0.41559985280036926
0.40766701102256775
0.43499696254730225
0.41963639855384827
0.41740912199020386
0.41659030318260193
0.4173227846622467
0.4236097037792206
0.42379412055015564
0.43384602665901184
0.45686447620391846
0.44132131338119507
0.44458597898483276
0.44923460483551025
0.4695902168750763
0.47755110263824463
0.4980897307395935
0.5117500424385071
0
0
0
0
0
0
3.4544291496276855
3.4223451614379883
3.4140052795410156
3.443122386932373
0
0
0
0
0
0
0
2.343574285507202
2.2906060218811035
2.2713727951049805
2.261669874191284
2.263908863067627
2.276618719100952
2.2895710468292236
2.392033815383911
0
0
0
0
0
0
0
0
0
0
0
0
0
0
0
0
0
0
0
0
0
0
0
0
0
0
0
0
1.7044076919555664
1.616172432899475
1.5954128503799438
1.580072045326233
1.5664868354797363
1.5495128631591797
1.5619676113128662
1.5684938430786133
1.5751206874847412
1.5982162952423096
1.657042384147644
2.8188631534576416
2.798342704772949
2.7935001850128174
2.788015127182007
2.8325884342193604
2.9123504161834717
0
0
0
0
0
0
0
0
0
0
0
0
0
0
0
0
0
0
0
0
0
0
0
0
0
3.196256160736084
3.1478705406188965
3.1382153034210205
3.1426970958709717
3.209892988204956
0
0
2.3669967651367188
2.345158576965332
2.340233087539673
2.3188564777374268
2.341306447982788
2.361931800842285
2.429842710494995
0
0
0
0
0
0
0
0
0
0
0
0
0
0
0
0
0
0
0
0
0
1.4252781867980957
1.3506770133972168
1.3622077703475952
1.3475162982940674
0.4762822091579437
0.45966073870658875
0.42995500564575195
0.4152701497077942
0.39684128761291504
0.41954195499420166
0.3974239230155945
0.38260918855667114
0.3882368505001068
0.37276458740234375
0.37417396903038025
0.36208727955818176
0.3803417384624481
0.3840407133102417
0.3501971364021301
0.37567058205604553
0.36632657051086426
0.3853535056114197
0.3568820059299469
0.38213035464286804
0.37275567650794983
0.36654093861579895
0.37217313051223755
0.3756712079048157
0.3698759078979492
0.380805641412735
0.39337071776390076
0.3885154128074646
0.3973941504955292
0.39490097761154175
0.4219842255115509
0.4156648516654968
0.4217807650566101
0.44915953278541565
0.46027296781539917
0
0
0
0
0
0
0
0
0
0
0
2.862708330154419
2.816908836364746
2.799668312072754
2.812858819961548
2.830928087234497
2.9451944828033447
0
0
0
0
0
0
0
1.8602209091186523
1.8133684396743774
1.771104097366333
1.7638112306594849
1.756259560585022
1.7730441093444824
1.7725701332092285
1.7722946405410767
1.8100073337554932
0
0
0
0
0
0
0
0
0
0
0
0
0
0
0
0
0
0
0
0
2.981412887573242
2.940394878387451
2.910656452178955
1.2962809801101685
1.257752776145935
1.2278237342834473
1.224062442779541
1.201573371887207
1.201913595199585
1.215167760848999
1.2275140285491943
1.2317836284637451
1.218997836112976
1.2051677703857422
1.244135856628418
1.2984001636505127
0
0
2.54783034324646
2.506488561630249
2.4910035133361816
2.4947803020477295
2.497988224029541
2.5104897022247314
2.587070941925049
0
0
0
0
0
0
0
0
0
0
0
0
0
0
0
0
0
2.6177875995635986
2.5624191761016846
2.5319082736968994
2.5112972259521484
2.508540391921997
2.526123046875
2.5644071102142334
0
0
0
0
1.5281975269317627
1.4718995094299316
1.4641470909118652
1.4478665590286255
1.436655044555664
1.4264600276947021
1.4462941884994507
1.4462076425552368
1.44318687915802
1.4510568380355835
1.4943883419036865
1.5634174346923828
0
0
0
0
0
0
0
0
0
0
0
2.112628698348999
2.0428388118743896
2.006528615951538
1.9844125509262085
1.970773696899414
1.9846601486206055
2.0007708072662354
2.0131237506866455
2.066934823989868
0
0
0
0
3.093193531036377
3.0488409996032715
3.012056350708008
3.0225582122802734
3.0243301391601562
3.0897326469421387
0
0
0
0
0
0
0
0
0
0
0
0.5222545862197876
0.4905891418457031
0.4878824055194855
0.4663093686103821
0.45611709356307983
0.4545077979564667
0.441585898399353
0.44174718856811523
0.43184125423431396
0.43156203627586365
0.43830806016921997
0.41888490319252014
0.41798996925354004
0.42501169443130493
