1.7671937942504883
1.7693915367126465
1.7753170728683472
1.7641876935958862
1.7809697389602661
1.7808352708816528
1.7879997491836548
1.7872281074523926
1.782106637954712
1.7785381078720093
0
0
0
0
0
0
0
0
3.1515791416168213
3.0725457668304443
3.069532871246338
3.073911666870117
3.0926403999328613
3.1515188217163086
0
0
0
0
0
0
0
0
1.918143391609192
1.8832156658172607
1.858879804611206
1.8543626070022583
1.8328965902328491
1.8435847759246826
1.8555904626846313
1.9010621309280396
1.9344276189804077
0
0
0
0
0
0
3.3611979484558105
3.3386640548706055
3.3355295658111572
3.3409245014190674
3.4224979877471924
0
0
0
0
0
0
0
0
0
0
0
3.3367269039154053
2.7634923458099365
2.738685369491577
2.699443817138672
2.7164499759674072
2.7295138835906982
1.2257460355758667
1.2012079954147339
1.1773104667663574
1.164178490638733
1.1603074073791504
1.1429057121276855
1.1412361860275269
1.1358394622802734
1.1331888437271118
1.165799856185913
1.162365436553955
1.1812418699264526
1.2034400701522827
1.22859525680542
0
0
0
0
0
0
0
0
0
0
0
0
0
0
0
0
0
0
0
0
2.657132863998413
2.605780839920044
2.578463077545166
2.566579818725586
2.5778040885925293
2.5932650566101074
2.667257308959961
0
0
0
0
0
0
0
0
0
0
0
0
0
0
0
0
1.6616159677505493
1.604157567024231
1.5814244747161865
1.5831817388534546
1.5535995960235596
1.558657169342041
1.5782057046890259
1.5832675695419312
1.5843875408172607
1.6258878707885742
0
0
0
0
0
0
0
0
0
0
0
0
0
0
2.8427658081054688
2.807185649871826
2.770071029663086
2.8055219650268555
2.818697929382324
2.8778090476989746
0
0
0
0
0
0
1.0403388738632202
1.0127955675125122
1.0005837678909302
1.012022852897644
1.0116342306137085
0.9891154766082764
1.0248688459396362
0.9791340827941895
0.9725086092948914
0.9846365451812744
0.973779022693634
0.9914011359214783
0.9788479208946228
0.9806181192398071
0.9860524535179138
0.9743891954421997
0.9810530543327332
0.9874354600906372
0.9682139158248901
0.9713559746742249
0.9824795722961426
0.9779589176177979
0.9857423901557922
2.2018346786499023
2.078007936477661
1.8142741918563843
1.5937169790267944
1.4160646200180054
1.3070032596588135
1.1703298091888428
1.0977981090545654
1.035239338874817
1.002979040145874
1.0340474843978882
1.0226926803588867
1.0601747035980225
1.0377745628356934
1.0509583950042725
1.0409079790115356
1.0568145513534546
1.0795207023620605
1.0693137645721436
1.0793200731277466
1.094620704650879
1.0949292182922363
1.0939878225326538
1.127089262008667
1.130958914756775
1.1314377784729004
1.1435248851776123
1.1605943441390991
2.519912004470825
2.4666404724121094
2.4448397159576416
2.4261724948883057
2.4366350173950195
2.438323497772217
2.5049614906311035
0
0
0
0
0
0
0
0
0
0
0
0
0
3.3213677406311035
3.2833328247070312
3.2576653957366943
3.269209861755371
3.3077502250671387
0
0
0
0
0
1.6806039810180664
1.6427948474884033
1.6226297616958618
1.5855473279953003
1.5898761749267578
1.6008763313293457
1.598928689956665
1.6095200777053833
1.6232874393463135
1.6858971118927002
2.6894257068634033
2.6723780632019043
2.6612117290496826
2.6495096683502197
2.692272901535034
2.766282081604004
0
0
0
0
0
0
0
0
0
0
0
0
0
0
0
0
0
0
0
0
0
2.812403917312622
2.7777156829833984
2.7406883239746094
2.7480227947235107
2.7728519439697266
2.8282670974731445
0
0
1.7059208154678345
1.6596083641052246
1.646331548690796
1.6496962308883667
1.638219952583313
1.6228952407836914
1.6512346267700195
1.6374002695083618
1.6657731533050537
1.7350553274154663
3.049579620361328
3.1249444484710693
0
0
0
0
0
0
0
0
0
0
0
0
2.30515456199646
2.2883970737457275
2.2601232528686523
2.2617135047912598
2.2630279064178467
2.2924914360046387
2.3123960494995117
0
0
0
0
0
0
3.132188558578491
3.077767848968506
3.037391185760498
3.0200140476226807
3.065781354904175
3.100698471069336
0
0
0
0
0
0
0
0
0
0
0
0
0
0
0
0
0
0
0
0
0
0
0
0
0
1.777348279953003
1.764785647392273
1.761707067489624
1.7765671014785767
