0
0
0
0
0
1.4967252016067505
1.4926878213882446
1.4816056489944458
1.4829939603805542
1.4777185916900635
1.4718587398529053
1.4814980030059814
1.475518822669983
1.463624358177185
1.4695738554000854
1.4696682691574097
1.478065848350525
1.4567317962646484
1.4575177431106567
1.472057580947876
1.471140742301941
0
0
0
0
0
3.3892486095428467
3.337069034576416
3.3162739276885986
3.349236488342285
3.394544839859009
0
0
0
0
0
0
0
1.6957135200500488
1.611762285232544
1.6096078157424927
1.5708156824111938
1.5542253255844116
1.556520938873291
1.567067265510559
1.5884698629379272
1.565339207649231
1.598708987236023
1.6493747234344482
0
0
0
0
0
0
0
2.76442813873291
2.707850456237793
2.6926395893096924
2.695753574371338
2.728888750076294
2.7422780990600586
0
0
0
0
0
0
0
0
0
0
0.660933792591095
0.6223393678665161
0.6225861310958862
0.6011064648628235
0.5852932333946228
0.5833307504653931
0.5872054100036621
0.5875532031059265
0.5717307329177856
0.5696040987968445
0.5532698035240173
0.5598137974739075
0.5484380125999451
0.56912761926651
0.5555301308631897
0.5686336755752563
0.5762089490890503
0.5829321146011353
0.5857942700386047
0.5933765172958374
0.5976301431655884
0.6088733077049255
0.6234070062637329
0.6642504334449768
0.641255259513855
3.1230857372283936
0
0
0
0
0
0
0
0
0
0
0
0
0
0
0
0
0
0
0
0
0
0
0
0
0
0
2.1284451484680176
2.059704542160034
2.06697416305542
2.0331339836120605
2.049690008163452
2.027686357498169
2.051987409591675
2.097705125808716
0
0
0
0
0
0
0
0
0
0
0
0
0
0
0
0
0
2.88566255569458
2.8690030574798584
2.8447039127349854
2.8752455711364746
2.8798606395721436
0
0
0
0
0
0
0
0
0
0
0
0
0
0
0
1.7191931009292603
1.644524335861206
1.6137466430664062
1.597036600112915
1.587620735168457
1.6183301210403442
1.6193206310272217
1.6048824787139893
1.6377812623977661
1.6538366079330444
0
2.8186748027801514
2.748924970626831
2.7189152240753174
2.725430488586426
2.742063283920288
2.750901222229004
0
2.0170412063598633
2.0153064727783203
2.0183868408203125
1.9999455213546753
2.0158371925354004
2.0052051544189453
1.9974889755249023
2.0005178451538086
2.009206533432007
2.0005815029144287
2.0023815631866455
1.9988174438476562
0
0
0
0
0
0
0
0
0
0
0
0
0
0
0
0
0
0
0
0
0
0
0
0
0
0
0
0
0
0
0
0
0
0
0
0
0
0
0
0
0
0
0
0
0
0
0
0
0
0
0
0
0
0
0
0
0
0
0
0
0
0
0
0
0
0
0
0
0
0
0
0
0
0
0
0
0
0
0
0
0
0
0
0
0
0
0
0
0
0
0
0
0
0
0
0
0
0
0
0
0
0
0
0
0
0
0
0
0
0
0
0
0
0
0
0
0
0
0
0
0
0
0
0
0
0
0
0
0
0
0
0
0
0
0
0
0
0
0
0
0
0
0
0
0
0
0
0
0
0
0
0
0
0
0
0
0
0
0
0
0
