0
0
0
0
0
0
0
0
0
3.2530910968780518
0
0
0
0
0
2.041416645050049
2.021190881729126
1.9638429880142212
1.9658231735229492
1.9549570083618164
1.9291514158248901
1.962572455406189
1.9929033517837524
2.0236546993255615
0
0
0
0
0
0
0
0
0
0
0
3.413731336593628
3.3066673278808594
3.28688645362854
3.2749228477478027
3.2732884883880615
3.316521167755127
0
0
0
0
0
0
0
0
2.6299800872802734
2.5702147483825684
2.5893468856811523
2.576270818710327
2.5674219131469727
2.595085859298706
2.6695473194122314
0.9767390489578247
0.9661967158317566
0.9789199233055115
0
0
0
0
0
0
0
0
0
0
0
0
0
0
0
0
0
0
0
0
0
0
0
0
0
0
0
0
0
0
0
0
3.16060733795166
0
0
0
0
0
0
0
0
0
0
0
0
0
0
0
0
0
0
0
0
0
0
0
0
0
0
0
0
0
0
0
0
0
0
1.813646912574768
1.7660088539123535
1.717482328414917
1.7114938497543335
1.7075111865997314
1.7058111429214478
1.704746127128601
1.7003207206726074
1.7247650623321533
1.7818551063537598
0
0
0
0
0
0
0
0
0
0
0
0
0
0
0
0
0
0
0
0
0
0
0
0
0
0
3.485553503036499
3.479443073272705
3.467440366744995
3.4235477447509766
3.439600706100464
3.4314231872558594
3.400649070739746
2.076281785964966
1.9989410638809204
1.979006052017212
1.9617104530334473
1.9611139297485352
1.9798331260681152
1.9760487079620361
2.0014429092407227
2.081892728805542
3.327401638031006
3.3515260219573975
3.3086180686950684
3.3317649364471436
3.3322489261627197
3.3441295623779297
3.3453853130340576
3.329904794692993
3.338552236557007
3.35378360748291
3.3625433444976807
3.3668935298919678
3.3930890560150146
3.414402961730957
3.4139301776885986
3.4301443099975586
3.435875654220581
3.460233211517334
3.4854209423065186
3.4880921840667725
0
0
0
0
0
0
0
0
0
0
0
0
0
0
0
0
0
0
0
0
0
0
0
0
0
0
0
0
0
0
0
0
0
0
0
0
1.4478247165679932
1.425745964050293
1.3937588930130005
1.3935874700546265
1.3726613521575928
1.383325457572937
1.3805546760559082
1.394511342048645
1.3925710916519165
1.4095878601074219
1.4470415115356445
0
0
0
0
0
0
0
0
0
3.0770461559295654
3.05283260345459
3.026057720184326
3.046499729156494
3.0801520347595215
0
0
0
0
0
0
0
0
0
0
0
0
0
0
0
0
0
0
0
0
0
0
0
0
0
0
2.182813882827759
2.1943788528442383
0
0
0
0
0
0
0
0
0
0
0
0
0
0
0
0
0
0
0
1.6376513242721558
1.5735900402069092
1.5644259452819824
1.5567599534988403
1.5376746654510498
1.5358192920684814
1.5289020538330078
1.5381299257278442
1.5573521852493286
1.5900545120239258
1.6154453754425049
0
0
0
0
0
0
0
0
0
0
0
0
0
0
0
0
0
0
0
0
0
0
0
0
0
0
0
0
0
0
0
0
0
0
0
0
0
0
0
0
0
0
0
