0
0
0
0
0
0
0
0
0
0
0
0
0
0
0
0
0.941451370716095
0.9047703146934509
0.8835498690605164
0.8380018472671509
0.8496181964874268
0.8350703120231628
0.8547345399856567
0.8335433602333069
0.838488757610321
0.8378691673278809
0.8239610195159912
0.8242817521095276
0.807311475276947
0.8401976823806763
0.8516359329223633
0.8758595585823059
0.8677393794059753
0.8832915425300598
0.9178388118743896
2.3395214080810547
2.324444532394409
2.334104537963867
2.34855055809021
2.3661797046661377
0
0
0
0
0
0
0
0
0
0
0
0
0
0
0
0
0
0
0
0
0
0
0
0
0
0
0
0
0
0
0
0
0
0
0
0
0
0
0
0
0
0
0
2.303861141204834
2.256836175918579
2.257490634918213
2.2498931884765625
2.2457475662231445
2.2653894424438477
2.3008902072906494
0
0
0
3.4969048500061035
3.3196163177490234
3.120283365249634
2.9698293209075928
2.830873727798462
2.7155895233154297
2.613568067550659
2.611332654953003
2.6189792156219482
2.6361300945281982
2.647383689880371
2.6799864768981934
2.71187162399292
2.7365550994873047
2.7736775875091553
2.7940123081207275
2.819645643234253
2.8716018199920654
2.896829128265381
2.946897029876709
2.975639820098877
3.01857852935791
3.06087589263916
3.1099016666412354
0
0
0
0
0
0
0
0
0
0
0
0
0
0
0
0
0
0
0
0
0
1.6538522243499756
1.6031360626220703
1.607909083366394
1.607925295829773
1.6004952192306519
1.5794215202331543
1.5941557884216309
1.6101815700531006
1.6240564584732056
1.679142951965332
0
0
0
0
0
0
0
0
0
0
0
0
0
0
0
0
0
0
0
0
0
0
0
0
0
0
0
0
0
0
0
0
0
0
0
0
3.0763425827026367
3.045016050338745
3.024245023727417
3.0239365100860596
3.085442066192627
0
0
0
0
0
0
0
0
0
0
0
0
0
0
0
0
0
0
3.4755101203918457
3.336972236633301
3.2026150226593018
3.0749948024749756
2.983435869216919
2.8814899921417236
2.8032939434051514
2.7180135250091553
2.636819839477539
2.568631887435913
2.5100247859954834
2.4297409057617188
2.4515442848205566
2.4896764755249023
2.522798776626587
2.5551388263702393
0
0
0
0
0
0
0
0
0
0
0
0
0
0
0
1.6456557512283325
1.5695655345916748
0.6548611521720886
0.6290378570556641
0.6152788400650024
0.6196049451828003
0.5700334906578064
0.5699846744537354
0.5905637741088867
0.5660867691040039
0.567689836025238
0.5436328649520874
0.5607508420944214
0.5427091121673584
0.5557940602302551
0.5595780611038208
0.5670695900917053
0.555509090423584
0.5788148641586304
0.5512374639511108
0.5765948295593262
0.5885265469551086
0.5896568298339844
0.6185405254364014
0.606647253036499
0.6219266653060913
0.6555894613265991
0
0
0
0
0
3.0394105911254883
2.9935719966888428
2.976881504058838
3.003782033920288
3.0386905670166016
3.1516366004943848
0
0
0
0
0
0
0
0
0
0
0
0
0
0
0
0
0
0
0
0
0
0
0
0
0
0
3.4830214977264404
3.4705464839935303
2.8368327617645264
2.782580614089966
2.7684967517852783
2.7608985900878906
2.7886691093444824
2.8105156421661377
2.9124176502227783
0
0
0
0
0
0
0
0
0
0
0
2.6208789348602295
2.532158136367798
2.437635660171509
2.3567676544189453
2.2748007774353027
2.2033915519714355
2.1363584995269775
2.08325457572937
2.004486322402954
1.9492099285125732
1.9024088382720947
1.8647041320800781
1.8503615856170654
1.8795019388198853
1.8774771690368652
1.9137787818908691
1.9461369514465332
1.9703986644744873
2.0096654891967773
2.0565335750579834
2.0902631282806396
2.1119797229766846
2.1397669315338135
2.1707613468170166
2.237879514694214
2.2742512226104736
2.31665301322937
2.3499755859375
2.4100358486175537
2.493833065032959
2.538076877593994
0
0
0
0
0
0
0
