0
0
0
0
0
0
0
0
0
0
0
0
0
0
0
0
0
0
3.213247776031494
3.2362823486328125
3.236783742904663
3.2528796195983887
3.2911572456359863
3.331820011138916
3.3478262424468994
2.3962292671203613
2.3779685497283936
2.4149367809295654
2.4544341564178467
2.456914186477661
2.500166654586792
2.5291144847869873
2.5382769107818604
0
0
0
1.8996442556381226
1.9159542322158813
1.9468165636062622
1.9697299003601074
2.0081162452697754
2.023682117462158
2.0594482421875
2.0997109413146973
2.1234242916107178
2.119774103164673
2.0763115882873535
2.0266528129577637
2.017078399658203
1.9935507774353027
1.9542186260223389
1.9117298126220703
1.8950129747390747
1.87649405002594
1.8470683097839355
1.7955594062805176
1.7939682006835938
1.77852463722229
1.7644317150115967
1.7611757516860962
1.2691090106964111
1.31535804271698
1.3389577865600586
1.4114021062850952
1.4427721500396729
1.5096255540847778
1.565765142440796
1.607103943824768
0
0
0
0
0
0
0
0
0
0
0
0
0
0
0
0
0
0
0
0
0
0
0
0
0
0
0
0
0
0
0
0
0
0
0
0
0
0
0
0
0
0
0
0
0
0
0
0
0
0
0
0
0
0
0
0
0
0
0
0
0
0
0
0
0
0
0
0
0
0
0
0
0
0
0
0
0
0
0
0
0
0
0
0
0
0
0
0
0
0
0
0
0
0
0
0
0
0
0
0
0
0
0
0
0
0
0
0
0
0
0
0
0
0
0
0
0
0
0
0
0
0
0
0
0
0
0
0
0
0
0
0
0
0
0
0
0
0
0
0
0
0
0
0
0
0
0
0
0
0
0
0
0
0
0
0
0
0
0
0
0
0
0
0
0
0
0
0
0
0
0
0
0
0
0
0
0
0
0
0
0
0
0
0
0
0
0
0
0
0
0
0
0
0
0
0
0
0
0
0
0
0
0
0
0
0
0
0
0
0
3.006821632385254
2.9862377643585205
2.968291759490967
2.9658854007720947
2.990182876586914
3.096139669418335
3.487853765487671
3.4641950130462646
3.5
0
0
0
0
0
0
0
0
1.5853900909423828
1.5266163349151611
1.5177146196365356
1.5061181783676147
1.4995055198669434
1.5127668380737305
1.5097218751907349
1.4990376234054565
1.5227075815200806
1.5274590253829956
1.1828681230545044
1.1244531869888306
1.136860966682434
1.126978874206543
1.094546914100647
1.077806830406189
1.0969555377960205
1.1037784814834595
1.0758616924285889
1.1103116273880005
1.0933198928833008
1.1284505128860474
1.1370244026184082
1.1393320560455322
1.1871167421340942
0
0
0
0
0
0
0
0
3.3111395835876465
3.2765567302703857
3.2568471431732178
3.272806406021118
3.3127355575561523
0
0
2.983253002166748
2.9391636848449707
2.9175662994384766
2.919985771179199
2.9021823406219482
2.9591116905212402
0
0
3.425168991088867
3.339792013168335
3.3098487854003906
3.2966115474700928
3.330866575241089
3.371795892715454
0
0
0
0
0
0
0
0
0
0
0
