0.2748309373855591
0.27352750301361084
0.2800615131855011
0.2962977886199951
0.26455849409103394
0.2827800512313843
0.2908247709274292
0.2853582203388214
0.28879913687705994
0.2988260090351105
0.31240764260292053
0.30053284764289856
0.329679399728775
0.332293838262558
0.3583225607872009
3.4581310749053955
3.4586541652679443
3.4127233028411865
3.449211359024048
0
0
2.275731325149536
2.2457737922668457
2.237442970275879
2.2230496406555176
2.22231388092041
2.2487642765045166
2.2931976318359375
2.372653007507324
0
0
0
0
0
0
0
2.800564765930176
2.8654370307922363
2.9100475311279297
2.9357964992523193
2.977872848510742
3.0196361541748047
3.0646843910217285
2.9973740577697754
2.9607419967651367
2.915233612060547
2.8762433528900146
2.833030939102173
2.788102865219116
2.7493035793304443
2.698244333267212
2.1877355575561523
2.2344424724578857
2.305225372314453
2.368408679962158
2.074564218521118
2.0832912921905518
2.139923334121704
2.2455523014068604
2.3066697120666504
2.3845183849334717
2.401224374771118
2.3721611499786377
2.342257499694824
2.3553123474121094
2.3219411373138428
2.2998833656311035
2.287879467010498
1.1332756280899048
1.0962449312210083
1.0794199705123901
1.0569236278533936
1.0752829313278198
1.0645055770874023
1.0334008932113647
1.044010877609253
1.0217088460922241
1.0600441694259644
1.0501669645309448
1.0551280975341797
1.0747660398483276
1.087106466293335
1.1254158020019531
0
0
0
0
0
0
0
0
0
0
0
0
0
0
0
0
0
0
0
0
0
0
0
0
0
0
0
0
0
0
0
0
0
0
0
0
0
0
0
0
0
1.5246822834014893
1.4793474674224854
1.4679700136184692
1.4552795886993408
1.437723159790039
1.4485465288162231
1.4425877332687378
1.4611093997955322
1.4808895587921143
1.4725348949432373
1.5285500288009644
0
0
0
0
0
0
0
0
0
0
0
0
0
0
0
0
0
0
0
0
0
0
0
0
1.0521564483642578
1.0215654373168945
0.9888245463371277
0.9877533316612244
0.9777187705039978
0.9675729274749756
0.9578152894973755
0.9724897146224976
0.9505762457847595
0.9627225399017334
0.9793515801429749
0.9670397043228149
0.983483076095581
1.020768642425537
1.0329769849777222
1.0783213376998901
0
0
0
0
0
0
0
0
0
0
0
0
0
0
0
0
0
0
3.0113329887390137
2.848426342010498
2.7009310722351074
3.0910444259643555
3.1118054389953613
3.1468207836151123
3.134256601333618
3.183743953704834
3.2133612632751465
3.2390899658203125
3.272324562072754
3.2958004474639893
3.3227908611297607
3.348703622817993
3.409430742263794
1.3997999429702759
1.3480314016342163
1.3253895044326782
1.3099347352981567
1.3007092475891113
1.271177887916565
1.3134273290634155
1.300615906715393
1.3034553527832031
1.3036184310913086
1.3510260581970215
1.3688760995864868
0
0
0
0
0
0
0
0
0
0
0
2.097290277481079
2.0382258892059326
2.0287976264953613
1.9977866411209106
2.001417636871338
2.0103018283843994
2.0350325107574463
2.066824197769165
0
0
0
0
0
0
3.0681803226470947
3.0383706092834473
3.0309295654296875
3.023473024368286
3.0510611534118652
3.1404917240142822
0
0
0
0
0
0
0
0
0
0
0
0
0
0
0
0
0
0
0
2.8370871543884277
1.88246488571167
1.8120399713516235
1.7954963445663452
1.787592887878418
1.7837101221084595
1.7658331394195557
0.9671136140823364
0.9477960467338562
0.9135873317718506
0.9137681722640991
0.8885504007339478
0.8984301686286926
0.905687689781189
0.8715909719467163
0.8701255917549133
0.8770880103111267
0.8711546659469604
0.8876417279243469
0.8906735777854919
0.8933666348457336
0.9284502863883972
0.9403102993965149
0.9537368416786194
0
0
0
2.281996011734009
2.1993606090545654
2.1470389366149902
2.070880889892578
2.043642044067383
1.9872112274169922
2.0111353397369385
2.0425236225128174
2.065887451171875
1.8880603313446045
1.8427913188934326
1.7984899282455444
1.760528564453125
1.756823182106018
1.7053030729293823
1.6601486206054688
1.6557326316833496
1.6270872354507446
2.2676987648010254
2.3200924396514893
2.3715522289276123
2.4047114849090576
2.480372190475464
2.5213351249694824
2.5898711681365967
2.553820848464966
2.5084195137023926
2.4852213859558105
2.4738388061523438
2.438563585281372
2.4033899307250977
2.419440984725952
2.538456678390503
0.3479899764060974
0.3466636538505554
0.3332493007183075
0.3070579469203949
0.3069862425327301
0.30409547686576843
0.2974908649921417
0.2861872613430023
0.2736717462539673
0.283603698015213
0.25900959968566895
0.2984817922115326
0.2743685841560364
0.280151903629303
0.28383558988571167
0.27942782640457153
0.2618526220321655
0.2755286693572998
0.2768392264842987
0.25281405448913574
0.2693377733230591
0.25465089082717896
0.26974719762802124
0.2852436602115631
0.2602514624595642
0.2719390094280243
0.2642093300819397
0.2744346261024475
0.25581395626068115
0.2732739746570587
