0
0
0
0
0
0
0
0
0
0
0
0
0
0
0
0
0
0
1.8364603519439697
1.794838547706604
1.775002121925354
1.7537895441055298
1.7615832090377808
1.759454607963562
1.7622946500778198
1.7778857946395874
1.81008780002594
1.8649442195892334
0
0
0
0
2.2597005367279053
2.203979253768921
2.1834449768066406
2.1681666374206543
2.1749002933502197
2.190089464187622
2.198206663131714
2.2516467571258545
0
0
0
0
0
0
0
0
0
0
0
0
0
0
0
0
0
0
0
3.4870216846466064
3.4703891277313232
3.4632089138031006
0
0
0
0
0
0
0
0
0
0
0
0
0
0
0
0
0
0
0
0
1.906014084815979
1.8351719379425049
1.7924814224243164
1.7942968606948853
1.7869073152542114
1.8124803304672241
1.3725507259368896
1.3615303039550781
1.3270546197891235
1.3264080286026
1.3015196323394775
1.3033597469329834
1.307798981666565
1.3280866146087646
1.3215306997299194
1.3276400566101074
1.3539437055587769
1.3926321268081665
0
1.859211802482605
1.8359543085098267
1.8059359788894653
1.819151520729065
1.8110191822052002
1.8119378089904785
1.8131763935089111
1.8300470113754272
1.8899680376052856
0
0
0
0
0
0
0
0
0
0
0
0
0
0
0
0
0
0
0
0
0
0
0
0
0
0
0
0
0
0
0
0
0
0
0
0
0
0
0
0
0
0
0
0
0
0
0
0
0.692538321018219
0.6613239645957947
0.6289676427841187
0.6237647533416748
0.5847707986831665
0.5999769568443298
0.602867066860199
0.5790320634841919
0.5679265856742859
0.590691864490509
0.587710976600647
0.5749776363372803
0.5891354084014893
0.5722087025642395
0.5671979784965515
0.5805090069770813
0.591860830783844
0.5800175666809082
0.5703135132789612
0.6134578585624695
0.5901866555213928
0.6326019167900085
0.6354090571403503
0.6603225469589233
0.6805140376091003
1.188904047012329
1.1872459650039673
1.1997426748275757
1.2071465253829956
1.24250328540802
1.268302083015442
0
0
0
0
0
0
0
0
0
0.8659162521362305
0.846063494682312
0.8191077709197998
0.8421515226364136
0.7983935475349426
0.8012071251869202
0.7780875563621521
0.7801139950752258
0.8093427419662476
0.7867898344993591
0.7932628989219666
0.7961069941520691
0.7798856496810913
0.8026201128959656
0.8154086470603943
0.8339196443557739
0.8365030288696289
0.8628420233726501
0.9116023778915405
0
0
0
0
0
0
0
0
0
0
0
0
0
0
0
0
0
0
0
0
0
0
0
0
0
0
0
0
0
0
0
0
0
2.2189998626708984
2.171487808227539
2.178236961364746
2.1622180938720703
2.154143810272217
2.1972007751464844
2.2011752128601074
0
0
0
0
2.4994957447052
2.4750349521636963
1.9447821378707886
1.9206441640853882
1.8964027166366577
1.901191234588623
1.8965610265731812
1.9079134464263916
1.9099647998809814
1.9455400705337524
2.017768144607544
0
2.432321548461914
2.3380370140075684
2.338571786880493
2.315696954727173
2.293076515197754
2.29314923286438
2.348860263824463
2.3893425464630127
0
0
0
0
0
0
0
0
0
0
0
0
0
0
0
3.1358001232147217
3.071608066558838
3.019998788833618
2.9746201038360596
2.923612117767334
2.8797991275787354
2.8183722496032715
2.7888100147247314
2.7475826740264893
2.6954970359802246
2.6744906902313232
2.632171630859375
2.61007022857666
2.6048147678375244
2.6747117042541504
2.766223907470703
2.8254318237304688
2.902998924255371
0
0
0
0
0
0
0
0
0
2.457880973815918
2.4083125591278076
2.3482565879821777
2.3386528491973877
2.338054656982422
2.353060007095337
2.3678171634674072
2.4106693267822266
0
0
0
0
1.950339913368225
1.8968788385391235
1.8913674354553223
1.868095874786377
1.8769290447235107
1.8944721221923828
1.8720955848693848
1.9065653085708618
1.9608240127563477
0
0
0
0
0
0
0
0
0
0
0
0
0
0
0
0
