0.7675772309303284
0.782249927520752
0.7606801390647888
0.7665911912918091
0.784964382648468
0.7831226587295532
0.7821487188339233
0.7927902340888977
0.7770715355873108
0.7873935103416443
0.7846057415008545
0.7983005046844482
0.8025831580162048
0.8007063269615173
0.8011755347251892
0.794649064540863
0.7902977466583252
0.7924847602844238
0.8209971189498901
0.8153460025787354
0.8231106996536255
0.8568639159202576
0.8400565385818481
0.8516558408737183
0.85096675157547
0.8696480989456177
0.8626927137374878
0.8942943215370178
0.8816556334495544
0.8988999128341675
0.9043364524841309
0.9210184812545776
0.9209604263305664
0.9452723860740662
0.9531709551811218
0.9513357281684875
0.9542951583862305
0.9889897704124451
0.9902758598327637
1.0317319631576538
1.0101203918457031
1.004164457321167
0.988839864730835
0.9639958739280701
0.9528530240058899
0.9167014956474304
0.9132096171379089
0.9086709022521973
0.8894858360290527
0.8665651082992554
0.8512576818466187
0.8468485474586487
0.8248476386070251
0.8299025297164917
0.8219317197799683
0.8029510974884033
0.798836350440979
0.7755109667778015
0.7855091094970703
0.7598151564598083
0.793898344039917
0.8597747087478638
0.8539522290229797
0.8511810898780823
0.8566614985466003
0.8428205847740173
0.8277801275253296
0.8112366199493408
1.7926945686340332
1.7696387767791748
1.75998055934906
1.7457448244094849
1.75416100025177
1.744928002357483
1.7168662548065186
1.698824167251587
1.695359230041504
1.713953971862793
1.705253005027771
0
0
0
0
0
0
0
0
0
0
0
0
0
0
0
0
0
3.2249114513397217
3.1849870681762695
2.238696813583374
2.1877596378326416
2.180116653442383
2.146435499191284
2.182663679122925
2.16412353515625
2.1955344676971436
2.265227794647217
0
1.2861064672470093
1.2390117645263672
1.2214545011520386
1.2197076082229614
1.2038509845733643
1.2191883325576782
1.191097378730774
1.1990606784820557
1.2138245105743408
1.2138925790786743
1.2553391456604004
1.2480944395065308
1.291481852531433
0
0
0
0
3.478505849838257
3.4695489406585693
3.4752721786499023
0
0
0
0
0
0
0
0
0
0
0
0
0
0
0
0
0
0
0
0
0
0
2.349086284637451
2.293804168701172
2.2670464515686035
2.286738634109497
2.2965786457061768
2.3053691387176514
2.3570938110351562
0
0
0
0
0
0
0
0
0
0
0
0
0
0
0
0
0
0.3756802976131439
0.35755619406700134
0.34944218397140503
0.33663639426231384
0.33236178755760193
0.31330451369285583
0.3133280575275421
0.3018553853034973
0.3067769706249237
0.2892407178878784
0.3086588680744171
0.3022393584251404
0.2634735405445099
0.283691942691803
0.2834532558917999
0.2879537343978882
0.3017335534095764
0.27104809880256653
0.2991292476654053
0.2844026982784271
0.2902740240097046
0.2875814437866211
0.280434787273407
0.2805670499801636
0.3029017448425293
0.2791843116283417
0.27540016174316406
0.2808012068271637
0.30192580819129944
0.29565754532814026
0.29138073325157166
0.2925337553024292
0.2869310677051544
0.2989266514778137
0.2971181571483612
0.2759454548358917
0.30620360374450684
0.3189547657966614
0.320557564496994
0.3511470854282379
0.3483756184577942
0.36796998977661133
2.7345681190490723
2.650101900100708
2.6282358169555664
2.620238780975342
2.6217567920684814
2.650355100631714
2.7157578468322754
0
0
0
0
0
0
0
0
0
0
0
0
0
0
0.9969011545181274
0.9793368577957153
0.9535989165306091
0.949550986289978
0.919625997543335
0.898257851600647
0.9002012610435486
0.889633059501648
0.9173986911773682
0.9205630421638489
0.8811925053596497
0.8940544128417969
0.9102388620376587
0.9091331362724304
0.9256963729858398
0.9330490231513977
0.9818746447563171
0.986508846282959
1.4933604001998901
1.4894288778305054
1.4991190433502197
1.506516695022583
1.5116004943847656
1.5211434364318848
1.5617934465408325
2.9939279556274414
2.9763669967651367
2.997797966003418
3.053840160369873
0
0
0
0
0
0
0
0
0
0
0
0
0
0
0
0
0
0
0
0
0
3.1809515953063965
3.1172189712524414
1.7571181058883667
1.6782033443450928
1.6654884815216064
1.6603459119796753
1.6362043619155884
1.638371467590332
1.6359766721725464
1.6268231868743896
1.685228705406189
1.6929670572280884
1.722813606262207
0.9142336249351501
0.8756299018859863
0.8563238382339478
0.8202013373374939
0.7873730659484863
0.7731999754905701
0.7660745978355408
0.7352052927017212
0.7314969301223755
0.709286630153656
0.6926134824752808
0.6748390793800354
0.6494868397712708
0.6539430022239685
0.6415808796882629
0.6364110708236694
0.6044316291809082
0.5943627953529358
0.6119822263717651
0.5834311842918396
0.6039044260978699
0.6201845407485962
0.6396498680114746
0.6595178246498108
0.6478104591369629
0.6730675101280212
0.679362416267395
0.6977351903915405
0.4398491680622101
0.44734081625938416
0.435493141412735
0.44604235887527466
0.46352463960647583
0.47844967246055603
0.5021761655807495
0.5325338244438171
0.5401519536972046
0.5630578398704529
0.5850224494934082
0.6073974370956421
0.6418127417564392
0.6774637699127197
0.7211961150169373
0.7645461559295654
0.8001764416694641
0.7922481894493103
0.78739994764328
0.7777559757232666
0.7788694500923157
0.7836750149726868
0.7873899936676025
0.7740851640701294
0.7769788503646851
0.7899593710899353
0.7869085669517517
0.7927337288856506
0.782554030418396
0.7740467190742493
0.7774049639701843
0.768413782119751
0.7685791850090027
