0
0
0
0
0
0
0
0
0
0
0
0
0
0
0
0
0
0
3.268226146697998
3.1657848358154297
3.135223865509033
3.1479549407958984
3.1429781913757324
3.181713819503784
0
0
0
0
0
0
0
0
0
0
0
3.429511070251465
3.353487730026245
3.281416893005371
3.2306430339813232
3.1742236614227295
3.1081886291503906
3.054323434829712
2.9959325790405273
2.915173053741455
2.846048355102539
2.816303014755249
2.7801826000213623
2.7401671409606934
2.713606119155884
2.6579627990722656
2.6262640953063965
2.5974273681640625
2.5947883129119873
2.537686586380005
2.521219253540039
2.4842100143432617
2.438021421432495
2.4559526443481445
2.4133429527282715
2.3922202587127686
1.3890976905822754
1.3404977321624756
1.3104356527328491
1.319629430770874
1.3101236820220947
1.3148373365402222
1.292299747467041
1.3066165447235107
1.3188499212265015
1.2998652458190918
1.3313220739364624
1.3691718578338623
1.4152017831802368
2.190483808517456
1.8085551261901855
1.7573206424713135
1.7436567544937134
1.7229710817337036
1.6977747678756714
1.7049710750579834
1.7115720510482788
1.7187601327896118
1.7307969331741333
1.765510082244873
2.12172269821167
2.108661651611328
2.118483543395996
2.1016783714294434
2.1106247901916504
2.107609748840332
2.104726791381836
2.1149466037750244
2.1390092372894287
2.143552303314209
2.136836051940918
2.14188814163208
2.1373894214630127
2.138929843902588
2.1641085147857666
2.1523518562316895
2.163797378540039
2.193394184112549
2.1847169399261475
2.1985249519348145
2.206329584121704
2.2208805084228516
2.2426207065582275
2.253349542617798
2.2857017517089844
2.2848758697509766
2.301316261291504
0
0
0
0
0
0
0
0
0
0
0
0
0
0
0
0
0
0
0
0
0
0
0
0
0
0
0
0.854210615158081
0.8185907602310181
0.7774252891540527
0.7723661065101624
0.7635930776596069
0.7436009645462036
0.7588209509849548
0.7605193257331848
0.7454897165298462
0.7583550810813904
0.7453247308731079
0.739277720451355
0.7667171359062195
0.7501041293144226
0.7419261336326599
0.7704963088035583
0.7626069188117981
0.7884529232978821
0.7913293838500977
0.8219833970069885
0
0
0
0
0
0
0
0
0
0
0
0
0
0
0
0
0
0
0
0.7590343952178955
0.7020523548126221
0.6770411729812622
0.659242570400238
0.660408616065979
0.635027289390564
0.6371791958808899
0.6171648502349854
0.6407119631767273
0.613478422164917
0.6090212464332581
0.6261686682701111
0.6167572736740112
0.6131124496459961
0.6336818337440491
0.6122238636016846
0.6167948246002197
0.6285861134529114
0.6342611312866211
0.6618731021881104
0.647686243057251
0.6867901682853699
0.6957948803901672
0.712462842464447
0
0
0
0
0
0
0
0
0
0
0
0
0
0
0.9681612849235535
0.9429267048835754
0.9351403117179871
0.9397024512290955
0.9032590389251709
0.8961904644966125
0.9031749367713928
0.9177663922309875
0.9208059310913086
0.9071698188781738
0.8945143818855286
0.8921906352043152
0.9149949550628662
0.9106101393699646
0.9202418327331543
0.9833208322525024
1.010172963142395
0
0
0
0
0
0
0
0
0
0
0
0
0
0
2.7356343269348145
2.716413736343384
2.707200527191162
2.6870949268341064
2.7316596508026123
2.782979726791382
0
0
0
0
0
0
0
0
0
0
0
0
0
0
0
0
0
2.635246992111206
2.600757598876953
2.5712125301361084
2.589409589767456
2.6333961486816406
2.6534035205841064
0
0
0
0
0
0
0
0
0
0
0
0
0
0
0
0
0
0
0
0
0
0
0
0
0
0
0
0
3.2759509086608887
3.206923484802246
3.1539671421051025
3.1688687801361084
3.189333200454712
3.2260940074920654
0
0
0
0
0
0
0
0
0
0
2.333486557006836
2.2814080715179443
2.2439403533935547
2.2654874324798584
2.242673635482788
2.2693629264831543
2.303799867630005
2.3682498931884766
2.8237979412078857
2.889887571334839
0
0
2.5424857139587402
2.494962692260742
2.4762961864471436
2.4557576179504395
2.4699034690856934
2.495292901992798
2.550961494445801
0
0
0
0
0
0
0
0
0
0
0
0
0
0
0
0
0
0
0
0
0
0
