0
0
0
0
0
0
2.692411184310913
2.67034912109375
2.6042962074279785
2.6106185913085938
2.6050865650177
2.63566255569458
2.683607578277588
0
0
0
0
0
0
0
0
0
0
0
0
0
0
0
0
0
0
0
0
0
0
0
0
0.6997244358062744
0.6431896686553955
0.6316576600074768
0.6060754060745239
0.6105872392654419
0.601155698299408
0.5978559255599976
0.5866068601608276
0.5818518400192261
0.563899040222168
0.5741667151451111
0.5762776136398315
0.5512019395828247
0.5720971822738647
0.5678120255470276
0.5844953656196594
0.5825772881507874
0.6011025905609131
0.6045524477958679
0.5814889073371887
0.5899573564529419
0.6213347911834717
0.6114558577537537
0.658723771572113
0.6598143577575684
0.7298272848129272
0
0
0
0
0
0
0
0
0
0
0
0
0
0
0
0
0
0
0
0
2.4619483947753906
2.44294810295105
2.401358127593994
2.4249610900878906
2.415051221847534
2.4424848556518555
2.516648292541504
0
0
0
0
0
0
0
0
0
0
0
0
0
0
0
0
0
0
0
0
0
0
0
0
0
0
0
0
0
0
0
0
0
0
0
0
0
0
3.3921844959259033
3.3700735569000244
3.3480336666107178
3.38240385055542
1.8804577589035034
1.8182411193847656
1.7984412908554077
1.788650631904602
1.7695058584213257
1.7682253122329712
1.7832111120224
1.8023699522018433
1.8252214193344116
0
0
0
0
0
0
0
0
0
0
0
0
0
0
0
0
0
0
0
0
0
0
0
0
0
0
0
0
0
0
0
0
0
0
0
0
0
0
0
0
0
0
0
0
0
0
0
0
0
0
0
0
0
0
0
0
0
0
0
0
0
0
0
0
0
0
0
0
0
0
0
0
0
0
0
0
0
0
0
0
0
0
0
0
0
0
0
0
0
0
0
0
0
0
0
0
0
0
0
0
0
0
0
0
0
0
0
0
0
0
0
0
0
0
0
0
0
0
0
0
0
0
0
0
0
0
0
0
0
0
0
0
0
0
0
0
0
0
0
0
0
0
0
0
0
0
0
0
0
0
0
0
0
0
0
0
0
0
0
0
0
0
0
0
0
0
0
0
0
0
0
0
0
0
0
0
0
0
0
0
0
0
0
0
0
0
0
0
0
0
0
0
0
0
0
0
0
0
0
0
0
0
0
0
0
0
0
0
0
0
0
0
0
0
0
0
0
0
0
