1.3456780910491943
1.3729287385940552
1.4182493686676025
0
0
1.025491714477539
0.9774900674819946
0.9609243273735046
0.944614827632904
0.9325162172317505
0.9283631443977356
0.9227612018585205
0.9140370488166809
0.903531014919281
0.9108704328536987
0.918487012386322
0.9097955226898193
0.9278837442398071
0.9452815651893616
0.9488332867622375
0.9625545740127563
0.9863117337226868
0
0
0
0
0
0
0
0
0
0
0
0
0
0
0
0
0
0
0
0
0
0
0
0
0
0
0
0
3.1793086528778076
3.106210231781006
3.0929172039031982
3.0595078468322754
3.1047937870025635
3.146716594696045
0
0
0
0
3.00988507270813
2.955277681350708
2.9424142837524414
2.9115138053894043
2.9350638389587402
2.9909346103668213
3.446092367172241
3.415651798248291
3.3877205848693848
3.415686845779419
3.4899308681488037
0
0
0
0
0
0
0
0
0
0
0
0
0
0
0
0
0
0
0
0
0
0
0
0
0
0
0
0
3.45755934715271
3.4536545276641846
3.4291000366210938
3.466977119445801
0
0
0
0
0
0
0
0
0
0
0
0
0
1.710426926612854
1.6504923105239868
1.6355329751968384
1.6170011758804321
1.5946050882339478
1.5875664949417114
1.596518635749817
1.6095163822174072
1.6245479583740234
1.6485949754714966
1.1717071533203125
1.1350222826004028
1.125592589378357
1.0916683673858643
1.079480528831482
1.0961869955062866
1.0685747861862183
1.0832377672195435
1.0803719758987427
1.0916839838027954
1.0837070941925049
1.0871340036392212
1.1163452863693237
1.1571558713912964
1.208366870880127
0
0
0
0
0
0
0
0
0
0.8378381729125977
0.7897412180900574
0.7901607751846313
0.768536388874054
0.7547903060913086
0.7543479800224304
0.734031617641449
0.7312389612197876
0.721704363822937
0.7230721712112427
0.7266141772270203
0.7547121047973633
0.7311131954193115
0.7509516477584839
0.7597724795341492
0.7370649576187134
0.7573776841163635
0.7555205225944519
0.7848331928253174
0.8067553639411926
0
0
0
0
0
0
0
0
0
0
0
0
0
0
0
0
0
0
0
0
0
0.9653804302215576
0.9386529326438904
0.902644157409668
0.876509428024292
0.8766833543777466
0.8602684140205383
0.8556126952171326
0.8587571382522583
0.856513261795044
0.876619279384613
0.8658283352851868
0.8456172943115234
0.8534561395645142
0.890608549118042
0.8984836339950562
0.8987751007080078
0.9153710603713989
0.9602696895599365
0
0
0
0
0
0
0
0
0
1.2866511344909668
1.2461708784103394
1.2595573663711548
1.2276368141174316
1.217082142829895
1.2282509803771973
1.2272073030471802
1.2157807350158691
1.2185087203979492
1.2323464155197144
1.2686450481414795
1.2703479528427124
1.31309175491333
0
0
0
0
1.6782323122024536
1.647329330444336
1.6201120615005493
1.6106683015823364
1.6050711870193481
1.609178066253662
1.6218881607055664
1.622249722480774
1.6596591472625732
1.703977108001709
0
0
0
0
0
0
0
0
0
0
0
0
0
0
0
0
0
0
0
0
0
0
0
0
0
0
0
0
0
0
0
0
0
0
0
0
0
0
0
0
0
0
0
0
0
0
0
0
0
0
0
0
0
0
0
0
0
0
0
0
0
0
0
0
0
3.39982008934021
3.383277177810669
3.3637826442718506
3.3858096599578857
3.444636583328247
0
0
0
0
0
0
0
0
0
0
0
1.2179291248321533
1.1707578897476196
1.152294635772705
1.14011549949646
1.124096155166626
1.126652717590332
1.116901159286499
1.1150034666061401
0.7200402021408081
0.6854202747344971
0.6475842595100403
0.6421903371810913
0.6407368183135986
0.635564923286438
0.6319357752799988
0.6330105662345886
0.607123613357544
0.6194185614585876
0.6156952977180481
0.6062192320823669
0.6349077820777893
0.5917181372642517
0.6182484030723572
0.6303586363792419
0.6054076552391052
0.6188570857048035
0.6213077902793884
0.633419394493103
0.6568296551704407
0.6506280303001404
0.6756501197814941
0.6970127820968628
1.3342024087905884
1.354854941368103
