1.410815954208374
1.3799843788146973
1.3259062767028809
1.3387190103530884
1.3183845281600952
1.3141367435455322
1.2924153804779053
1.3224306106567383
1.311025857925415
1.3430960178375244
1.3774853944778442
1.364704966545105
1.429362177848816
0
0
0
0
0
0
0
2.7336530685424805
2.725876808166504
2.7147233486175537
2.711904764175415
2.715163230895996
2.765012741088867
0
0
0
0
0
0
0
0
0
0
0
0
0
0
0
0
0
0
0
0
0
0
0
0
0
3.464477062225342
3.4397406578063965
3.4530375003814697
2.478034496307373
2.4106810092926025
2.3722305297851562
2.380256414413452
2.373108386993408
2.3821897506713867
2.4139907360076904
2.481905698776245
0
1.498716115951538
1.4512816667556763
1.3937394618988037
1.4014278650283813
1.3884034156799316
1.3781499862670898
1.3835073709487915
1.371841311454773
1.3757840394973755
1.4070911407470703
1.4308513402938843
1.4435749053955078
0
0
0
0
0
0
0
0
2.931396007537842
2.86397647857666
2.854726552963257
2.8535101413726807
2.884188652038574
2.9262759685516357
0
0
0
0
0
0
0
2.2865524291992188
2.246436595916748
2.2164878845214844
2.2143642902374268
2.2171289920806885
2.241482973098755
2.258524179458618
0
0
0
0
0
0
3.452472686767578
3.4069082736968994
3.4287540912628174
3.4536478519439697
0
0
0
0
0
0
0
0
0
0.6007847785949707
0.5781927704811096
0.5545015931129456
0.5483790040016174
0.5207478404045105
0.5410209894180298
0.5019322633743286
0.5191776752471924
0.5039632320404053
0.5094799399375916
0.5050299167633057
0.520688533782959
0.49446508288383484
0.48829659819602966
0.5294063091278076
0.5025074481964111
0.49800190329551697
0.49936437606811523
0.4891093969345093
0.5099982619285583
0.511263906955719
0.5035697221755981
0.5193908214569092
0.5292075872421265
0.5366446375846863
0.568514347076416
0.565182626247406
0.6048888564109802
0
0
0
0
0
0
0
0
0
0
0
0
0
0
0
0
0
0
0
0
0
0
0
0
0
0
0
0
0
2.0925748348236084
1.2378954887390137
1.1716099977493286
1.1538605690002441
1.1462697982788086
1.121110439300537
1.1108713150024414
1.1362674236297607
1.1104705333709717
1.1265312433242798
1.1262092590332031
1.1500279903411865
1.1404472589492798
1.1703636646270752
1.192592978477478
0
0
0
0
0
0
0
0
0
0
0
0
0
0
0
2.9826765060424805
2.9334676265716553
2.9016525745391846
2.9157800674438477
2.943880796432495
3.000113010406494
0
0
0
0
0
0
0
0
0
0
0
0
0
0
0
0
0
0
1.7670954465866089
1.7444771528244019
1.736794352531433
1.7179198265075684
1.7104270458221436
1.7106783390045166
1.7106777429580688
1.744281530380249
1.7718676328659058
0
0
0
0
0
0
0
0
0
0
0
0
0
0
0
0
0
0
0
0
0
0
0
0
0
0
0
0
0
0
0
0
0
0
0
0
0
0
0
0
0
0
0
0
0
0
0
0
0
0
0
0
0.8962457776069641
0.8876977562904358
0.8545394539833069
0.8655192852020264
0.8314854502677917
0.8520639538764954
0.8215733766555786
0.8301107883453369
0.8059881925582886
0.828144371509552
0.8269325494766235
0.8317863941192627
0.8129884004592896
0.8497844338417053
0.8344188928604126
0.8667619824409485
0.8678279519081116
0.8812997937202454
0.9392843842506409
0
0
0
0
0
0
0
0
0
0
0
0
0
0
0
0
0
0
0
0
0
0
0
0
0
0
0
0
0
0
0
0
0
0
0
0
0
0
0
0
0
0
0
0
0
0
1.4041152000427246
