2.409715175628662
2.4535770416259766
2.5027058124542236
0
0
0
0
0
0
0
0
0
0
0
0
0.8429855108261108
0.7887052297592163
0.7823545336723328
0.7700573205947876
0.7643540501594543
0.7388062477111816
0.7390056848526001
0.7371428608894348
0.7033666968345642
0.724612295627594
0.7286023497581482
0.7261255979537964
0.7216364145278931
0.7094355821609497
0.7268176674842834
0.7306588888168335
0.7579129934310913
0.7648537158966064
0.776716947555542
0.8004938364028931
0.7965024709701538
2.870392084121704
2.7962005138397217
2.782788038253784
2.77374529838562
2.7909047603607178
2.8156204223632812
2.9143009185791016
0
0
0
0
0
0
0
0
0
0
0
0
0
0
0
1.7399417161941528
2.346604824066162
2.27825927734375
2.255218982696533
2.2489633560180664
2.2536165714263916
2.2696471214294434
2.2967875003814697
2.3390986919403076
0
0
0
0
0
0
0
0
0
0
0
0
0
0
0
0
0
0
0
0
0
0
0
0
0
0
0
0
0
0
0
0
0
0
0
0
0
0
0
0
0
0
0
0
0
2.637571334838867
2.5854482650756836
2.563655138015747
2.5593061447143555
2.5463905334472656
2.573366403579712
2.616429567337036
0
0
0
0
1.2710464000701904
1.2087321281433105
1.1993199586868286
1.1690521240234375
1.1651934385299683
1.1502050161361694
1.152778148651123
1.148429274559021
1.1541714668273926
1.150594711303711
1.1638983488082886
1.1595407724380493
1.1783148050308228
1.2103549242019653
0
0
0
0
0
0
0
0
0
0
0
2.3464694023132324
2.2605326175689697
2.245269536972046
2.244520902633667
2.2415771484375
2.2397985458374023
2.278369188308716
2.3284809589385986
0
0
0
0
0
0
0
0
0
0
0
0
0
0
0
0
0
0
0
0
0
0
0
2.322690725326538
2.3131628036499023
2.3046417236328125
2.2733359336853027
2.2960727214813232
2.340337038040161
2.39361834526062
0
0
0
0
0
0
0
0
0
1.316870927810669
1.2883851528167725
1.2486084699630737
1.2438966035842896
1.2306993007659912
1.2252415418624878
1.2227771282196045
1.217997670173645
1.2413671016693115
1.2347478866577148
1.256984829902649
1.2630460262298584
1.332354187965393
0
3.264482021331787
3.2394051551818848
3.2379441261291504
3.238736867904663
3.3136861324310303
0
0
0
0
0
0
0
0
0
0
0
0
0
0
0
0
0
0
0
0
0
0
0
0
0
0
0
0
0
0
0
0
0
0
0
0
0
0
0
0
0
0
0
0
0
0
0
0
0
0
0
0
0
0
0
0
0
1.1322039365768433
1.0952765941619873
1.0849169492721558
1.0629159212112427
1.0563782453536987
1.0431979894638062
1.0197559595108032
1.0469694137573242
1.0683778524398804
1.0477615594863892
1.0615341663360596
1.063629388809204
1.0729494094848633
1.0839744806289673
1.1338937282562256
0
0
0
0
0
0
0
0
0
0
0
0
0
0
0
0
0
0
0
0
0
0
2.7774155139923096
2.685863733291626
2.6391706466674805
2.6573500633239746
2.6483991146087646
2.6587815284729004
2.7126007080078125
0
0
0
0
0
0
0
0
0
0
0
0
0
0
0
0
0
0
0
0
0
0
0
0
0
0
0
0
0
0
0
0
0
0
0
0
0
0
0
2.5219366550445557
2.433797597885132
2.4143331050872803
2.3933427333831787
2.3895037174224854
2.4050090312957764
