1.482919692993164
1.487525224685669
1.4688036441802979
1.4625139236450195
1.472320556640625
1.7161693572998047
2.162794351577759
0
0
0
1.4585459232330322
1.4767146110534668
1.479602575302124
1.4847004413604736
1.4593578577041626
1.4564034938812256
1.480583906173706
1.4875798225402832
1.4789934158325195
1.491945743560791
1.502407431602478
1.4976321458816528
1.50649893283844
1.5130596160888672
1.522927165031433
1.5210402011871338
1.5157511234283447
1.554006814956665
1.5305243730545044
1.569494366645813
1.5574274063110352
1.5685889720916748
1.6052429676055908
1.5973238945007324
1.6043998003005981
1.6156561374664307
1.6256686449050903
1.6696275472640991
1.6758846044540405
1.6821553707122803
1.6960265636444092
1.7087011337280273
1.7539600133895874
1.7659494876861572
1.7779197692871094
1.8111096620559692
1.8267428874969482
1.8167093992233276
1.855587363243103
1.9011967182159424
1.925184965133667
1.9503535032272339
1.9767104387283325
2.0030159950256348
2.0735509395599365
2.094405174255371
2.126518487930298
2.1743879318237305
2.1861727237701416
2.2499892711639404
2.2962594032287598
2.3814876079559326
2.40006160736084
2.4895715713500977
2.5329108238220215
2.592198133468628
2.6479179859161377
2.7212042808532715
2.818267583847046
2.8790833950042725
2.9744718074798584
3.061952590942383
3.17474365234375
3.285147190093994
0
0
0
0
0
0
0
0
0
0
0
0
0
0
0
0
0
0
0
0
0
0
0
0
0
0.9653233289718628
0.9810279011726379
0.9382261633872986
0.9454008340835571
0.9393203854560852
0.9341641664505005
0.9379936456680298
0.9026014804840088
0.929455578327179
0.9284647107124329
0.9165287017822266
0.9030976891517639
0.9113913774490356
0.8893609046936035
0.8997962474822998
0.9026400446891785
0.8915120363235474
0.8855323791503906
0.8901554346084595
0.8997495770454407
0.8967536687850952
0.900571882724762
0.8856001496315002
0.8964107632637024
2.4927756786346436
2.512620210647583
2.511157751083374
2.5612571239471436
2.586909294128418
2.5978424549102783
2.6255874633789062
2.6673340797424316
2.9527854919433594
2.8571035861968994
2.7889628410339355
2.7361745834350586
2.654085636138916
2.6112029552459717
2.5111100673675537
2.497950315475464
2.410759210586548
2.3686728477478027
2.381744861602783
2.4045250415802
2.452777862548828
2.476905584335327
2.5177271366119385
2.5618345737457275
2.6300342082977295
0
0
0
0
0
0
0
0
0
0
0
0
0
0
0
0
0
0
0
0
0
0
1.6999608278274536
1.6838568449020386
1.6648963689804077
1.62764310836792
1.5794399976730347
1.5720288753509521
1.540261149406433
1.5224684476852417
1.5052049160003662
1.484256625175476
1.4818190336227417
2.190042734146118
2.261122465133667
2.301780939102173
2.3767192363739014
2.426825523376465
2.4179880619049072
2.396292209625244
2.372035026550293
2.346982479095459
2.3560848236083984
2.307285785675049
2.2776083946228027
2.273189067840576
0
0
0
0
0
0
0
0
0
0
0
0
0
0
0
0
0
0
0
0
0
0
0
0
0
0
0
0
0
0
0
0
0
0
0
0
0
0
0
0
0
3.0788161754608154
3.0431246757507324
2.97820782661438
2.9508697986602783
2.9079501628875732
2.850689649581909
2.7386670112609863
2.7842559814453125
2.8492205142974854
0.8267778754234314
0.8249343633651733
0.8065774440765381
0.80897456407547
3.031113624572754
3.017198085784912
2.472867012023926
2.5715436935424805
2.6598007678985596
2.7417311668395996
2.84892201423645
0
0
0
0
0
0
0
0
0
0
0
0
0
0
0
0
0
0
0
0
0
0
0
0
0
0
0
0
0
0
0
0
3.4039580821990967
3.4148242473602295
2.4903767108917236
2.3707945346832275
2.376657485961914
2.394524097442627
2.4101603031158447
2.416586399078369
2.4160051345825195
1.5098671913146973
1.5003182888031006
1.5041998624801636
1.530135154724121
1.5417587757110596
1.540281057357788
1.5534558296203613
1.5463402271270752
1.5768415927886963
1.5831149816513062
1.6078816652297974
1.6111801862716675
1.641982913017273
1.6452316045761108
2.833601951599121
2.777235984802246
2.6888678073883057
2.627081871032715
2.5514450073242188
2.4903345108032227
2.42110013961792
2.3831582069396973
2.344193935394287
2.288921594619751
2.242574453353882
2.189974546432495
2.136183500289917
2.1027286052703857
2.0752577781677246
2.0357308387756348
1.9903308153152466
1.9652329683303833
1.9286246299743652
1.9248714447021484
1.8572275638580322
1.8672170639038086
1.8246662616729736
1.7982127666473389
1.7776786088943481
1.7665255069732666
1.7440139055252075
1.736005425453186
1.7147471904754639
1.6745905876159668
1.6699377298355103
1.6491122245788574
1.652435302734375
1.6221648454666138
1.6235405206680298
1.599661111831665
1.5759941339492798
1.5727394819259644
1.5787267684936523
1.5497769117355347
1.5569406747817993
1.5380573272705078
1.5335999727249146
1.5063328742980957
1.5266960859298706
1.5162723064422607
1.4960520267486572
1.4826980829238892
1.4878171682357788
1.4728888273239136
