3.079296588897705
3.0449914932250977
3.058844804763794
3.101454257965088
0
0
0
0
0
0
0
0
0
0
0
0
0
0
0
0
0
0
0
0
0
0
0
1.9766976833343506
1.9123095273971558
1.9022353887557983
1.8811427354812622
1.8688424825668335
1.8722617626190186
1.8588552474975586
1.8955239057540894
1.918350338935852
0
0
0
0
0
2.6638989448547363
2.641055107116699
2.6019701957702637
2.619729995727539
2.6312832832336426
2.647641658782959
2.7262439727783203
0
0
0
0
0
0
0
0
0
0
0
0
0
0
0
0
0
0
0
0
0
0
0
0
0
0
0
0
0
0
0
0
0
0
0
0
0
0
2.931877613067627
2.9109504222869873
2.9002506732940674
2.9068737030029297
2.9353411197662354
3.0047168731689453
1.9419503211975098
1.9067163467407227
1.8638858795166016
1.8400689363479614
1.8509119749069214
1.8667408227920532
1.858246088027954
1.897445559501648
1.9367276430130005
0
0
0
0
0
0
0
0
0
0
0
0
0
0
0
0.9125684499740601
0.8793601989746094
0.8728660941123962
0.8553778529167175
0.849434494972229
0.8482841849327087
0.8413960933685303
0.8494953513145447
0.8304747343063354
0.8345344662666321
0.8146870136260986
0.8314623236656189
0.8345836400985718
0.8534460067749023
0.8583192825317383
0.8708023428916931
0.8917751908302307
0.9151468873023987
0
0
0
0
0
0
0
0
0
0
0
0
0
0
0
0
0
0
0
0
2.6829416751861572
2.5969078540802
2.565706491470337
2.5610852241516113
2.5626232624053955
2.588602066040039
2.6362364292144775
0
0
0
0
0
0
0
0
0
0
0
0
0
0
0
0
0
0
0
0
0
0
2.6326205730438232
2.599247932434082
2.5624136924743652
2.583950996398926
2.57649827003479
2.601884126663208
0
0.8670846223831177
0.8263781666755676
0.8032053112983704
0.802178144454956
0.7657684683799744
0.7610663771629333
0.7653205990791321
0.7648634910583496
0.7425854206085205
0.7378682494163513
0.7600722312927246
0.7578179240226746
0.7385786175727844
0.7425728440284729
0.7581826448440552
0.7838563323020935
0.7768065333366394
0.7876185774803162
0.8187385201454163
0.8517150282859802
2.7845299243927
2.784255266189575
2.759568214416504
2.7606043815612793
2.7945339679718018
2.847921133041382
0
0
0
0
0
0
0
0
0
0
0
0
0
0
0
0
0
0
0
0
3.0565857887268066
1.440047264099121
1.4099133014678955
1.4079309701919556
1.3861525058746338
1.3860608339309692
1.3856875896453857
1.3809466361999512
1.3929333686828613
1.38496994972229
1.4097362756729126
1.438475489616394
1.4966591596603394
0
0
0
0
0
0
0
0
0
0
0
0
0
0
0
0
0
0
3.3701751232147217
3.291297435760498
3.28304386138916
3.300105333328247
3.328887462615967
3.4283833503723145
0
0
0
0
0
1.8055453300476074
1.7684246301651
1.7640961408615112
1.756719708442688
1.7453678846359253
1.7592380046844482
1.7635892629623413
1.781893253326416
1.8451918363571167
0
0
0
0
0
0
0
0
0
2.6770002841949463
2.6376938819885254
2.5895442962646484
2.604764223098755
2.6175074577331543
2.628655195236206
2.7067363262176514
0
0
0
0
0
0
0
0
0
0
0
0
0
0
0
0
0
0
0
0
0
2.037109375
2.0035064220428467
1.9707810878753662
1.9556423425674438
1.9654765129089355
1.948819875717163
1.9736354351043701
2.001155376434326
2.0311620235443115
3.1443183422088623
0
0
0
0
0
0
1.1810922622680664
1.1477078199386597
1.130118727684021
1.126738429069519
1.128426432609558
1.1264796257019043
1.1250770092010498
1.1005200147628784
1.116625428199768
1.1394317150115967
1.1378929615020752
1.144924521446228
1.1573853492736816
1.1973339319229126
0
0
0
0
3.1101434230804443
3.0674805641174316
