0
0
0
1.614574670791626
1.5687999725341797
1.5525188446044922
1.5503875017166138
1.5203895568847656
1.5150351524353027
1.5048394203186035
1.5173827409744263
1.5234787464141846
1.5499069690704346
1.5731470584869385
0
0
0
0
0
0
0
0
0
0
0
0
2.709731340408325
2.6681487560272217
2.652070999145508
2.6511738300323486
2.6724369525909424
2.684082508087158
2.8009872436523438
0
0
0
0
0
0
0
0
0
0
0
0
0
0
0
0
0
1.9981578588485718
1.9584378004074097
1.9286808967590332
1.924893856048584
1.9245437383651733
1.9280503988265991
1.9671095609664917
1.991861343383789
3.1137142181396484
0.8273590207099915
0.784781813621521
0.757204532623291
0.7366454005241394
0.7314231395721436
0.7238276600837708
0.7302778959274292
0.7103593349456787
0.7131853103637695
0.7242054343223572
0.7168164849281311
0.7259219288825989
0.712976336479187
0.7286955118179321
0.7141543626785278
0.7158003449440002
0.7381026744842529
0.7371299862861633
0.7552863359451294
0.7851665616035461
0.8086571097373962
3.129054546356201
3.1420888900756836
3.1438381671905518
3.14438533782959
3.1740221977233887
3.195315361022949
3.2101216316223145
3.220327138900757
3.256713628768921
3.262272834777832
3.29617977142334
3.2917532920837402
3.3363921642303467
3.3655238151550293
3.2618656158447266
3.1412692070007324
3.025299549102783
0
2.4081215858459473
2.3503692150115967
2.330880641937256
2.320812225341797
2.3184218406677246
2.328932046890259
2.3544559478759766
2.433882474899292
0
0
0
0
0
0
0
0
0
0
1.3319978713989258
1.3348697423934937
1.308453917503357
1.2817912101745605
1.2707418203353882
1.2815061807632446
1.2839345932006836
1.2695449590682983
1.2678965330123901
1.3027580976486206
1.3321160078048706
1.3515616655349731
0
0
0
0
0
0
2.795504570007324
2.7497670650482178
2.723951578140259
2.7059988975524902
2.7388625144958496
2.7846944332122803
0
0
0
0
0
0
0
0
0
0
0
0
0
0
0
0
1.1384546756744385
1.1105085611343384
1.0761737823486328
1.0830168724060059
1.0863715410232544
1.0752679109573364
1.0596963167190552
1.0632363557815552
1.0643327236175537
1.0707200765609741
1.0766037702560425
1.1008963584899902
1.1085067987442017
1.1400288343429565
1.2089512348175049
0
0
0
0
0
2.7224957942962646
2.7125539779663086
2.6705634593963623
2.692413806915283
2.7156593799591064
2.753363609313965
0
0
0
0
0
0
0.3950023055076599
0.37895071506500244
0.3550778329372406
0.37243935465812683
0.3929370045661926
0.3925192058086395
0.39346736669540405
0.4113635718822479
0.3949524462223053
0.41511496901512146
0.41101911664009094
0.4085861146450043
0.4242396652698517
0.4352450966835022
0.4503459334373474
0.44626832008361816
0.4588625729084015
0.4762721657752991
0.48721933364868164
0.48780909180641174
0.49640485644340515
0.4898706376552582
0.5107446908950806
0.5005618333816528
0.5388948321342468
0.5424569249153137
0.5588709115982056
0.5596654415130615
0.5866935849189758
0.5999254584312439
0.605734646320343
0.6313172578811646
0.6584628820419312
0.6491448879241943
0.6320684552192688
0.6532572507858276
0.6210808753967285
0.6211882829666138
0.6299327611923218
0.6204940676689148
0.6219780445098877
0.6284785866737366
0.6202422380447388
0.6158535480499268
0.6074087619781494
0.6134093999862671
0.5929808020591736
0.5929945111274719
0.5951396822929382
0.5848681330680847
0.5995566844940186
0.5917991399765015
0.5796058177947998
0.5789452791213989
0.6102681756019592
0.5955266952514648
0.584039032459259
0.5818102359771729
0.5945934057235718
0.567537784576416
0.5678266286849976
0.5807238817214966
0.5806149244308472
0.5753265023231506
0.5540955066680908
0.5686110854148865
0.5794519782066345
0.5772612690925598
0.5671792030334473
0.5855548977851868
0.5977716445922852
0.6048508882522583
0.6033623218536377
0.5901180505752563
0.609872043132782
0.6120034456253052
0.590087890625
0.6047146916389465
0.6005373001098633
0.6044031977653503
0.6230249404907227
0.6052976846694946
0.6168859601020813
0.639991819858551
0.6403896808624268
0.6285948157310486
0.6293045282363892
0.6570538878440857
0.6536071300506592
0.6674317121505737
0.6766886115074158
0.6652068495750427
0.6773552298545837
0.6977218985557556
0.7027716040611267
0.6988635063171387
0.698417067527771
0.706412672996521
0.7318161129951477
0.7482640147209167
0.7417315244674683
0.7616524696350098
0.7703182697296143
0.7823412418365479
0.7858428955078125
0.7926800847053528
0.7884050011634827
0.7697257399559021
0.7834665775299072
0.754684567451477
0.7589674592018127
0.7298313975334167
0.7310631275177002
0.7010024785995483
0.6974008679389954
0.698907196521759
0.673376202583313
0.6793658137321472
0.6705394387245178
0.6755864024162292
0.6587706208229065
0.6482977867126465
0.644692063331604
0.6371694207191467
0.6229991912841797
0.6244074106216431
0.6182708740234375
0.605016827583313
0.6113097071647644
0.6031821370124817
0.5981548428535461
0.5846743583679199
0.5799078941345215
0.6107325553894043
0.7383304834365845
0.7349953055381775
0.7263873219490051
0.7221383452415466
1.6418496370315552
1.6568354368209839
1.621034860610962
1.615274429321289
1.6124087572097778
1.6154922246932983
1.6275376081466675
0
0
0
0
0
0
0
0
0
0
0
0
0
0
0
0
0
0
2.9074249267578125
2.8706891536712646
2.8524279594421387
2.8620030879974365
2.880099058151245
2.9272849559783936
0
0
0
