2.651698112487793
2.653503894805908
2.675793170928955
2.756173610687256
0
0
0
0
0
0
0
0
0
0
0
0
0
0
0
0
0
1.6427292823791504
1.5893255472183228
1.5273339748382568
1.5326778888702393
1.5164942741394043
1.4976886510849
1.5151695013046265
1.4887056350708008
1.5309330224990845
1.5660346746444702
1.576174259185791
1.6383599042892456
0
0
0
0
0
0
0
0
0
0
0
0
0
0
0
0
0
0
0
0
0
0
0
0
0
0.6052757501602173
0.570456326007843
0.5484961867332458
0.5474686622619629
0.5427989959716797
0.5337490439414978
0.5225043892860413
0.5196897983551025
0.49327176809310913
0.4909319281578064
0.48480576276779175
0.4879359006881714
0.49988874793052673
0.4965195655822754
0.4913672208786011
0.4882417619228363
0.4938659071922302
0.49115434288978577
0.4906245768070221
0.5200011134147644
0.5004603862762451
0.522204577922821
0.5134748220443726
0.519194483757019
0.5236082673072815
0.5376516580581665
0.5561248064041138
0.5838918685913086
0.6231757998466492
0
0
0
0
0
0
0
0
0
0
0
3.4822518825531006
3.44427752494812
3.4361367225646973
3.4334464073181152
3.5
0
0
0
0
0
0
0
0
0
0
0
0
0
0
0
0
0
0
0
0
0
0
0
0
0
0
0
0
2.336958885192871
2.3126118183135986
0
0
0
0
0
0
0
0
0
0.8310511112213135
0.7852823138237
0.7703818678855896
0.7625319361686707
0.753430962562561
0.7437853813171387
0.7169700860977173
0.735020637512207
0.7350928783416748
0.7321640253067017
0.7180203199386597
0.7180694341659546
0.7319913506507874
0.7357766628265381
0.7193852663040161
0.7594262957572937
0.7763276100158691
0.7584114670753479
0.7918055653572083
0.8112106919288635
0
0
0
0
0
0
0
0
0
0
0
0
0
0
0
0
0
0
0
0
0
0
0
0
0
0
0
0
0
0
0
0
0
0
0
2.120359182357788
2.0861685276031494
2.0414159297943115
2.0384268760681152
2.049175977706909
2.049039602279663
2.081979513168335
2.1270298957824707
0
0
0
0
0
0
0
0
0
0
0
0
0
0
0
0
0
0
0
0
3.0194895267486572
2.973991870880127
2.967815399169922
2.978196620941162
3.01468563079834
0
0
0
0
0
0
0
0
0
0
0
0
0
0
0
0
0
0
0
0
0
0
0
0
0
0
2.2330188751220703
2.196821451187134
2.1522316932678223
2.1662826538085938
2.1640000343322754
2.175809860229492
2.1733314990997314
2.2409682273864746
0
0
0
0
0
0
0
0
0
0
0
0
2.547536849975586
2.508070468902588
2.4755871295928955
2.4739859104156494
1.1423358917236328
1.1286712884902954
1.0667860507965088
1.0689793825149536
1.0616105794906616
1.0652810335159302
1.0507665872573853
1.0696369409561157
1.065312147140503
1.043407678604126
1.0539183616638184
1.066408395767212
1.0767853260040283
1.1120933294296265
1.1453851461410522
0
0
0
2.5649120807647705
2.524733543395996
2.5065503120422363
2.467418670654297
2.480273962020874
2.5029122829437256
2.532074451446533
0
0
0
0
0
1.240257978439331
1.2027764320373535
1.1724979877471924
1.1838558912277222
1.1512820720672607
1.151806354522705
1.126138687133789
1.1540178060531616
1.1418050527572632
1.158002257347107
1.1623926162719727
1.1790255308151245
1.1823253631591797
1.233825922012329
0
0
2.985476016998291
2.9514105319976807
2.943681478500366
2.9545583724975586
2.9927687644958496
3.029057741165161
0
0
0
0
0
0
0
0
0
0
2.0622358322143555
1.9741483926773071
1.9336127042770386
1.9440360069274902
1.9313640594482422
1.9402943849563599
1.9553616046905518
1.9518581628799438
1.9873881340026855
0
0
0
0
0
2.732495069503784
2.661968946456909
2.658803701400757
2.649726152420044
