0
0
0
0
0
0
0
0
0
0
0
0
0
0
0
0
0
0
1.3322193622589111
1.2894551753997803
1.263094186782837
1.235885739326477
1.245577096939087
1.2496310472488403
1.2355742454528809
1.231477975845337
1.263361930847168
1.2394297122955322
1.2536287307739258
1.2880380153656006
1.3172235488891602
0
0
0
0
0
0
0
0
0
0
0
2.8442635536193848
2.7797060012817383
2.784951686859131
2.7669529914855957
2.801703453063965
2.844846248626709
0
0
0
0
0
0
0
0
0
0
0
0
0
0
0
0
0
0
0
0
0
0
1.36782705783844
1.2998454570770264
1.2617764472961426
1.2400072813034058
1.2273437976837158
1.2507305145263672
1.2284376621246338
1.220118522644043
1.233808159828186
1.2432661056518555
1.2532883882522583
1.2461309432983398
1.2946453094482422
1.3518633842468262
0
0
0
0
0
2.735771656036377
2.6831793785095215
2.6734678745269775
2.676928997039795
2.668203830718994
2.6949734687805176
0
0
0
0
0
0
0
0
0
0
0
0
0
0
0
0
0
0
0
0
0
0
0
0
0
0
0
0
0
2.45855450630188
2.3950395584106445
2.355851888656616
2.3571269512176514
2.3620717525482178
2.393326997756958
2.419555187225342
0
0
0
0
0
0
0
0
0
0
0
0
0
0
0
0
0
0
0
0
0
0
0
0
0
0
0
0
0
0
0
0
0
1.8096625804901123
1.6931164264678955
1.651483416557312
1.647557020187378
1.652728796005249
1.6584420204162598
1.6368718147277832
1.6467905044555664
1.6803151369094849
1.7064732313156128
0
0
0
0
0
0
0
0
0
0
0
0
0
0
0
0
0
0
0
0
0
0
0
0
0
0
0
0
0
0
0
0
0
0
0
0
0
0
0
0
0
0
0
0
0
0
0
0
0
0
0
0
0
0
0
0
0
0
0
0
0
0
0
0
0
0
0
0
0
0
0
0
0
0
0
0
0
0
0
0
0
0
0
0
0
0
0
0
0
0
0
0
0
0
0
0
0
0
0
0
0
0
0
0
0
0
0
0
0
0
0
0
0
0
0
0
0
0
0
0
0
0
0
0
0
0
0
0
0
0
0
0
0
0
0
0
0
0
0
0
0
0
0
0
0
0
0
0
0
0
0
0
0
0
0
0
0
0
0
0
0
0
0
0
0
0
0
0
0
0
0
0
0
0
0
0
0
0
0
0
0
0
0
0
0
0
