0
0
0
0
0
0
0
1.3468618392944336
1.308742880821228
1.2895808219909668
1.2805849313735962
1.2622178792953491
1.2575757503509521
1.2574164867401123
1.2582169771194458
1.2685487270355225
1.2892918586730957
1.2802578210830688
1.3131792545318604
1.343627691268921
2.450160503387451
2.4912164211273193
2.5577003955841064
0
0
0
0
0
0
0
0
0
0
2.487231969833374
2.4669246673583984
2.4401142597198486
2.4552125930786133
2.4469046592712402
2.4669597148895264
2.5171871185302734
0
0
0
0
0
0
0
1.5345470905303955
1.4758493900299072
1.4432352781295776
1.4324671030044556
1.4111347198486328
1.415070652961731
1.4180514812469482
1.4123390913009644
1.4346494674682617
1.4490054845809937
1.4617506265640259
1.4984333515167236
0
0
0
0
0
0
0
0
0
0
0
0
0
3.4524624347686768
2.1584837436676025
2.0810742378234863
2.070106267929077
2.0340850353240967
2.033432722091675
2.0680410861968994
2.0523056983947754
2.0946106910705566
2.1501803398132324
0
0
0
2.8905956745147705
2.838862419128418
2.819276809692383
2.8181049823760986
2.8394737243652344
2.8648908138275146
0
0
0
0
0
0
3.4818663597106934
3.4771995544433594
3.4478721618652344
3.433276414871216
0
3.340378761291504
3.3294384479522705
3.3204855918884277
3.2923946380615234
3.281877040863037
3.2884387969970703
3.268286943435669
3.251896381378174
3.254204034805298
3.2447848320007324
3.2513985633850098
3.230768918991089
3.2430007457733154
3.232778310775757
3.216752767562866
3.2408108711242676
0
0
2.790187120437622
2.1011245250701904
1.7149150371551514
1.506243109703064
1.2907328605651855
1.1463114023208618
1.0267051458358765
0.9160915613174438
0.8325470089912415
0.7663244009017944
0.7448649406433105
0.7340802550315857
0.7472690343856812
0.7413071393966675
0.7743935585021973
0.7628006935119629
0.780354380607605
0.7627220749855042
0.7795618176460266
0.7682409882545471
0.7893253564834595
0.7770563960075378
0.8053374886512756
0.813352644443512
0.806734025478363
0.8346208930015564
0.820297360420227
0.8539623022079468
0.8404194116592407
0.8812563419342041
0.8661690950393677
0.8731866478919983
0.8808724284172058
0.9068220257759094
0.905012309551239
2.402256488800049
0
0
0
0
0
0
0
0
0
0
0
0
0
0
0
0
0
0
0
0
0
0
0
1.4922813177108765
1.4574720859527588
1.4437006711959839
1.4086447954177856
1.4141995906829834
1.4080172777175903
1.3873236179351807
1.403194785118103
1.4178391695022583
1.4536232948303223
1.4721695184707642
1.5239030122756958
0
0
0
0
0
0
0
3.282607316970825
0
0
0
2.834460496902466
2.7986245155334473
2.7635304927825928
2.762284994125366
2.7759127616882324
2.811702013015747
0
0
0
0
0
0
0
0
0
0
0
0
0
0
0
0
0
0
0
1.615329623222351
1.5742945671081543
1.5257419347763062
1.5476930141448975
1.5260218381881714
1.5264610052108765
1.5544072389602661
1.5476635694503784
1.5613441467285156
1.5819517374038696
3.2611052989959717
3.257484197616577
3.2612359523773193
3.2960662841796875
3.387810468673706
0
0
0
0
0
0
0
0
0
0
0
0
0
0
0
0
2.5717015266418457
2.558781147003174
2.5255186557769775
2.518672466278076
2.534759998321533
2.5671873092651367
0
0
0
0
0
0
0
0
0
0
0
0
0
0
0
0
0
2.085502862930298
2.0932235717773438
2.0859642028808594
2.083186388015747
2.0552501678466797
2.047675609588623
2.0531673431396484
2.0619089603424072
2.0330824851989746
2.0245842933654785
2.0453217029571533
2.452791452407837
3.0784552097320557
0
0
2.013658046722412
2.010476589202881
2.0276031494140625
2.0319764614105225
2.039590358734131
2.042172908782959
2.0334250926971436
2.0474741458892822
2.0555427074432373
2.057410717010498
2.0645639896392822
0
0
0
0
0
0
0
0
0
3.2601962089538574
3.219682216644287
3.208040237426758
3.206740379333496
3.2291362285614014
3.3160200119018555
0
0
0
0
0
0
0
0
0
2.111562490463257
2.053722620010376
2.013981580734253
2.0007479190826416
2.0126311779022217
2.015537738800049
2.020787477493286
2.0468404293060303
2.0898303985595703
0
0
0
0
0
0
0
0
2.916800022125244
2.8747971057891846
2.8548898696899414
2.8392252922058105
2.859133243560791
2.8820419311523438
0
0
0
0
0
0
