2.753056049346924
2.7521779537200928
2.7952470779418945
2.8394055366516113
2.8597946166992188
2.91044545173645
2.968529224395752
3.0302062034606934
3.061122179031372
3.1113080978393555
3.191981077194214
3.2280077934265137
3.3331174850463867
0
0
0
0
0
0
0
0
0
0
0
0
0
0
0
0
0
0
0
0
0
2.958939552307129
3.3925132751464844
3.387239456176758
3.414311647415161
3.397066593170166
3.4153690338134766
3.440908193588257
3.449922561645508
3.4629745483398438
3.473161220550537
3.488723039627075
0
0
0
3.4836645126342773
3.330521821975708
2.152921438217163
2.190300703048706
2.2048048973083496
2.2005558013916016
2.231671094894409
2.252988815307617
2.2804715633392334
2.286574602127075
2.314210891723633
2.2919421195983887
2.228567361831665
2.162727117538452
2.1360702514648438
2.0644547939300537
1.3755253553390503
1.3735275268554688
1.3954812288284302
1.4350800514221191
1.442526936531067
1.4514334201812744
1.4892734289169312
1.5116041898727417
1.5486756563186646
1.5776329040527344
1.5906659364700317
1.6424999237060547
1.7820535898208618
1.7743762731552124
1.7237781286239624
2.3935420513153076
2.451246738433838
2.522409200668335
2.557713747024536
2.6481335163116455
2.673552989959717
2.669904947280884
2.627944231033325
2.6030690670013428
2.556865692138672
2.5406906604766846
2.5349206924438477
2.5261762142181396
0
0
0
0
0
0
0
0
0
0
0
0
0
0
0
0
0
0
0
0
0
0
0
0
0
0
0
0
0
3.148996591567993
3.151921510696411
3.135737180709839
3.1083922386169434
3.0875144004821777
3.065089225769043
3.0531184673309326
0
0
0
0
0
0.9223530292510986
0.9226374626159668
0.91777503490448
0.944685161113739
0.9653382301330566
0.9996856451034546
1.0142525434494019
1.053189754486084
1.077575445175171
1.1339490413665771
1.1484410762786865
1.1797723770141602
1.207045078277588
1.2521659135818481
1.277576208114624
1.2723078727722168
1.272701621055603
1.2656564712524414
1.2399290800094604
1.2386069297790527
1.226082682609558
1.2242358922958374
1.2028193473815918
1.2077934741973877
1.1919432878494263
1.1936697959899902
1.1980092525482178
1.1773717403411865
1.1750597953796387
1.188069462776184
0.7102938890457153
0.7016769647598267
0.7810640335083008
0.8759968876838684
0.9923145771026611
2.255519390106201
2.2884695529937744
2.344053030014038
2.5199546813964844
2.5014560222625732
2.4761903285980225
2.4439797401428223
2.414609909057617
2.3688015937805176
2.3721659183502197
2.339578151702881
2.3322463035583496
2.3001441955566406
2.2911365032196045
2.252206563949585
2.234354019165039
2.216427803039551
2.2006173133850098
2.32206392288208
2.4514331817626953
2.568713665008545
0
0
0
0
0
0
0
0
0
0
0
0
0
0
0
0
0
0
0
0
0
0
0
0
0
0
0
0
0
0
0
0
0
0
0
0
0
0
0
0
0
0
0
0
0
2.670649766921997
2.682055711746216
2.711560010910034
2.758179187774658
2.7707979679107666
2.2600412368774414
2.2655370235443115
2.2978434562683105
2.3362834453582764
2.3628156185150146
2.379185438156128
2.4157216548919678
2.455142021179199
2.500394105911255
2.712423324584961
2.6653151512145996
3.229445695877075
3.28820538520813
3.34682297706604
3.3947131633758545
3.4871339797973633
0
0
3.5
3.4520931243896484
3.3881123065948486
3.3642520904541016
3.4320640563964844
3.4451401233673096
0
0
0
1.4911266565322876
1.4366236925125122
1.4471142292022705
1.4413602352142334
1.4239097833633423
1.4179973602294922
1.4136011600494385
1.3948534727096558
1.3751858472824097
1.3902865648269653
1.358211636543274
1.3238394260406494
1.3380744457244873
1.3409615755081177
1.3009533882141113
1.3215779066085815
1.3862998485565186
1.480165719985962
1.6002413034439087
1.747647762298584
1.2350012063980103
1.2239924669265747
1.2275758981704712
1.2308388948440552
1.2228224277496338
1.2089258432388306
1.2175179719924927
1.2307049036026
1.2231029272079468
1.2013835906982422
1.2263792753219604
1.231642723083496
1.2108519077301025
1.219264268875122
1.2236895561218262
1.2266907691955566
1.2321646213531494
1.2143566608428955
0
0
0
0
0
0
0
0
0
0
0
3.4705445766448975
3.4741313457489014
3.4825453758239746
0
0
0
0
0
0
0
0
0
0
0
0
0
0
0
0
0
0
0
0
0
0
0
0
0
0
0
0
0
0
0
0
0
0
0
0
0
0
2.9897613525390625
2.9257102012634277
2.849229097366333
2.764111280441284
