2.492345094680786
0
0
0
0
0
0
0
0
0
0
0
0
0
0
0
0
0
0
0
0
0
0
0
0
0
0
0
2.802725315093994
0
0
0
0
0
0
0
0
0
0
0
0
0
0
0
0
0
0
0
0
0
0
0
0
0
0
0
0
0
0
0
0
0
0
0
0
0
0
0
0
1.5738444328308105
1.609312653541565
0
0
0
0
0
0
0
0
0
0
0
0
0
0
0
0
0
0
3.1990554332733154
0
0
0
0
0
0
0
0
0
0
0
0
0
0
0
0
0
0
0
0
0
0
0
0
0
0
0
0
0
0
0
0
0
0
0
0
0
0
0
0
2.807664632797241
0
0
0
0
0
0
0
0
0
0
0
0
0
0
0
0
0
0
0
0
0
0
0
0
0
0
0
0
0
3.3225769996643066
3.2310893535614014
3.215878486633301
3.2125370502471924
3.255276918411255
0
0
0
0
0
0
0
0
0
0
0
3.1562561988830566
3.0887773036956787
3.0662479400634766
3.084070920944214
1.538500428199768
1.5031126737594604
1.476460337638855
1.4622286558151245
1.4420256614685059
1.4540942907333374
1.4498751163482666
1.4650083780288696
1.4789384603500366
1.492360234260559
1.5215802192687988
0
0
0
0
0
0
0
0
0
0
0
0
2.9113540649414062
0.27378976345062256
0.2658461332321167
0.26216891407966614
0.25235944986343384
0.23823821544647217
0.2295294553041458
0.24655714631080627
0.22177258133888245
0.22268466651439667
0.20815971493721008
0.23274949193000793
0.2397884726524353
0.22784526646137238
0.2138192057609558
0.2103644758462906
0.23050783574581146
0.2177174836397171
0.19862627983093262
0.19000740349292755
0.21145600080490112
0.19245950877666473
0.18736715614795685
0.18572480976581573
0.19109095633029938
0.20142237842082977
0.20714251697063446
0.21959078311920166
0.20352628827095032
0.1902918517589569
0.19502557814121246
0.21286989748477936
0.18890969455242157
0.21057970821857452
0.2064647078514099
0.2000219076871872
0.20234888792037964
0.19017799198627472
0.21431569755077362
0.20786793529987335
0.20426031947135925
0.21492236852645874
0.21483609080314636
0.236611008644104
0.20615917444229126
0.23550733923912048
0.2179807722568512
0.24448876082897186
0.2476968616247177
0.23899208009243011
0.2609834671020508
0.2785604000091553
0.2796448767185211
0.2881377935409546
1.2458347082138062
1.2519996166229248
1.2554986476898193
1.236899971961975
1.264035940170288
1.2996954917907715
1.3012676239013672
1.373731255531311
0
0
0
0
0
0
2.353799819946289
2.7383430004119873
2.764436960220337
2.7664029598236084
2.753333806991577
2.7928144931793213
2.7870194911956787
2.771026134490967
2.797283172607422
2.7885403633117676
2.820603847503662
2.8335163593292236
2.8572885990142822
2.823749542236328
2.876986265182495
2.8827872276306152
2.8931946754455566
2.8987667560577393
2.8310606479644775
2.6793012619018555
2.5763087272644043
2.898048162460327
2.8009986877441406
2.683007001876831
3.1011099815368652
3.1225452423095703
3.146390676498413
3.175823926925659
3.1967945098876953
3.2357277870178223
3.278963565826416
3.2862894535064697
1.7475740909576416
1.7311562299728394
1.7069587707519531
1.7106263637542725
1.7069228887557983
1.7000269889831543
1.6964240074157715
1.697020411491394
1.7701188325881958
1.8310136795043945
0
0
0
0
0
0
0
0
0
0
0
0
0
0
0
0
0
3.120147228240967
3.08903169631958
3.07102108001709
3.0775952339172363
3.102583885192871
0
0
0
0
0
0.9385778307914734
0.8938879370689392
0.8896692395210266
0.8828830718994141
0.8716235756874084
0.8644540309906006
0.8611804842948914
0.8479771018028259
0.8464285731315613
0.844774067401886
0.8564721345901489
0.8432785868644714
0.841090977191925
0.8793805241584778
0.8862810134887695
0.8702169060707092
0.9199755787849426
0.9103354215621948
2.412921190261841
2.490968942642212
