2.1281816959381104
2.1307570934295654
2.1071383953094482
2.1018459796905518
2.1155638694763184
2.115710973739624
2.103186845779419
2.1095166206359863
2.111177682876587
2.1052308082580566
2.117871046066284
2.106736660003662
2.1220343112945557
2.123288154602051
2.1464858055114746
2.1455206871032715
1.9830821752548218
1.831493854522705
1.7681450843811035
3.1060330867767334
3.191887378692627
3.2191162109375
3.275866746902466
3.32014536857605
3.287229061126709
3.225388526916504
3.1764912605285645
3.100238800048828
3.0739662647247314
3.011693239212036
2.9565341472625732
2.4433155059814453
2.4853169918060303
2.5541422367095947
2.5889623165130615
2.678739309310913
2.7255871295928955
0
0
0
0
0
0
0
2.8560948371887207
2.8147549629211426
2.795119285583496
2.7803001403808594
2.751783847808838
2.726356267929077
2.7247228622436523
2.6861114501953125
1.0705715417861938
1.0671041011810303
2.666247844696045
2.6325957775115967
2.6281306743621826
2.6129722595214844
2.5879526138305664
2.5904176235198975
2.581364631652832
2.56710147857666
2.5444424152374268
2.5579323768615723
2.5397398471832275
2.5397233963012695
2.5403833389282227
2.523552417755127
2.525432825088501
2.5444676876068115
2.5362231731414795
2.2809011936187744
2.266876220703125
2.2720627784729004
2.2802505493164062
2.284752607345581
2.2891478538513184
2.2995519638061523
2.2956020832061768
2.3078057765960693
2.3226096630096436
2.320742607116699
2.3313536643981934
2.3334949016571045
2.330810308456421
2.34757924079895
2.359426736831665
2.3912742137908936
2.3918912410736084
2.412315607070923
2.4018754959106445
2.4190008640289307
2.4272356033325195
2.334290027618408
2.228976011276245
2.1622188091278076
2.086148738861084
2.185704469680786
2.1257736682891846
2.0550591945648193
2.539553165435791
2.5738070011138916
2.5707900524139404
2.616614580154419
2.651899576187134
2.6603341102600098
2.7271957397460938
2.748728036880493
2.7910351753234863
2.8315114974975586
2.846242904663086
2.8975861072540283
2.8349902629852295
2.799359083175659
2.7356176376342773
2.6880881786346436
2.634932518005371
2.7903966903686523
2.74143123626709
2.715855121612549
3.371755838394165
3.425861358642578
3.5
0
1.490333914756775
1.4427039623260498
1.3985555171966553
1.3620184659957886
1.3088058233261108
1.2824153900146484
1.2423492670059204
1.2141995429992676
1.1883370876312256
1.681396722793579
1.7332611083984375
1.7410541772842407
1.7814664840698242
1.801846981048584
1.8370381593704224
1.8577772378921509
1.89340341091156
1.9155523777008057
1.950074553489685
1.964053988456726
2.010284185409546
2.0532073974609375
2.081916570663452
2.0572619438171387
2.0208277702331543
2.008636951446533
1.978631854057312
1.9320648908615112
1.9256722927093506
1.9118139743804932
1.8848406076431274
1.8512399196624756
3.4612531661987305
3.442308187484741
3.3977770805358887
3.372844696044922
3.3545706272125244
3.3315184116363525
3.3239569664001465
3.4943315982818604
0
0
0
0
0
0
0
0
1.6507943868637085
1.6796250343322754
1.6866298913955688
1.6783695220947266
1.2092046737670898
1.2275506258010864
1.226309061050415
1.2229208946228027
1.2359206676483154
1.2514569759368896
1.261218786239624
1.2545312643051147
1.2666406631469727
1.2875186204910278
1.2998255491256714
1.3163126707077026
1.3116064071655273
1.3207238912582397
1.3173872232437134
1.3605358600616455
1.3774316310882568
1.3714978694915771
1.4110326766967773
1.704698085784912
1.627947211265564
1.5979441404342651
1.5549063682556152
1.5269097089767456
1.5043330192565918
1.4639555215835571
2.0179877281188965
2.045631170272827
2.0877583026885986
2.1223623752593994
2.1697001457214355
2.184779167175293
2.267094135284424
2.2967889308929443
2.3343725204467773
2.386958599090576
2.3445210456848145
2.335238218307495
2.308054208755493
2.2668967247009277
2.2390060424804688
2.2188262939453125
2.1981968879699707
2.1870040893554688
2.3239080905914307
2.29327654838562
2.2668633460998535
2.3570406436920166
2.452667474746704
2.5313196182250977
2.6355140209198
0
0
0
0
0
0
0
0
0
0
0
0
0
0
0
0
0.9749272465705872
0.9586942195892334
0.9680653810501099
0.9633397459983826
0.9516986012458801
0.9663054943084717
0.9585747122764587
0.9571702480316162
0.9542772173881531
0.962059497833252
0.9575133323669434
0.9508424997329712
0.9709348082542419
0.9566518068313599
0.9552647471427917
0.9577232599258423
0.9569206833839417
0.9694225192070007
0.9685950875282288
0.9801344275474548
0.9728314876556396
0.9768975973129272
0.9840379357337952
1.562739372253418
1.486039400100708
1.5014581680297852
1.4955815076828003
1.5068402290344238
1.525521993637085
1.2875969409942627
1.246253490447998
1.1782424449920654
1.1414577960968018
1.1197699308395386
1.059401273727417
1.0442652702331543
0.9994354248046875
0.9774813055992126
0.9333158731460571
0.9057061672210693
1.44483482837677
1.493345022201538
1.4982147216796875
1.508763074874878
1.526329755783081
1.5566455125808716
1.5388160943984985
1.489959955215454
1.4283899068832397
1.4163082838058472
1.3972983360290527
1.362412691116333
1.349271535873413
1.324693202972412
1.3061443567276
1.2769602537155151
1.2520363330841064
1.2376571893692017
1.2369905710220337
0
0
0
0
0
0
0
0
0
0
0
0
0
0
0
0
3.479557752609253
3.462486982345581
3.442094087600708
3.412393093109131
3.3897886276245117
3.4022178649902344
3.3765311241149902
3.355229377746582
3.3106231689453125
3.318960189819336
3.316265344619751
3.280888080596924
3.2521884441375732
3.267416000366211
3.2470834255218506
3.2480902671813965
3.2527201175689697
3.2262256145477295
3.243530511856079
3.2269747257232666
3.222679853439331
3.2301902770996094
3.2244884967803955
3.2342872619628906
3.2366225719451904
3.235367774963379
3.230048418045044
3.2349202632904053
3.251512050628662
3.241084098815918
1.7938283681869507
1.8922218084335327
2.043220281600952
2.150723695755005
2.159869432449341
2.1609981060028076
2.130502700805664
2.13767409324646
2.1262905597686768
2.113226890563965
2.1090331077575684
2.111937999725342
