0.9672157168388367
0.9690247178077698
0.9733113050460815
0.968692421913147
0.9802474975585938
0.9663839936256409
0.9851347208023071
0.9707581400871277
0.9843822717666626
0.9944401383399963
1.024489164352417
1.0380878448486328
1.1014848947525024
0
0
0
0
0
0
0
0
0
0
0
0
0
0
0
0
0
0
0
0
0
0
0
0
0
0
0
0
0
0
0
0
0
0
0
0
0
0
2.1789979934692383
2.118814706802368
2.0869619846343994
2.076979398727417
2.067413330078125
2.084656000137329
2.084285259246826
2.106560468673706
2.2053775787353516
0
0
0
0
0
0
0
0
0
0
0
0
0
0
0
0
0
0
0
0
0
0
0
0
0
0
0
0
0
0
0
0
0
0
0
0
0
0
0
0
0
2.070932626724243
2.035123825073242
2.001610517501831
1.9849512577056885
1.9780352115631104
1.947354793548584
1.9335466623306274
1.91417396068573
1.8836479187011719
1.866065502166748
1.8506810665130615
1.8350162506103516
1.820341944694519
1.8060719966888428
1.793744444847107
1.783252477645874
1.7611961364746094
1.736217975616455
1.7479488849639893
1.7305070161819458
1.717536211013794
1.7034164667129517
1.696074366569519
1.702817440032959
1.703529953956604
1.6683512926101685
1.6794565916061401
1.6680289506912231
1.6764134168624878
1.666682481765747
1.6599524021148682
1.669370174407959
1.6342180967330933
1.654039740562439
1.6456031799316406
1.6650383472442627
1.6461519002914429
1.6461514234542847
1.6531903743743896
1.6506705284118652
1.6404778957366943
1.63363778591156
1.6595637798309326
1.6478729248046875
1.6627155542373657
1.6563725471496582
1.6647007465362549
1.6756846904754639
1.6930561065673828
1.6865731477737427
1.7054927349090576
1.705457329750061
1.7127219438552856
1.7214571237564087
1.7385540008544922
1.7528692483901978
1.7582488059997559
1.7673008441925049
1.7730463743209839
1.7840579748153687
1.8138527870178223
1.8066608905792236
1.8172632455825806
1.8384422063827515
1.8632274866104126
1.882488489151001
1.871188759803772
1.913535714149475
1.9379093647003174
1.9690011739730835
1.9821820259094238
1.9962762594223022
2.016599655151367
2.045914649963379
2.0893425941467285
2.088878631591797
2.1425704956054688
2.1528990268707275
2.1942481994628906
2.2258901596069336
2.25571608543396
2.3309338092803955
2.367905378341675
2.406120777130127
2.4335074424743652
2.4982669353485107
2.567795753479004
2.6088249683380127
2.63557767868042
2.708237886428833
2.7815756797790527
2.83259654045105
2.905165195465088
2.9754559993743896
3.0755910873413086
3.1372601985931396
3.2488276958465576
3.3474652767181396
3.449540853500366
0
0
0
0
0
0
0
0
0
0
0
0
0
0
1.619034767150879
1.5845215320587158
1.5510700941085815
1.530006766319275
1.525309443473816
1.5221956968307495
1.5337252616882324
1.5318758487701416
1.5657175779342651
1.5693249702453613
1.6350584030151367
3.4036448001861572
3.375943422317505
3.309418201446533
3.367638111114502
3.4983413219451904
0
0
0
0
0
0
0
0
0
0
0
0
0
0
0
0
0
0
0
0
0
0
0
0
0
0
0
0
0
0
0
0
0
0
2.9139997959136963
2.870887517929077
2.8516056537628174
2.842609167098999
2.861452102661133
2.8776206970214844
0
0
0
0
0
0
0
0
0
0
0
0
0
0
0
0
0
0
0
0
0.934940755367279
0.89774489402771
0.8724040985107422
0.860487163066864
0.850911557674408
0.8295403122901917
0.8317163586616516
0.8219617605209351
0.8303259015083313
0.809877336025238
0.824163556098938
0.8340016603469849
0.8472560048103333
0.8275213837623596
0.8516103029251099
0.8518658876419067
0.8658199906349182
0.8921453952789307
0.9168396592140198
0
0
0
0
0
0
0
0
0
0
0
2.8000495433807373
2.7679975032806396
2.7442657947540283
2.7448744773864746
2.7929177284240723
2.815253973007202
0
0
0
0
0
0
0
0
0
0
0
0
0
0
0
0
0
0
0
0
0
0
3.4897358417510986
3.478501796722412
3.449234962463379
3.4310617446899414
3.4343135356903076
3.412463665008545
3.3834826946258545
1.1003447771072388
1.0238724946975708
1.0157454013824463
1.001301646232605
0.996393084526062
