0
0
0
0
0
0
0
0
0
0
0
0
0
0
0
0
0
0
0
0
0
0
0
0
0
0
0
0
0
0
0
0
0
0
0
0
0
0
0
0
0
0
0
0
0
0
0
0
0
0
2.8689353466033936
2.813392400741577
2.812906503677368
2.842566967010498
2.8365535736083984
2.8800899982452393
0
0
0
0
0
0
0
0
0
0
0
0
0
0
0
1.1956899166107178
1.1797709465026855
1.11711585521698
1.125583529472351
1.1068675518035889
1.1264818906784058
1.1083776950836182
1.0981438159942627
1.1034456491470337
1.1190924644470215
1.1032662391662598
1.1288515329360962
1.1405203342437744
1.2011733055114746
0
0
0
0
0
0
0
0
0
0
0
0
0
0
0
0
0
0
0
0
0
0
0
0
0
2.9082443714141846
2.8335208892822266
2.8432624340057373
2.827974319458008
2.852123737335205
2.9133870601654053
0
0
0
0
0
0
0
0
0
0
0
0
0
0
0
0
0
0
0
0
0
0
0
0
0
0
0
0
0
0
0
0
0
0
0
0
0
0
0
0
0
0
0
0
0
1.6999701261520386
1.659960150718689
1.61302649974823
1.5970561504364014
1.6024225950241089
1.5974748134613037
1.5975284576416016
1.6252505779266357
1.6421037912368774
1.646187663078308
0
0
0
0
2.0274274349212646
1.9931280612945557
1.9779483079910278
1.9799385070800781
1.551992654800415
1.5052489042282104
1.4909467697143555
1.4737452268600464
1.452113151550293
1.4611601829528809
1.4589468240737915
1.4831804037094116
1.474792242050171
1.5065146684646606
1.5602887868881226
0
0
0
0
0
0
0
0
0
0
0
0
0
0
0
0
2.290703535079956
2.2279140949249268
2.1847681999206543
2.195240020751953
2.168135404586792
2.1955723762512207
2.190678358078003
2.253225564956665
0
0
0
0
0
0
0
0
0
0
0
0
0
0
0
0
0
0
0
3.2301743030548096
3.1512832641601562
3.1572928428649902
3.138718366622925
3.1462326049804688
3.228848934173584
0
0
0
0
0
0
0
0.8977336287498474
0.8743286728858948
0.8492260575294495
0.8392712473869324
0.8430973291397095
0.8245036602020264
0.8246018886566162
0.814696729183197
0.8320342302322388
0.8234988451004028
0.8252597451210022
0.8218538165092468
0.8327134251594543
0.8337111473083496
0.8574294447898865
0.8638612031936646
0.8851161003112793
0.9040534496307373
2.9390242099761963
2.947892665863037
2.9781179428100586
0
0
0
0
0
0
0
0
0
0
0
0
0
0
0
0
0
0
0
0
0
0
0
0
0
0
0
3.24849534034729
3.2128660678863525
3.182405471801758
3.179511547088623
3.2177672386169434
3.3395965099334717
0
0
0
0
0
0
0
0
0
0
0
0
0
0
0
0
0
1.980323076248169
1.9634308815002441
1.9450042247772217
1.930052638053894
1.9251405000686646
1.9258538484573364
1.9465358257293701
1.9899336099624634
2.049423933029175
0
0
0
0
0
0
3.48992919921875
3.426248550415039
3.425668478012085
3.41375470161438
3.462656021118164
0
0
0
0
0
0
0
0
0
0
0
0
0
0
0
0
0
0
0
0
0
0
0
