0
0
0
0
0
0
0
0
0
0
0
0
0
0
0
0
0
0
2.12203049659729
2.014413595199585
2.0108730792999268
1.9876981973648071
1.9870635271072388
1.9981781244277954
2.0155224800109863
2.0269885063171387
2.060708522796631
0
0
0
0
0
0
0
0
0.9883306622505188
0.9599423408508301
0.9348129630088806
0.9356045722961426
0.9193403124809265
0.9079051613807678
0.9100270867347717
0.9044719338417053
0.9013859629631042
0.901033878326416
0.9011717438697815
0.8949335217475891
0.9022468328475952
0.9281596541404724
0.9374639987945557
0.9589287638664246
0.9753618836402893
0
0
0
0
0
0
2.9131133556365967
0
0
0
0
0
0
0
0
0
0
0
0
0
0
0
0
0
0
0
0
0
0
0
0
0
0
0
0
0
0
0
0
0
0
0
0
0
0
0
0
0
0
0
0
0
0
3.220015287399292
0
0
0
0
0
0
0
0
0
0
0
0.9519616961479187
0.9462360143661499
0.8959154486656189
0.8894718289375305
0.8908193707466125
0.8847408294677734
0.8640676140785217
0.8705602884292603
0.8857622146606445
0.8650168776512146
0.8946647047996521
0.8857778310775757
0.8805398941040039
0.9123437404632568
0.9073536396026611
0.9045974016189575
0.9518709182739258
0
2.906367301940918
2.8645389080047607
2.8322129249572754
2.8216583728790283
2.863527774810791
2.882896900177002
0
0
1.5923539400100708
1.524980902671814
1.5075124502182007
1.4676333665847778
1.4833314418792725
1.4636155366897583
1.4422839879989624
1.4915775060653687
1.505650520324707
1.5178685188293457
1.55583918094635
2.3012940883636475
2.323181629180908
2.338547945022583
2.3875253200531006
0
0
0
0
0
0
0
0
0
0
0
0
0
0
0
0
0
0
0
0
0
0
0
0
0
3.4652764797210693
2.5968141555786133
1.6635338068008423
1.5928702354431152
1.5576611757278442
1.556382656097412
1.547180414199829
1.5210094451904297
1.52605402469635
1.5491125583648682
1.5832955837249756
1.5825023651123047
1.6531999111175537
0.6497178673744202
0.6324305534362793
0.6264825463294983
0.6023985743522644
0.5889955163002014
0.6011828184127808
0.5892201066017151
0.5674948692321777
0.5690833330154419
0.5629839301109314
0.5568965077400208
0.5684118866920471
0.5628814101219177
0.5789181590080261
0.5723636150360107
0.5676889419555664
0.5782240629196167
0.5669402480125427
0.6097992658615112
0.5985620021820068
0.6021498441696167
0.5980685353279114
0.6000536680221558
0.637851357460022
0.6684203743934631
2.8446097373962402
2.7938196659088135
2.7518060207366943
2.718360424041748
2.645839214324951
2.599313497543335
2.568756580352783
2.577057361602783
2.647068738937378
2.6750922203063965
2.7650420665740967
2.8240628242492676
0
0
0
0
0
0
0
0
3.462650775909424
3.395934581756592
3.3864355087280273
3.3835887908935547
3.414994239807129
0
0
0
0
0
0
0
0
0
0
0
0
0
0
0
0
3.2289927005767822
3.152301073074341
3.1035282611846924
3.1147847175598145
3.13025164604187
3.1675984859466553
0
0
0
0
0
0
0
0
0
0
0
0
0
0
0
0
0
0
0
3.404768466949463
3.3545114994049072
3.3418004512786865
3.357253074645996
3.387784957885742
0
0
2.486952781677246
2.386033773422241
2.3097758293151855
2.226627826690674
2.172975540161133
2.197730302810669
2.2138969898223877
1.9878361225128174
1.9388606548309326
1.9068670272827148
1.8453130722045898
1.7813960313796997
1.7579458951950073
1.7125250101089478
2.2491824626922607
2.288970947265625
2.311586380004883
2.348665475845337
2.396937847137451
2.4253745079040527
2.4816107749938965
2.5330545902252197
2.584249258041382
2.6136984825134277
2.587371349334717
2.5371954441070557
2.526901960372925
0.7288068532943726
0.7108221650123596
0.6724018454551697
0.6884385943412781
0.6385188698768616
0.6560072302818298
0.6552315354347229
0.6532129645347595
0.6271191835403442
0.645656406879425
0.6736810803413391
0.6390459537506104
0.6470363140106201
0.6594114899635315
0.6471027731895447
0.6591467261314392
0.6579957604408264
0.6456208825111389
0.6640079617500305
0.6723979115486145
0.7073529958724976
0.7000691294670105
0.7523574233055115
2.062284469604492
2.0322508811950684
2.019538640975952
2.025832414627075
2.037726640701294
2.050762414932251
2.0753021240234375
2.134817361831665
0
0
0
0
0
0
0
0
