2.2675538063049316
2.305002212524414
0
0
0
0
0
0
0
0
0
0
0
0
0
0
0
0
0
0
3.4964799880981445
3.4568569660186768
3.4906632900238037
3.480437994003296
0
0
0
0
0
0
0
0
0
0
0
0
0
0
0
0
0
0
0
0
3.4502906799316406
1.5606285333633423
1.5297421216964722
1.5163596868515015
1.489907145500183
1.5056650638580322
1.47691810131073
1.5123952627182007
1.488596796989441
1.4893776178359985
1.5300307273864746
1.5740951299667358
0
0
0
0
0
0
0
0
3.1025309562683105
3.0532314777374268
3.058123826980591
3.0678772926330566
3.1045405864715576
0
0
0
0
0
0
0
0
0
0
0
0
0
0
0
0
0
0
0
0
0
0
0
0
0
0
0
0
0
0
0
0
0
0
0
0
0
0
0
0
0
0
0
0
0
0.7693476676940918
0.7389321327209473
0.7110784649848938
0.6912373900413513
0.6925334930419922
0.698671281337738
0.6927072405815125
0.6870410442352295
0.6729553937911987
0.6893520951271057
0.6723138093948364
0.6846998929977417
0.6548522710800171
0.6857905983924866
0.678704023361206
0.6798753142356873
0.691484808921814
0.6806711554527283
0.7172248959541321
0.7076818346977234
0.7306492328643799
0.8006786108016968
0
0
0
0
0
0
0
0
0
0
0
0
0
0
0
0
0
0
0
0
0
0
0
0
0
0
0
0
0
0
0
0
0
0
0
0
0
0
0
0
0
0
0
0
0
0
0
0
0
0
0
0
0
0
0
0
0
0
0
0
0
0
0
0
0
0
0
0
0
0
0
0
0
0
0
0
0
0
0
0
0
0
0
0
0
0
0
0
0
0
0
0
0
0
0
0
0
0
0
0
0
0
0
0
0
0
0
0
0
0
0
1.6859300136566162
1.6227961778640747
1.5961427688598633
1.5940463542938232
1.5784220695495605
1.5726944208145142
1.5780065059661865
1.590843677520752
1.5939440727233887
1.6227326393127441
1.6541622877120972
0
0
0
0
0
0
0
0
0
0
3.1997246742248535
3.1714935302734375
3.172475814819336
3.186513900756836
3.232508420944214
0
0
0
0
0
0
0
0
0
0
0
0
0
0
0
0
0
0
0
0
0
0
0
0
0
0
0
0
0
0
0
0
0
0
0
0
0
0
3.1210238933563232
3.044661045074463
3.012108325958252
3.00321102142334
3.0292093753814697
3.0540778636932373
0
0
0
0
0
0
0
0
0
0
0
0
0
0
0
0
1.1018428802490234
1.069692611694336
1.0423439741134644
1.019931435585022
1.0198442935943604
1.0197721719741821
1.012992262840271
0.996738076210022
1.016872763633728
1.0025129318237305
1.005064845085144
1.0182456970214844
1.035109519958496
1.032417893409729
1.0587574243545532
1.0906141996383667
0
0
0
0
2.3489747047424316
2.282848358154297
2.258406639099121
2.2350733280181885
2.2364470958709717
2.2658722400665283
2.267781972885132
