0
0
0
0
0
0
0
0
0
0
0
0
0
0
0
0
0
0
0
0
0
0
0
0
0
0
0
2.5461478233337402
2.553560972213745
0
0
0
0
0
0
0
0
0
0
0
0
0
0
0
0
0
0
3.352506637573242
3.3082621097564697
3.30025577545166
3.312962770462036
3.348098039627075
0
0
0
0
0
0
0
0
0
0
0
0
0
0
0
0
1.573331356048584
1.5342457294464111
1.5134435892105103
1.4910401105880737
1.4961403608322144
1.5083967447280884
1.5132527351379395
1.5155218839645386
1.5215147733688354
1.5424607992172241
1.5994969606399536
0
0
0
0
0
0
0
0
0
0
0
0
0
0
0
0
0
0
0
0
0
0
0
0
0
0
0
0
0
2.399566650390625
2.376102924346924
0
0
0
0
0
0
0
0
0
0
0
0
0
0
0
0
0
0
0
0
0
0
0
0
0
0
0
0
0
0
0
0
0
0
0
0
2.7239277362823486
0
0
0
0
0
0
0
0
0
0
0
0
0
0
0
0
0
0
0
0
0
0
2.4216420650482178
2.380868911743164
2.346313238143921
2.3502557277679443
2.354618549346924
2.337028980255127
2.3781914710998535
0
0
0
0
0
0
0
0
0
0
0
0
0
0
0
0
0
0
0
0
0
0
0
0
0
0
0
2.814610719680786
0
0
0
0
0
0
0
0
0
0
0
0.7034655213356018
0.6517683863639832
0.6475659608840942
0.630285382270813
0.6139219403266907
0.6149088740348816
0.6068755984306335
0.5958900451660156
0.586639940738678
0.6094086766242981
0.5872622728347778
0.575562596321106
0.5780081152915955
0.584420382976532
0.6028181314468384
0.5974823236465454
0.5896196365356445
0.5938705205917358
0.6151177287101746
0.6074413657188416
0.6178238987922668
0.622753918170929
0.6380224823951721
0.6368137001991272
0.7021469473838806
0
0
0
0
0
0
0
0
0
0
0
0
0
0
0
0
2.4245824813842773
2.376729726791382
2.335986852645874
2.3259942531585693
2.3430423736572266
2.3789761066436768
2.3889360427856445
0
0
0
0
0
0
0
0
0
0
0
0
0
0
0
0
0
0
0
0
0
0
0
0
1.1243164539337158
1.121190071105957
1.114389419555664
0
0
0
0
0
2.7177047729492188
2.6653637886047363
2.6123321056365967
2.5979080200195312
2.6037330627441406
2.622089385986328
2.665520668029785
0
0
0
0
0
0
0
0
0
0
0
0
0
0
0
0
0
0
0
0
0
0
0
0
0
0
0
0
0
0
0
0
0
2.1791341304779053
2.137883186340332
2.128143548965454
2.1128599643707275
2.1177845001220703
2.089592218399048
2.1081035137176514
2.164468288421631
2.1966006755828857
0
0
0
0
0
0
0
0
0
0
0
0
0
0
0
0
