2.5542097091674805
2.720205783843994
2.908038854598999
3.12455153465271
3.3754265308380127
0
0
0
0
0
0
0
0
0
0
0
0
0
0
0
0
0
0
0
0
0
0
0
0
0
0
0
0
0
0
0
0
0
0
0
3.0235307216644287
0
0
0
0
0
0
0
0
0
0
0
0
0
0
0
0
0
0
2.521294116973877
2.4603140354156494
2.423327684402466
2.425590753555298
2.4219067096710205
2.4276695251464844
2.4756834506988525
2.5648698806762695
0
0
0
0
0
0
0
0
0
0
0
0
0
0
0
0
0
0
0
0
0
0
0
0
0
3.3066980838775635
0
0
0
0
0
0
0
0
1.791521430015564
1.7121068239212036
1.7059472799301147
1.6807429790496826
1.6634047031402588
1.6798514127731323
1.6959470510482788
1.6876351833343506
1.6879990100860596
1.7208502292633057
0
0
0
0
0
0
0
0
0
0
0
0
0
0
0
0
0
0
0
0
0
0
0
0
0
0
0
0
0
0
0
0
0
0
0
0
0
0
0
0
0
0
0
0
0
0
0
0
0
0
0
0
0
0
0
3.0202271938323975
2.924217700958252
2.8925390243530273
2.9081132411956787
2.9257915019989014
2.9783670902252197
0
1.572375774383545
1.5445514917373657
1.5115032196044922
1.501273274421692
1.4670350551605225
1.492540717124939
1.5120705366134644
1.5148179531097412
1.5276477336883545
1.5484650135040283
1.594528317451477
0
0
0
0
0
0
0
0
0
0
0
0
0
0
0
0
0
0
0
0
0
0
0
0
3.3312525749206543
3.071624755859375
2.8608992099761963
2.6730406284332275
2.5832996368408203
2.3958816528320312
2.288865804672241
2.1828484535217285
2.0680017471313477
1.967400074005127
1.907965064048767
1.8223958015441895
1.756096601486206
1.691118597984314
1.6252802610397339
1.56257963180542
1.5187182426452637
1.4735406637191772
1.4339854717254639
1.38721764087677
1.3383420705795288
1.3192838430404663
1.3018074035644531
1.2581301927566528
1.21216881275177
1.1748175621032715
1.173882246017456
1.1474077701568604
1.1069846153259277
1.0843884944915771
1.0593583583831787
1.0339312553405762
1.0363459587097168
1.004184603691101
0.9999936819076538
0.9814375638961792
0.9353861212730408
0.9459362030029297
0.9223547577857971
0.9198132157325745
0.9141405820846558
0.9169236421585083
0.8834975361824036
0.8800699710845947
0.8646686673164368
0.8793973922729492
0.8565689921379089
0.8345536589622498
0.8147780895233154
0.8027853965759277
0.8265054225921631
0.8008511066436768
0.7950488328933716
0.8120204210281372
0.7983664870262146
0.7581371665000916
0.7957822680473328
0.770834743976593
0.7700087428092957
0.7761402130126953
0.7597331404685974
0.7435912489891052
0.75665283203125
0.7432554364204407
0.7375615239143372
0.7395764589309692
0.7265802025794983
0.7344468832015991
0.7357485294342041
0.7258138060569763
0.7280371785163879
0.7296991348266602
0.7244598269462585
0.7165924906730652
0.7185859084129333
0.7191247940063477
0.7291646599769592
0.7295888662338257
0.717591404914856
0.7241388559341431
0.7245832681655884
0.7084383368492126
0.7167041301727295
0.7252454161643982
0.7200596332550049
0.7350215911865234
0.7342275381088257
0.738339364528656
0.7198876738548279
0.7384334802627563
0.7313197255134583
0.7350695133209229
0.7431018352508545
0.7331045269966125
0.7298884987831116
0.75706547498703
0.753409743309021
0.7512670159339905
0.7717409729957581
0.7814586758613586
0.7816430330276489
0.7855184674263
0.8093166947364807
0.8019977807998657
0.8144383430480957
0.8103270530700684
0.7979515194892883
0.8175742626190186
0.8293387293815613
0.8384770750999451
0.8555836081504822
0.8703062534332275
0.8684008717536926
0.8665238618850708
0.9080455303192139
0.897172212600708
0.9153479337692261
0.9411696791648865
0.9311075806617737
0.9588956236839294
0.9829728007316589
0.9836990237236023
0.9894886612892151
0.9963700771331787
1.0392496585845947
1.066864013671875
1.0744096040725708
1.0899404287338257
1.0996489524841309
1.1527724266052246
1.185528039932251
1.1980363130569458
1.2177807092666626
1.2754523754119873
1.306653618812561
1.3213204145431519
1.3564120531082153
1.3986213207244873
1.4710421562194824
1.501702904701233
1.5478954315185547
1.6211744546890259
1.6674083471298218
1.7286931276321411
1.7801910638809204
1.8744562864303589
1.9522346258163452
2.0622551441192627
2.170811653137207
2.2556312084198
2.3678479194641113
2.519846200942993
