0
0
0
0
0
0
0
3.1550068855285645
3.1710076332092285
3.184448719024658
2.208129405975342
2.224327325820923
2.2408065795898438
2.2516629695892334
2.2575066089630127
2.2675349712371826
2.285040855407715
1.334649920463562
1.3347529172897339
1.3592679500579834
1.3752938508987427
1.3732126951217651
1.387510895729065
1.4129478931427002
1.4157923460006714
1.4230215549468994
1.4258248805999756
1.4317893981933594
1.4308125972747803
1.4580475091934204
1.4682937860488892
1.5192290544509888
1.9910391569137573
2.0046396255493164
2.017878293991089
2.0715131759643555
2.068300485610962
0
3.2295751571655273
3.2545480728149414
3.3069145679473877
3.3666610717773438
3.3994789123535156
3.459444522857666
3.4216549396514893
3.356635332107544
3.3093342781066895
3.2460551261901855
3.1994946002960205
3.138270378112793
3.0959339141845703
2.60491681098938
2.661149501800537
2.7323527336120605
2.792595624923706
2.8436925411224365
3.0049757957458496
2.948408842086792
3.4683263301849365
3.409668445587158
3.378095865249634
3.363835573196411
0
0
0
0
0
0
0
0
0
0
0
0
0
0
0
0
0
0
0
0
0
0
0
0
0
0
0
0
0
0
0
0
0
0
0
0
0
0
0
0
1.926292896270752
1.9355568885803223
1.9000248908996582
1.9024690389633179
1.9057981967926025
1.9043034315109253
1.9012858867645264
1.8909605741500854
1.892331600189209
1.8990141153335571
1.8852099180221558
1.8941230773925781
2.223059892654419
0
0
0
0
0
0
0
0
0
0
0
0
0
0
0
0
0
3.4797310829162598
3.4153928756713867
3.3321754932403564
3.2988500595092773
3.2506446838378906
0
0
0
0
0
0
0
0
0
0
0
0
0
0
0
0
0
0
0
3.125166177749634
3.276400327682495
3.4030256271362305
3.416379928588867
3.3994274139404297
3.359011173248291
3.3541038036346436
3.3375954627990723
3.3394293785095215
3.3114047050476074
3.30104923248291
3.27675199508667
3.2614192962646484
3.2551064491271973
3.253178358078003
3.25327467918396
2.8352859020233154
3.1168463230133057
0
0
0
0
0
0
0
0
0
0
0
0
0
0
0
0
0
0
0
0
0
0
0
0
0
3.0374085903167725
3.110457420349121
3.1661999225616455
3.257845878601074
3.357046365737915
3.3701467514038086
3.331228733062744
3.2959272861480713
2.812265634536743
2.8992044925689697
2.986502170562744
3.077561616897583
0
0
0
0
0
0
0.9352410435676575
0.9498530030250549
0.9700250029563904
0.9720315933227539
0.972546398639679
1.0025601387023926
1.0250519514083862
1.0380605459213257
1.060584306716919
1.0826835632324219
1.1015872955322266
1.141059160232544
1.149867057800293
1.1820063591003418
1.2070940732955933
1.2212133407592773
1.1778644323349
1.1746790409088135
1.159140706062317
1.1225000619888306
1.1308237314224243
1.118571162223816
1.0904921293258667
1.097319483757019
1.0958507061004639
1.088202714920044
1.0881623029708862
1.0501930713653564
1.0687898397445679
1.048254132270813
1.0372707843780518
1.045148253440857
1.0166651010513306
1.0079048871994019
1.0266541242599487
1.023459792137146
1.0061736106872559
1.0055317878723145
0.9951232671737671
0.9991128444671631
0.9994890093803406
1.0082021951675415
1.0025850534439087
1.0066255331039429
1.0036725997924805
0.981705367565155
0.9670841097831726
0.9632549285888672
1.0003845691680908
0.9826627969741821
0.977337121963501
0.9821184873580933
0.9776430130004883
0.9790298938751221
0.9984468817710876
0.967639684677124
0.9793485999107361
0.9816850423812866
0.9936338663101196
0.9940222501754761
0.9795296788215637
0.8932474255561829
0.7838015556335449
0.7386353611946106
0.6829666495323181
0.63446044921875
0.6034189462661743
0.605870246887207
0.9078418612480164
0.8478978276252747
0.8105406165122986
0.7862884998321533
0.7285625338554382
0.6992470026016235
0.670304000377655
0.6413994431495667
0.653260350227356
1.1159576177597046
1.0879669189453125
1.1093637943267822
1.1311460733413696
1.1279587745666504
1.1275804042816162
1.1442323923110962
1.1597133874893188
1.1753302812576294
1.2008808851242065
1.2035431861877441
1.2171515226364136
1.2478772401809692
1.2817944288253784
1.269632339477539
1.3104456663131714
1.3250113725662231
1.3581374883651733
1.345015287399292
1.3762118816375732
1.401490569114685
1.4167745113372803
1.4447784423828125
1.507538914680481
1.521238088607788
1.4803009033203125
1.4746392965316772
1.449514389038086
1.449393391609192
1.4260464906692505
1.4102386236190796
1.3724220991134644
1.384274959564209
1.3594194650650024
1.3593497276306152
1.3336879014968872
1.3217742443084717
1.3027540445327759
0
0
0
0
0
0
0
0
0
0
0
0
0
0
0
0
0
0
0
0
0
0
0
0
0
0
0
0
