0
0
0
0
0
0
0
0
0
0
0
0
0
0
0
0
0
0
0
0
0
0
0
0
3.38834285736084
3.336236000061035
2.2030255794525146
3.3456976413726807
3.4149506092071533
0
0
0
0
0
0
3.365868091583252
3.313185691833496
3.2928295135498047
3.320744276046753
3.357661008834839
0
0
0
0
0
0
0
0
0
0
0
0
0
0
0
0
0
0
1.83641517162323
1.7655080556869507
1.7367095947265625
1.726028561592102
1.7077542543411255
1.713468313217163
1.7204177379608154
1.708199143409729
1.2332686185836792
1.1972343921661377
1.1765145063400269
1.1692125797271729
1.1606186628341675
1.1576372385025024
1.1392210721969604
1.1558319330215454
1.1679784059524536
1.161935806274414
1.1722874641418457
1.1884775161743164
1.2020362615585327
1.2576143741607666
0
1.872961163520813
0
0
0
0
0
0
0
0
0
0
0
0
1.580248236656189
1.5488389730453491
1.5220006704330444
1.5239835977554321
1.5043516159057617
1.5235695838928223
1.4933335781097412
1.523767352104187
1.5298802852630615
1.5501803159713745
1.5967358350753784
0
0
0
0
0
0
0
0
0
0
0
0
0
0
0
0
0
0
0
0
2.2610716819763184
2.2179114818573
2.1944053173065186
2.186811923980713
2.193601369857788
2.1991076469421387
2.2278873920440674
0
0
0
0
0
0
0
0
0
0
0
0
3.1061103343963623
3.06310772895813
3.0728261470794678
3.052612543106079
3.1033105850219727
0
0
0
0
0
0
0
0
2.8560879230499268
0.6064281463623047
0.5468472242355347
0.529624879360199
0.5309720039367676
0.5372400283813477
0.49452540278434753
0.4884115159511566
0.4937598705291748
0.4736460745334625
0.48743024468421936
0.49305322766304016
0.4893204867839813
0.47718754410743713
0.4877682328224182
0.4714024066925049
0.4694734811782837
0.47926533222198486
0.48257216811180115
0.4788023829460144
0.48851004242897034
0.4911637306213379
0.4888361096382141
0.4880579710006714
0.5046629905700684
0.5372114181518555
0.518629789352417
0.5402261018753052
0.5446313619613647
0.562170147895813
0
0
0
0
0
0
0
0
0
0
0
0
0
0
0
0
0
0
0
0
0
0
0
0
2.96815824508667
2.9420204162597656
2.936568021774292
2.9366068840026855
2.9803085327148438
0
0
0
0
0
0
0
0
0
0
0
0
0
0
0
0
0
0
0
0
0
0
0
0
0
0
0
0
0
0
0
2.0973329544067383
2.0563879013061523
2.041508913040161
2.005634069442749
1.9775426387786865
2.0014448165893555
2.0399248600006104
2.0532801151275635
2.12544322013855
0
0
0
0
0
0
0
0
0
0
0
0
0
0
0
0
0
0
0
0
0
0
0
0
2.855916976928711
2.8050408363342285
2.798121929168701
2.799793243408203
2.82562255859375
2.880361318588257
0
0
3.225339651107788
3.1527349948883057
3.1308040618896484
3.1166574954986572
3.1296935081481934
3.1787235736846924
0
0
2.051663637161255
1.9949308633804321
1.9614661931991577
1.9630541801452637
1.9786182641983032
1.970335841178894
1.9742953777313232
2.0110232830047607
2.072319269180298
0
0
0
0
0
0
0
0
0
0
0
0
0
0
0
0
0
0
0
0
0
0
0
3.2389755249023438
3.226001501083374
3.221325397491455
3.2228121757507324
3.268829107284546
0.8906878232955933
0.835523247718811
0.8480833172798157
0.8281749486923218
0.8273175954818726
0.8137813806533813
0.7873575687408447
0.8043815493583679
0.7979914546012878
0.7854253053665161
0.8021501302719116
0.7908601760864258
0.7799527049064636
0.8033735752105713
0.8262338638305664
0.8308456540107727
0.8221662640571594
0.8622528910636902
0.8529137969017029
0.9094166159629822
2.8375420570373535
0
0
0
0
0
0
