2.523092031478882
2.549471378326416
2.6179087162017822
0
0
0
0
0
0
0
0
0.9447482824325562
0.9197441339492798
0.9023851156234741
0.8940685391426086
0.8855052590370178
0.8732470870018005
0.8796817660331726
0.8673853278160095
0.8792181015014648
0.8744760155677795
0.8756904602050781
0.8659195899963379
0.8973177671432495
0.8922157883644104
0.9081422090530396
0.9027230143547058
0.9335768222808838
0.9900031685829163
2.337569236755371
2.2753732204437256
2.247981309890747
2.2390503883361816
2.226863145828247
2.237582206726074
2.2439634799957275
2.3003008365631104
0
0
0
0
0
0
0
0
0
0
0
0
0
0
0
0
0
0
0
0
0
0
0
0
0
0
0
0
0
0
1.1753628253936768
1.1636762619018555
1.1362470388412476
1.106499433517456
1.103682041168213
1.099123477935791
1.091185212135315
1.0921175479888916
1.1121351718902588
1.0988737344741821
1.119866132736206
1.127903938293457
1.1496549844741821
1.1721265316009521
1.2280207872390747
2.2803094387054443
2.25797700881958
2.2622268199920654
2.2472434043884277
2.277860641479492
2.3172242641448975
0
0
0
0
0
0
0
0
0
0
0
0
0
0
0
0
0
0
0
0
0
0
0
0
0
0
0
0
0
0
0
0
0
0
0
0
0
0
0
0
0
0
0
0
0.8724349141120911
0.7998683452606201
0.8028855919837952
0.7768582105636597
0.7677337527275085
0.7283713221549988
0.7445014119148254
0.7380592823028564
0.7453649640083313
0.7247573137283325
0.7496427297592163
0.7486070990562439
0.7631139755249023
0.7491584420204163
0.7721680998802185
0.7785434126853943
0.7793084979057312
0.7756163477897644
0.8179706335067749
0.8321691155433655
0
0
0
0
0
0
0
0
0
0
0
0
0
0
0
0
0
0
0
0
0
0
0
0
0
0
0
2.55116605758667
2.5296244621276855
2.508634567260742
2.5054218769073486
2.5236258506774902
2.577598810195923
0
0
0
0
0
0
0
0
0
0
0
0
0
1.1434170007705688
1.0747528076171875
1.0626592636108398
1.0491807460784912
1.0543148517608643
1.0426604747772217
1.022124171257019
1.019989252090454
1.032468557357788
1.0319373607635498
1.03775155544281
1.0499393939971924
1.0299410820007324
1.07882559299469
1.102591633796692
0
0
0
0
0
0
0
0
0
2.4984631538391113
2.468319892883301
2.4424281120300293
2.4202194213867188
2.4402382373809814
2.455087661743164
2.5110342502593994
0
0
0
0
0
0
0
0
0
0
3.393972158432007
3.3484623432159424
3.3354785442352295
3.3609108924865723
3.432032823562622
0
0
0
0
0
0
0
0
0
0
0
0
0
0
0
0
0
0
0
0
0
2.5286495685577393
2.4707388877868652
2.44999361038208
2.437335252761841
2.430119752883911
2.4490621089935303
2.486909866333008
0
0
0
0
0
0
0
0
0
0
0
0
0
0
0
0
0
0
0
0
0
0
0
0
0
0
0
0.9605125188827515
0.9255657196044922
0.9083771109580994
0.8993409872055054
0.8783803582191467
0.8698273301124573
0.8671097755432129
0.8524125218391418
0.8563393354415894
0.8513607978820801
0.8702183961868286
0.8526109457015991
0.8767853379249573
0.8684656023979187
0.8794152736663818
0.8994054794311523
0.9080511927604675
0.9509486556053162
0
0
0
0
0
0
0
0
0
0
0
0
0
0
0
0
0
0
0
0
0
0
0
0
0
0
0
0
0
0
0
0
0
0
0
0
0
0
2.5633492469787598
2.5306334495544434
2.5125668048858643
2.508726119995117
2.510315179824829
