0
0
0
0
0
0
0
0
0
0
0
0
0
0
0
0
0
0
0
0
0
0
0
0
0
0
0
0
0
0
0
0
3.499040365219116
3.4617512226104736
3.456899642944336
3.484642744064331
0
0
0
0
0
3.1919476985931396
3.179922103881836
3.1697347164154053
3.181157350540161
3.20865535736084
0
0
0
0
0
0
0
0
0
0
0
0
0
0.5886008739471436
0.5881608128547668
0.5926656126976013
0.5569553375244141
0.6022634506225586
0.6092461347579956
0
0
0
2.2361786365509033
2.184674024581909
2.150963544845581
2.164762258529663
2.163330078125
2.1786136627197266
2.2029950618743896
2.278071403503418
3.415480136871338
3.413036823272705
3.4009337425231934
3.391199827194214
3.3771908283233643
2.606492519378662
2.5903615951538086
2.576573610305786
2.5896620750427246
2.5960047245025635
2.6214280128479004
3.324925422668457
3.3297324180603027
3.3218090534210205
3.3199992179870605
3.3167667388916016
0
3.3541243076324463
3.3490166664123535
3.355609893798828
3.3817360401153564
3.396242618560791
3.3825247287750244
3.3835511207580566
3.4136130809783936
3.404456377029419
3.4279870986938477
3.418329954147339
3.4351625442504883
3.464952230453491
3.469801664352417
0
0
0
0
0
0
0
0
0
2.369946002960205
2.309903621673584
2.3104970455169678
2.300741195678711
2.293086290359497
2.342970848083496
2.3721141815185547
0
0
2.7138006687164307
2.6714298725128174
2.6590969562530518
2.6437549591064453
2.6885533332824707
2.6949944496154785
3.2398784160614014
0
0
0
0
0
0
0
0
0
0
0
0
0
0
0
0
0
0
3.0651090145111084
0
0
0
0
0
0
0
0
0
0
0
0
0
0
0
0
0
0
0
0
0
0
0
0
0
0
0
0
0
0
0
0
0
0
0
0
0
0
0
0
0
0
0
0
0
0
0
0
0
2.8070297241210938
2.7699902057647705
2.7413156032562256
2.7564070224761963
2.7639615535736084
2.81693696975708
0
0
0
0
1.8550599813461304
1.7659562826156616
1.7411636114120483
1.7368170022964478
1.7183525562286377
1.736507534980774
1.7429122924804688
1.7382394075393677
1.7756234407424927
1.7950321435928345
3.4108986854553223
3.43285870552063
3.4715046882629395
0
0
0
0
0
0
0
0
0
1.0612915754318237
1.0113288164138794
1.0067799091339111
0.9734049439430237
0.9812207221984863
0.9475001096725464
0.9576358795166016
0.9589002132415771
0.9531623721122742
0.9617995619773865
0.9614766836166382
0.9512321949005127
0.949383020401001
0.9790278077125549
0.9943503737449646
1.0320889949798584
1.0709182024002075
0
0
0
0
0
0
0
0
0
2.519869804382324
2.4835891723632812
2.4641120433807373
2.4638121128082275
2.45870041847229
2.4921786785125732
2.53755784034729
0
0
0
0
0
0
0
0
0
0
0
0
0
0
0
0
0
0
0
2.704569101333618
2.6648426055908203
2.6503446102142334
2.643899917602539
2.64273738861084
2.667858600616455
2.7298364639282227
0
0
0
0
0
0
0
0
0
0
0
0
0
0
0
0
0
0
0
0
0
1.585058331489563
1.5389118194580078
1.5262619256973267
1.5051343441009521
1.476114273071289
1.4821600914001465
1.489962100982666
1.5025131702423096
1.4971922636032104
1.5129410028457642
1.5638444423675537
2.8882172107696533
2.9360647201538086
0
0
0
0
0
0
0
0
0
0
0
0
0
0
0
0
0
0
0
0
0
0
0
0
0
0
0
0
0
0
0
0
0
0
0
