0
0
1.313612937927246
1.2712702751159668
1.2504115104675293
1.2487250566482544
1.2330412864685059
1.2348464727401733
1.2125351428985596
1.2228347063064575
1.2245292663574219
1.2451672554016113
1.2591831684112549
1.2695621252059937
1.3057706356048584
0
0
0
0
0
0
0
0
0
0
0
0
0
0
0
0
0
0
0
0
0
0
0
0
0
0
0
0
0
0
0
0
0
0
0
0
3.481595039367676
3.4857594966888428
3.4836902618408203
3.47405743598938
3.465679407119751
3.491196632385254
3.4709932804107666
3.4626917839050293
3.4495136737823486
3.4681220054626465
3.4651434421539307
2.0250489711761475
1.9632117748260498
1.9606369733810425
1.9235203266143799
1.9236202239990234
1.948686957359314
1.9266045093536377
1.9634519815444946
1.9946248531341553
0
0
0
0
0
0
0
0
0
0
0
0
0
0
0
0
0
0
0
0
0
0
0
0
0
0
0
0
0
0
0
0
0
2.864607334136963
2.6916863918304443
2.6848042011260986
2.6901304721832275
2.6732778549194336
2.7122364044189453
2.731149435043335
2.7263810634613037
2.755436897277832
2.781677722930908
2.79781436920166
2.820885419845581
2.8292856216430664
2.872758388519287
2.9112656116485596
2.9321157932281494
2.9431216716766357
2.9765164852142334
3.0104024410247803
3.0447616577148438
3.0610804557800293
3.111706256866455
3.1627774238586426
3.205061435699463
3.248382329940796
3.2835147380828857
3.3371365070343018
3.3805177211761475
3.4181034564971924
3.492086410522461
0
0
0
0
0
2.1672608852386475
2.147170305252075
2.1199471950531006
2.1180946826934814
2.105292797088623
0.9220718145370483
0.874214768409729
0.8557429909706116
0.8155478835105896
0.8016276359558105
0.7956180572509766
0.8092979192733765
0.7876234650611877
0.7884548306465149
0.8193010091781616
0.7821604609489441
0.7823440432548523
0.7896674275398254
0.7987303733825684
0.8022357821464539
0.8118027448654175
0.8375129699707031
0.8472890853881836
0.8516572713851929
0.9182164072990417
0
0
0
0
0
0
0
0
0
0
0
0
0
0
0
0
0
0
0
0
0
2.4312362670898438
2.3380002975463867
2.300257921218872
2.31609845161438
2.30780291557312
2.340583562850952
2.3469114303588867
0
0
0
0
0
0
0
0
0
0
0
0
0
0
0
0
0
0
0
0
0
0
0
1.8252503871917725
1.806388258934021
1.794791340827942
1.8087137937545776
1.8002138137817383
1.800952672958374
1.796734094619751
1.7868067026138306
1.7873222827911377
1.773707628250122
1.77598237991333
1.7742704153060913
1.7842541933059692
1.7713288068771362
1.7838338613510132
1.7847000360488892
1.7947336435317993
1.7934584617614746
1.8057869672775269
1.7986772060394287
1.7952446937561035
1.8145166635513306
1.8226301670074463
1.8180334568023682
1.8465889692306519
1.840731143951416
1.8695911169052124
1.8581829071044922
1.8686498403549194
1.875507116317749
1.897965669631958
1.8937766551971436
1.9156137704849243
1.9391475915908813
1.9445679187774658
1.9815425872802734
1.9748228788375854
2.005556344985962
2.035175323486328
2.038522243499756
2.0512616634368896
2.0826361179351807
2.089709520339966
2.1333982944488525
2.1525487899780273
2.1862831115722656
2.221607208251953
2.2290496826171875
2.266180992126465
2.2826850414276123
2.331535816192627
2.3638832569122314
2.405106782913208
2.449355363845825
2.4774234294891357
2.52483868598938
2.570634365081787
2.6257734298706055
2.678192615509033
2.7291343212127686
2.7834866046905518
3.196326494216919
3.1928658485412598
3.1802051067352295
3.179394006729126
3.1488888263702393
3.1757469177246094
3.1463427543640137
3.1568431854248047
3.158029317855835
3.1644399166107178
3.1528286933898926
3.137953758239746
3.1533572673797607
3.1448867321014404
1.9062387943267822
1.8589290380477905
1.8339163064956665
1.843917727470398
1.8103622198104858
1.8259207010269165
1.8286103010177612
1.8349721431732178
1.8439695835113525
1.9400373697280884
3.253483295440674
3.253662347793579
3.264498710632324
3.29130482673645
3.317706823348999
3.3100907802581787
0.7080508470535278
0.6950069069862366
0.6646141409873962
0.6527850031852722
0.6522315740585327
0.6477550268173218
0.6420500874519348
0.6422672867774963
0.626534640789032
0.6292505264282227
0.6252966523170471
0.6077966690063477
0.6303604245185852
0.6259294152259827
0.6414005160331726
0.6346911191940308
0.6451755166053772
0.6249098181724548
0.663735568523407
0.6516879200935364
0.6790496110916138
0.6885703802108765
0.7230841517448425
3.0994389057159424
3.0790090560913086
3.1006052494049072
3.1468493938446045
0
0
0
0
0
0
0
0
0
0
0
0
0
0
0
0
2.3936946392059326
2.322401523590088
2.2937700748443604
2.25393009185791
2.2510435581207275
2.2737741470336914
2.291203498840332
2.332730770111084
0
0
0
