0
0
0
0
0
0
0
0
0
0
0
0
0
0
0
0
0
0
0
0
0
0
0
0
0
0
0
0
0
0
2.815899610519409
2.785857677459717
2.784925699234009
2.7777769565582275
2.800563335418701
2.854179620742798
0
0
0
0
0
0
0
0
0
0
0
0
0
0
0
0
0
0
0
0
0
0
0
0
0
2.5675876140594482
2.575094699859619
0
0
0
0
0
0
0
0
0
0
0
0
0
0
0
0
0
0
0
0
0
0
0
0
0
0
0
0
0
0
0
0
0
0
0
3.1403188705444336
0
1.5414032936096191
1.5244054794311523
0
0
0
0
0
0
0
0
0
0
0
0
0
2.776641845703125
2.7567179203033447
2.7539994716644287
2.7556116580963135
2.7827320098876953
2.8285751342773438
0
0
0
0
0
0
0
0
0.529309093952179
0.4949524998664856
0.44940629601478577
0.4543892741203308
0.4445725381374359
0.4404224157333374
0.4136433005332947
0.42515385150909424
0.42632922530174255
0.41304367780685425
0.4071122705936432
0.40828630328178406
0.4048600494861603
0.41704392433166504
0.4063345789909363
0.4126459062099457
0.40089190006256104
0.39139795303344727
0.41350802779197693
0.38459429144859314
0.39695391058921814
0.3852292597293854
0.4093998670578003
0.41408032178878784
0.42326295375823975
0.41676151752471924
0.4201223850250244
0.42951303720474243
0.4369945228099823
0.4491942822933197
0.47252875566482544
0.45897090435028076
0.4854312241077423
0
0
0
0
0
0
0
0
0
0
0
0
0
1.8936328887939453
1.838339924812317
1.7748010158538818
1.7654082775115967
1.7666014432907104
1.7736725807189941
1.7866443395614624
1.7835725545883179
1.8134504556655884
1.8645340204238892
0
0
0
0
0
0
0
0
0
0
0
0
0
0
0
0
0
0
0
0
0
0
0
0
0
3.439027786254883
0
0
0
0
0
0
0
0
0
0
0
0
0
0
0
0
0
0
0
0
0
0
0
0
0
0
0
0
0
0
1.283307433128357
1.2740386724472046
0
0
3.0444271564483643
3.0043342113494873
2.9808859825134277
2.9660983085632324
3.006899833679199
3.0392098426818848
0
0
0
0
0
0
0
0
0
0
0
0
0
0
0
0
0
0
0
0
0
0
0
0
0
0
0
0
0
0
0
0
0
0
0
0
0
0
0
0
0
0
0
0
0
0
0
0
2.822498321533203
2.7476563453674316
2.7574777603149414
2.7472591400146484
2.7545583248138428
2.814175605773926
0
0
0
0
0
0
0
0
0
0
0
0
0
0
0
0
0
0
0
0
0
0
0
0
0
0
0
0
0
1.5017132759094238
1.4773541688919067
1.4526479244232178
1.4353276491165161
1.4388161897659302
1.4435479640960693
1.4404879808425903
1.4508296251296997
1.4417906999588013
1.4650633335113525
1.5101511478424072
0
0
0
0
0
0
0
0
0
0
0
0
0
0
0
