0
0
0
0
0
0
0
0
0
0
0
0
0
0
0
0
0
0
0
0
0
0
0
0
0
0
0
0
0
0
0
0
0
0
0
0
0
0
0
0
0
0
0
0
0
0
0
0
0
0
0
0
0
0
0
0
0
0
0
0
0
0
0
0
0
0
0
0
0
0
0
0
0
0
0
0
0
0
0
0
0
0
0
0
0
0
0
0
0
0
0
0
0
0
0
0
0
0
0
0
0
0
0
0
0
0
0
0
0
0
0
1.8779791593551636
1.739382028579712
1.5767592191696167
1.484822392463684
1.390106439590454
1.3012295961380005
1.2331578731536865
1.1502623558044434
1.1061437129974365
1.0398997068405151
1.0043951272964478
0.9536169767379761
0.9098832607269287
0.8745483756065369
0.8645383715629578
0.8094430565834045
0.7982462644577026
0.7489524483680725
0.7470794320106506
0.7358925938606262
0.6929773688316345
0.6973036527633667
0.638892650604248
0.6474794149398804
0.6102518439292908
0.6045920252799988
0.5916693806648254
0.5901477932929993
0.5716789364814758
0.561753511428833
0.5547714233398438
0.5462126731872559
0.5402786135673523
0.4980621337890625
0.49973538517951965
0.4885508418083191
0.48422980308532715
0.48526686429977417
0.4820755422115326
0.46303895115852356
0.4591324031352997
0.4546404182910919
0.4645327031612396
0.44614166021347046
0.4243854284286499
0.4383799731731415
0.40297746658325195
0.42380470037460327
0.44015127420425415
0.4281442165374756
0.3985094428062439
0.4024645984172821
0.39439064264297485
0.4062776565551758
0.38958239555358887
0.38051876425743103
0.3743955194950104
0.3946950435638428
0.37128421664237976
0.366169810295105
0.383944034576416
0.3887645900249481
0.38657018542289734
0.3710171580314636
0.3717655539512634
0.3599123954772949
0.35430195927619934
0.3700743019580841
0.3441503047943115
0.36748799681663513
0.35589468479156494
0.3550053536891937
0.3608267903327942
0.3341742157936096
0.3560958504676819
0.35117170214653015
0.3678981363773346
0.35162413120269775
0.348833292722702
0.35498350858688354
0.3526809811592102
0.3430778980255127
0.3754205107688904
0.33231204748153687
0.3574388325214386
0.359870582818985
0.35340768098831177
0.3634864389896393
0.35420292615890503
0.3746625781059265
0.3500990569591522
0.3652549386024475
0.3527040183544159
0.36872348189353943
0.3549785614013672
0.35014715790748596
0.3720422387123108
0.3667758107185364
0.3638562560081482
0.3703225255012512
0.34495440125465393
0.4004113972187042
0.3766576945781708
0.38259679079055786
0.3965088129043579
0.38876521587371826
0.3978765308856964
0.4208102524280548
0.3851231038570404
0.41230684518814087
0.42464956641197205
0.4296016991138458
0.4304373562335968
0.4230978786945343
0.43511512875556946
0.4487082064151764
0.4490395486354828
0.44238418340682983
0.4648021459579468
0.4588066041469574
0.46686258912086487
0.4723358452320099
0.4889213442802429
0.5030315518379211
0.5051999688148499
0.4953761398792267
0.5178001523017883
0.5339875817298889
0.5519083142280579
0.5586654543876648
0.5397239923477173
0.5793142914772034
0.5912649035453796
0.609268307685852
0.6076341867446899
0.6273130178451538
0.623852550983429
0.6743813157081604
0.6863915324211121
0.7263609170913696
0.732245683670044
0.7574109435081482
0.8117544651031494
0.8326877951622009
0.8599921464920044
0.8753601312637329
0.9283699989318848
0
0
0
0
0
0
0
0
0
0
0
0
0
0
0
0
0
3.4752914905548096
3.336596727371216
3.227421283721924
3.1399734020233154
3.0618317127227783
2.9454922676086426
2.8829922676086426
2.7887985706329346
2.7298851013183594
2.6531472206115723
2.601130962371826
2.5495383739471436
2.4799461364746094
2.4409379959106445
2.391282320022583
2.3458592891693115
2.2957730293273926
2.2581567764282227
2.213315963745117
2.1829476356506348
2.1286208629608154
2.1122984886169434
2.072838544845581
2.0496180057525635
2.0256147384643555
1.9836868047714233
1.9770886898040771
1.9351571798324585
1.9232591390609741
1.8943486213684082
1.8735613822937012
1.8691776990890503
1.8307468891143799
1.814690351486206
1.778674602508545
1.7850797176361084
1.752804160118103
1.743713617324829
1.745680570602417
1.722845196723938
1.7025541067123413
1.7005313634872437
1.699941635131836
1.654565691947937
1.651646375656128
1.6335272789001465
1.6454163789749146
1.634264588356018
1.635103464126587
1.6185102462768555
1.6258350610733032
1.6101276874542236
1.5870903730392456
1.6070871353149414
1.5989222526550293
1.5889724493026733
1.5785021781921387
1.5678491592407227
1.5668814182281494
1.5897843837738037
1.589530110359192
1.5620789527893066
1.5848547220230103
0
0
0
0
0
0
0
0
0
0
0
0
0
0
0
0
0
0
0
0
0
0
