0.9623801708221436
0.9560832381248474
0.9689694046974182
0.9597019553184509
0.9522538185119629
0.96597820520401
0.9538351893424988
0.96116703748703
0.9658582806587219
0.9685207605361938
0.9811826944351196
0.9627496004104614
0.981174111366272
0.9681954383850098
0.9923223257064819
0.9795376062393188
1.0093587636947632
0.9949560761451721
1.0099059343338013
1.013636827468872
1.014220118522644
1.0256367921829224
1.021909236907959
1.032273292541504
1.0605847835540771
1.0342566967010498
1.0132520198822021
0.9496465921401978
0.9480541944503784
0.9083458185195923
0.886647641658783
0.862930178642273
0.8419553637504578
0.8136889934539795
0.8000922203063965
0.7832378149032593
0.7464918494224548
0.7266408801078796
0.7149134874343872
0.7425346970558167
1.002408742904663
0.9890560507774353
0.9680208563804626
0.9435015320777893
0.917618989944458
0.9052634239196777
0.9038212895393372
0.8952693343162537
0.8731995820999146
0.8545904159545898
0.8503755927085876
1.5070070028305054
1.5323258638381958
1.571109414100647
1.6114457845687866
1.6410056352615356
1.6952582597732544
1.7384462356567383
1.776706337928772
1.8005160093307495
1.7781826257705688
1.7669318914413452
1.7566308975219727
1.7316780090332031
1.7178062200546265
1.7051745653152466
1.6740951538085938
1.6653224229812622
1.6419378519058228
1.6604849100112915
1.641210913658142
0
0
0
0
0
0
0
0
0
0
0
0
0
0
0
1.4231725931167603
1.3856687545776367
1.3591644763946533
1.374534010887146
1.3387675285339355
1.3406203985214233
1.3488367795944214
1.3551082611083984
1.356413722038269
1.3680925369262695
1.4033516645431519
1.4417585134506226
0
0
0
0
0
0
0
0
0
2.967679738998413
2.8716354370117188
2.8455352783203125
2.865612268447876
2.8747103214263916
2.898242712020874
0
0
0
0
0
0
0
0
0
0
0
3.485795021057129
3.434377908706665
3.4001400470733643
3.4385666847229004
3.493274211883545
1.772918701171875
1.6855381727218628
1.6698132753372192
1.665398120880127
1.6469390392303467
1.662795066833496
1.647117257118225
1.6570122241973877
1.677486538887024
1.7330085039138794
0
0
0
0
0
0
2.4982309341430664
2.466181755065918
2.4530985355377197
2.4540774822235107
2.4720144271850586
2.4995720386505127
0
0
3.3816099166870117
3.3076417446136475
3.287513256072998
3.292461395263672
3.2932186126708984
0
0
0
0
0
0
0
1.2204737663269043
1.1728744506835938
1.142222285270691
1.1371195316314697
1.1190080642700195
1.1190282106399536
1.1153626441955566
1.1142455339431763
1.1268905401229858
1.1260640621185303
1.1452147960662842
1.15232515335083
1.1768569946289062
1.1889088153839111
2.71927809715271
2.7271735668182373
2.711036443710327
2.709787368774414
2.717877149581909
2.722499370574951
2.701524019241333
2.706336736679077
2.7331948280334473
2.633472204208374
2.3546626567840576
2.9068682193756104
2.6748151779174805
2.458047866821289
2.7700228691101074
2.784886360168457
2.8107106685638428
2.803637981414795
2.814450263977051
2.825420618057251
2.8283889293670654
2.8778367042541504
2.898885488510132
2.91913104057312
2.9260311126708984
2.936082363128662
2.966045379638672
3.013124942779541
3.0541603565216064
3.010626792907715
2.887617349624634
2.816680431365967
2.74273943901062
0
0
0
0
0
0
0
0
1.7695865631103516
1.718394160270691
1.6916968822479248
1.699316382408142
1.6993844509124756
1.6976174116134644
1.7092293500900269
1.7244406938552856
1.7565734386444092
0
0
0.3292791247367859
0.3288101553916931
0.30793341994285583
0.29922351241111755
0.3057194948196411
0.2758394777774811
0.2807334363460541
0.27080094814300537
0.27256321907043457
0.2723011076450348
0.26659101247787476
0.26398834586143494
0.2589813768863678
0.26219284534454346
0.2802547812461853
0.2528119385242462
0.24501842260360718
0.24794542789459229
0.23852889239788055
0.23751094937324524
0.2548752427101135
0.26019173860549927
0.24335280060768127
0.24621781706809998
0.24187934398651123
0.25105154514312744
0.24947400391101837
0.25566190481185913
0.2487620860338211
0.2457994669675827
0.2765991985797882
0.2758833169937134
0.25541239976882935
0.2565615773200989
0.2710735499858856
0.2663120627403259
0.2705518901348114
0.2886132299900055
0.2866653501987457
0.2833855450153351
0.29266542196273804
0.3052961230278015
0.3054933547973633
0.30044984817504883
0.33720430731773376
0.3536640405654907
0
0
0
0
0
0
0
0
0
0
0
0
0
0
0
0
0
0
0
0
0
0
0
0
0
0
0
0
0
0
0
0
0
0
0
0
0
0
0
0
0
0
0
0
0.7139987945556641
0.7160297632217407
0.7371823191642761
0.768891453742981
0.7719852328300476
0.8268941640853882
0.8269457817077637
0.8578125238418579
0.8637211918830872
0.8972280025482178
0.9083307981491089
0.9417058229446411
0.992114245891571
1.0445671081542969
1.0418622493743896
1.0277619361877441
1.0286740064620972
1.0321968793869019
1.0303740501403809
1.0128424167633057
1.008709192276001
1.005048394203186
1.000150203704834
0.9949445128440857
0.9791696667671204
0.9584776759147644
0.9892252683639526
0.9610543251037598
0.9567524790763855
0.9510495662689209
0.9713111519813538
0.958172082901001
0.9561819434165955
0.9774753451347351
0.9505731463432312
0.9659391641616821
0.9886569976806641
0.9654883146286011
0.971550703048706
