0
0
0
0
0
0
0
3.3066391944885254
3.303684949874878
3.318187713623047
3.355527400970459
3.376033067703247
3.3759381771087646
3.368624210357666
0
0
0
0
0
0
0
0
0
0
0
0
0
0
0
0
0
0
0
0
0
0
0
0
0
0
0
0
0
0
0
0
0
0
0
0
2.44671893119812
2.365711212158203
2.292618989944458
2.2075295448303223
2.1338376998901367
2.130601406097412
2.1445865631103516
2.1784768104553223
2.2117793560028076
2.23044753074646
2.2539005279541016
2.2891743183135986
2.3010740280151367
2.3221280574798584
2.3824944496154785
2.3953847885131836
2.4399657249450684
2.4893412590026855
2.522803544998169
2.5534563064575195
2.618062734603882
2.6478090286254883
0
0
0
0
0
0
0
0
0
0
0
0
0
0
0
0
0
0
0
0
0
0
0
0
0
0
2.3733298778533936
2.2604784965515137
2.6527483463287354
2.6703429222106934
2.693094491958618
2.6865787506103516
2.6961538791656494
2.702636241912842
2.729307174682617
2.7315704822540283
2.751540422439575
2.7554147243499756
2.7978482246398926
2.8023641109466553
2.8169960975646973
2.8402280807495117
2.8533291816711426
2.8945560455322266
2.798518180847168
2.7119240760803223
2.6167032718658447
2.5490503311157227
2.6448230743408203
3.0687859058380127
1.5242140293121338
1.5108447074890137
1.5302119255065918
1.5443516969680786
1.5417557954788208
1.5742590427398682
1.6049619913101196
1.6258825063705444
1.6474061012268066
1.6605463027954102
1.7072581052780151
1.7319587469100952
1.7136033773422241
1.685523509979248
1.657872200012207
1.64234459400177
1.6215932369232178
1.5919171571731567
1.5509439706802368
1.5468720197677612
1.5145232677459717
1.4916799068450928
1.4882895946502686
1.4536159038543701
1.4436731338500977
1.4242777824401855
1.401053786277771
1.4131474494934082
1.3774052858352661
1.3628591299057007
1.3691773414611816
1.3570005893707275
1.3275251388549805
0.8631948828697205
0.8910470604896545
0.9360131025314331
0.9546030163764954
1.0097988843917847
1.0809221267700195
1.1130433082580566
1.1872674226760864
1.2556957006454468
1.3888989686965942
1.3669538497924805
2.298532009124756
2.28981876373291
2.2752573490142822
2.274989604949951
2.2704391479492188
3.4438059329986572
0
0
0
0
0
0
0
0
0
0
0
0
0
0
0
0
0
0
0
0
0
0
0
0
0
3.26623797416687
3.269831895828247
3.2613730430603027
3.249699115753174
3.2597408294677734
3.2688090801239014
3.269286632537842
0
0
0
0
0
0
0
0
0
0
0
0
0
0
0
0
0
0
3.3460614681243896
3.366004228591919
3.1802608966827393
3.252605676651001
3.310861587524414
3.365119457244873
1.3221278190612793
1.3442224264144897
1.527780294418335
1.760746955871582
1.7663947343826294
1.762830138206482
1.768903374671936
1.7508940696716309
1.7574337720870972
1.7543615102767944
1.7502062320709229
1.7515255212783813
1.752468466758728
1.767909288406372
1.7784113883972168
1.7751801013946533
1.7550042867660522
1.787081241607666
1.6574530601501465
1.5125815868377686
1.3778531551361084
1.3299219608306885
2.9510676860809326
2.938927173614502
2.9068918228149414
2.9157164096832275
2.9942891597747803
3.210366725921631
0
0
0
0
0
0
0
0
0
0
0
0
0
0
0
0
0
0
0
0
0
0
0
0
0
0
0
0
0
0
0
0
0
0
0
3.3205366134643555
3.3584136962890625
3.3747148513793945
3.405886173248291
2.9135007858276367
2.9154582023620605
2.9685046672821045
2.9932944774627686
3.0171003341674805
3.0559322834014893
3.064610242843628
3.1469106674194336
3.269780158996582
3.218881607055664
0
0
0
0
0
0
1.9185891151428223
1.9059317111968994
1.8606481552124023
1.8442285060882568
1.8239864110946655
1.7475130558013916
1.7568875551223755
1.71877121925354
1.6865971088409424
1.6791796684265137
1.728333830833435
1.571091890335083
1.536952018737793
1.4973949193954468
1.4774811267852783
1.4651411771774292
1.4586256742477417
1.4494963884353638
1.4254460334777832
1.4036890268325806
1.3935834169387817
1.3790221214294434
1.3796238899230957
1.3633652925491333
1.3852638006210327
2.3091073036193848
2.30133056640625
2.288848638534546
2.299285411834717
2.2543869018554688
2.231552839279175
2.2454707622528076
2.246657133102417
2.240873336791992
3.2474052906036377
3.223768949508667
3.2120275497436523
3.205477476119995
0
0
0
0
0
0
0
0
0
0
0
