0
0
0
0
0
0
0
0
0
0
0
0
0
0
0
0
0
0
0
0
0
0
0
1.204730749130249
1.2027616500854492
1.1552587747573853
1.1236910820007324
1.105812907218933
1.1194359064102173
1.119888424873352
1.1056839227676392
1.1001389026641846
1.1051671504974365
1.1162129640579224
1.1416292190551758
1.1482577323913574
1.1735258102416992
1.1957287788391113
0
0
0
0
0
0
0
0
0
0
0
0
0
0
0
0
0
0
0
0
0
0
0
0
0
0
0
0
0
0
0
0
0
0
0
0
0
0
0
0
0
0
0
0
0
0
0
0
0
1.3358815908432007
1.27696692943573
1.2692203521728516
1.2599577903747559
1.2410106658935547
1.231384038925171
1.2321306467056274
1.2314825057983398
1.240641474723816
1.2563272714614868
1.2614006996154785
1.2675373554229736
1.3053394556045532
0
0
0
0
0
0
0
0
3.1776137351989746
0
0
0
0
0
0
0
0
0
0
0
0
0
0
0
0
0
0
0
0
0
0
0
0
0
0
0
0
2.3029088973999023
2.2764480113983154
2.2549753189086914
2.2699639797210693
2.256736993789673
2.2687199115753174
2.3238449096679688
0
0
0
0
0
0
0
3.065826654434204
3.032714605331421
3.030585289001465
3.03822922706604
3.0714328289031982
0
0
0
0
0
0
0
0
0
0
0
0
0
0
0
0
0
0
0
2.719257354736328
2.6179568767547607
2.612602949142456
1.6032315492630005
1.573277235031128
1.54240882396698
0.430536150932312
0.3963330090045929
0.4035843014717102
0.3899979591369629
0.3674122393131256
0.3576701879501343
0.34659987688064575
0.34909147024154663
0.3659713566303253
0.352457731962204
0.34553006291389465
0.33923202753067017
0.33534377813339233
0.32513949275016785
0.34383484721183777
0.35356491804122925
0.32815277576446533
0.31596264243125916
0.33291879296302795
0.33967524766921997
0.34688422083854675
0.33241117000579834
0.3338971734046936
0.36680299043655396
0.3385065197944641
0.33519434928894043
0.3379664421081543
0.33005738258361816
0.36137229204177856
0.3406918942928314
0.3525135815143585
0.3688614070415497
0.3665809631347656
0.36118775606155396
0.3989628851413727
0.401830792427063
0.41536813974380493
0.4363047182559967
0
0
2.574098825454712
2.5463404655456543
2.5330779552459717
2.503326654434204
2.5111448764801025
2.55549693107605
2.6223721504211426
0
0
0
0
0
0
0
0
0
0
0
0
0
0
0
0
0
0
0
0
0
0
0
0
0
0
0
0
0
0
0
0
0
0
0
0
1.0503753423690796
1.0189235210418701
0.9814738035202026
0.9727556705474854
0.9507675170898438
0.9388617277145386
0.9203829765319824
0.9469706416130066
0.9375948905944824
0.9455404877662659
0.9336486458778381
0.94209885597229
0.9629263877868652
0.9462360143661499
0.9748506546020508
1.0016051530838013
1.045859694480896
0
0
0
0
0
0
0
0
0
0
0
0
0
0
0
0
0
0
0
0
0
0
0
0
0
0
0
0
0
0
0
0
0
0
0
2.617130756378174
2.5870625972747803
2.568753480911255
2.580925464630127
2.5655674934387207
2.6218602657318115
2.713902711868286
0
0
0
0
0
0
0
0
0
0
0
0
0
0
0
0
0
1.7583569288253784
1.7328342199325562
1.6781843900680542
1.7062538862228394
1.6719127893447876
1.6768656969070435
1.699487566947937
1.69722580909729
1.7268913984298706
1.7695367336273193
0
0
0
0
0
0
0
0
0
0
