0.8724969029426575
0.8611791133880615
0.8732467889785767
0.8583480715751648
0.8583841919898987
0.844612717628479
0.850361704826355
0.849159836769104
0.8682554364204407
0.8751198649406433
0.8819509744644165
0.8871767520904541
0.9057962894439697
0.9536936283111572
0
0
1.4613027572631836
1.4513400793075562
1.4114484786987305
1.4238730669021606
1.3807134628295898
1.4039726257324219
1.3836088180541992
1.3994985818862915
1.4106765985488892
1.4237701892852783
1.450046181678772
1.0113754272460938
0.9769546389579773
0.9814884662628174
0.9469001293182373
0.9282417297363281
0.9269052147865295
0.91813725233078
0.9230955243110657
0.9144324064254761
0.9197847247123718
0.9204277396202087
0.9431362152099609
0.9490107297897339
0.9404488801956177
0.9570242166519165
0.9796119928359985
1.0109925270080566
0
3.1989829540252686
3.130146026611328
3.1190686225891113
3.1518192291259766
3.185340404510498
0
0
0
3.0378830432891846
2.982835531234741
2.9589710235595703
2.965973377227783
2.9832301139831543
3.056650400161743
0
0
0
0
0
0
0
0
0
0
0
0
0
0
0
0
0
0
0
0
0
0
0
0
3.2257468700408936
3.169522523880005
3.1762115955352783
3.1963181495666504
3.236696243286133
0
0
0
0
3.028899908065796
2.964939832687378
2.9451961517333984
2.963831663131714
2.971694231033325
3.0399787425994873
0
0
0
0
0
0
0
0
0
0
0
0
0
0
0
0
0
0
0
0
0
0
0
0
0
0
0
0
0
0
0
0
0
0
0
0
0
0
0
0
0
0
0
0
0
0
0
1.2156916856765747
1.1950322389602661
1.1665512323379517
1.1397085189819336
1.1358979940414429
1.1247913837432861
1.1359195709228516
1.1381595134735107
1.1293648481369019
1.1436101198196411
1.1600075960159302
1.1864509582519531
1.1946663856506348
1.2251087427139282
1.6601476669311523
1.6559605598449707
1.663333535194397
1.709924340248108
1.7171106338500977
0
0
0
0
0
0
0
0
0
0
0
0
0
0
0
0
0
0
0
0
0
0
0
0
0
0
0
0
0
0
0
0
0
0
0
0
0
0
0
0
0
0
0
0
0
0
0
0
0
0
0
0
0
0
0
0
0
0
0
0
0
0
0
1.7311782836914062
1.6985442638397217
1.7048875093460083
1.6876379251480103
1.6709569692611694
1.675825595855713
1.6672863960266113
1.6964327096939087
1.7229174375534058
0
0
0
0
2.154958486557007
2.120283842086792
2.0967819690704346
2.1096532344818115
2.1077821254730225
2.114290952682495
2.16681170463562
2.2307205200195312
2.651005744934082
2.6321239471435547
2.6157424449920654
2.620197057723999
2.6399712562561035
2.7093710899353027
3.2805488109588623
3.3139758110046387
0
0
0
0
0
0
0
0
0
0
0
0
0
0
0
0
0
0
0
0
0
0
0
0
2.941492795944214
2.8644986152648926
2.851320505142212
2.8377389907836914
2.8411550521850586
2.8729865550994873
2.9548404216766357
3.3192012310028076
2.5011627674102783
2.4944727420806885
2.4537429809570312
2.475175619125366
2.45855975151062
2.497610092163086
2.580238103866577
2.9294273853302
2.922520875930786
2.935438632965088
2.937500238418579
2.567530870437622
2.4946439266204834
2.472034215927124
2.4691388607025146
2.459217071533203
2.4767022132873535
2.524205207824707
0
0
0
0
0
0
0
0
0
0
0
0
0
0
0
0
0
0
0
0
0
0
0
0
0
3.215982675552368
3.143033266067505
3.13877534866333
3.1632027626037598
3.169114351272583
3.2766075134277344
0
0
3.408877372741699
3.31477427482605
3.28794002532959
3.261521816253662
3.297825574874878
3.359206438064575
0
0
0
0
0
0
0
0
1.5000784397125244
1.4580482244491577
0.9520778059959412
0.9227468371391296
0.9049822688102722
0.874068558216095
0.8738420605659485
