2.1318600177764893
2.147623300552368
2.1735618114471436
2.2105085849761963
2.73126482963562
0
0
0
0
2.588228702545166
2.548436164855957
2.5359549522399902
2.515270233154297
2.512516975402832
2.5483806133270264
2.5637474060058594
0
0
0
0
0
0
0
0
0
0
0
0
0
0
0
0
0
0
0
0
0
0
0
0
0
0
0
0
0
0
0.5335028767585754
0.4734327793121338
0.4577236473560333
0.432691365480423
0.4479859173297882
0.43693557381629944
0.41357022523880005
0.4390348792076111
0.40568530559539795
0.3972845673561096
0.4219088554382324
0.4210292398929596
0.3994772434234619
0.403531938791275
0.4208281338214874
0.39950132369995117
0.3999693989753723
0.4033713638782501
0.4131413400173187
0.39873751997947693
0.40925830602645874
0.40186837315559387
0.4126836359500885
0.42216092348098755
0.4238245189189911
0.4218060076236725
0.42591679096221924
0.42401593923568726
0.45795154571533203
0.44663292169570923
0.45408895611763
0.46662119030952454
0.4933668375015259
0.9406123161315918
0.9514435529708862
0.9692567586898804
0.960868775844574
0.9983617067337036
1.0275976657867432
0
0
0
0
0
0
0
0
0
1.3367338180541992
1.2674552202224731
1.251304268836975
0.788243293762207
0.74074387550354
0.7535210847854614
0.7067944407463074
0.7172935009002686
0.703484833240509
0.6762356162071228
0.6651524305343628
0.6886895298957825
0.6752639412879944
0.6741965413093567
0.6884601712226868
0.6733410954475403
0.6794329285621643
0.6753430962562561
0.6953535676002502
0.7062881588935852
0.7108879089355469
0.7311209440231323
0.7437452673912048
0.7626123428344727
0.77562016248703
0
0
0
0
0
0
0
0
0
0
0
0
0
0
0
0
0
0
0
0
0
0
0
0
0
0
0
0
0
0
0
0
0
0
0
0
0
0
0
0
0
0
0
0
0
0
0
0
0
0
0
0
0
0
0
0
0
0
0
0
0
0
0
0
0
0
0
0
0
0
0
0
0
0
0
0
0
0
0
0
0
0
0
0
0
0
0
0
0
0
0
0
0
0
0
0
0
0
0
0
0
0
0
0
0
0
0
0
0
0
0
0
0
0
0
0
0
0
0
0
1.333782434463501
1.2984029054641724
1.2657884359359741
1.2515608072280884
1.2116127014160156
1.183703064918518
1.1585893630981445
1.1284726858139038
1.091174840927124
1.0740349292755127
1.075904130935669
1.0452581644058228
1.006102204322815
1.0065668821334839
0.9706370830535889
0.9762780070304871
0.9499157071113586
0.9421207308769226
0.9335454106330872
0.9200712442398071
0.8950153589248657
0.8828573822975159
0.8851437568664551
0.8618808388710022
0.8569124341011047
0.8333320021629333
0.8378522396087646
0.8342874050140381
0.8094683289527893
0.8227781653404236
0.8018401265144348
0.790946364402771
0.7809382677078247
0.793572723865509
0.7804631590843201
0.7630327343940735
0.7704446911811829
0.7501100301742554
0.7647273540496826
0.772483766078949
0.8170472979545593
0.8647222518920898
0.923336386680603
0.9622587561607361
1.05044686794281
1.1094269752502441
0
0
0
0
0
0
0
0
0
0
0
0
0
0
0
0
0
0
0
0
0
0
0
0
0
0
0
3.4288861751556396
3.370798110961914
1.208083987236023
1.1348910331726074
1.0728808641433716
1.0419230461120605
0.9620928168296814
0.9265359044075012
0.897190272808075
0.879477858543396
0.9162951111793518
0.9127025604248047
0.9405972957611084
0.9169045686721802
0.9384734034538269
0.9493845701217651
0.9689384698867798
0.9862956404685974
0.9862034320831299
1.0011628866195679
1.0190569162368774
1.0179376602172852
1.0367566347122192
1.0478978157043457
1.0698920488357544
1.0819593667984009
1.1149771213531494
1.1130915880203247
1.1200878620147705
1.1436938047409058
1.1555529832839966
1.178810715675354
1.2165210247039795
1.2268155813217163
1.2543731927871704
1.2824254035949707
1.3225946426391602
1.3347278833389282
1.3809336423873901
1.4183180332183838
1.4240740537643433
1.4873762130737305
0
2.225046157836914
2.171693801879883
2.1528711318969727
2.1458499431610107
2.145991086959839
