1.8726760149002075
1.8339929580688477
1.845313310623169
1.859850525856018
1.8361644744873047
1.8519399166107178
1.8232026100158691
1.827571153640747
1.855516791343689
1.8432358503341675
1.8446681499481201
1.851983666419983
1.8389208316802979
1.8648334741592407
1.8596630096435547
1.8513511419296265
1.872151494026184
1.881892442703247
1.8835399150848389
1.8960670232772827
1.8950386047363281
1.8940722942352295
1.9131247997283936
1.9339311122894287
1.934874415397644
1.9633513689041138
1.9620293378829956
1.9696968793869019
1.9934324026107788
1.989090919494629
2.026017904281616
2.0127198696136475
2.046149492263794
2.063821315765381
2.0712571144104004
2.1242828369140625
2.114572048187256
2.1588211059570312
2.1464858055114746
2.1839969158172607
2.2185587882995605
2.230211019515991
2.2628934383392334
2.2930266857147217
2.3144564628601074
2.350245237350464
2.383758068084717
2.419729232788086
2.447641372680664
2.4845917224884033
2.5496840476989746
2.583127975463867
2.605921745300293
2.6708602905273438
2.744330644607544
2.758676290512085
2.8394479751586914
2.8918182849884033
2.9637155532836914
3.023111343383789
3.107516288757324
3.176698923110962
3.2533860206604004
3.34578013420105
3.414628028869629
0
0
0
0
0
0
0
0
0
0
0
0
0
0
0
0
0
0
0
0
0
0
0
0
0
0
0
0
0
0
0
0
0
0
0
0
0
0
0
0
0
0
0
0
2.6978838443756104
2.6812102794647217
2.640299081802368
2.650184392929077
2.6661574840545654
2.687568187713623
0
0
0
0
0
0
0
0
0
0
0
1.1020675897598267
1.0691639184951782
1.0567502975463867
1.028316855430603
1.0275774002075195
1.0167250633239746
1.01168954372406
1.0076724290847778
0.9862988591194153
1.0141453742980957
1.0189992189407349
0.99642413854599
1.0105260610580444
1.0393320322036743
1.0687295198440552
1.0898703336715698
0
0
0
0
0
2.6976895332336426
0
0
0
0
0
0
0
0
0
0
0
0
0
0
0
0
0
2.690885066986084
2.624188184738159
2.5926101207733154
2.62302565574646
2.6128439903259277
2.6370811462402344
0
0
0
0
0
0
0
0
0
0
0
0
0
0
0
0
0
0
0
0
0
0
0
0
0
0
0
0
0
0
0
0
0
0
0
0
0
0
0
0
0
0
0
0
0
0
2.3490734100341797
2.3873555660247803
0
0
0
0
0
0
0
0
0
0
0
0
0
0
0
0
0
0
0
0
0
0
0
0
0
0
0
0
0
0
0
0
0
0
0
0
0
0
0
0
0
0
0
0
1.7287108898162842
1.706223487854004
1.682344913482666
1.6823464632034302
1.6629599332809448
1.6773000955581665
1.684725284576416
1.6899069547653198
1.7155020236968994
1.7955371141433716
0
0
0
0
0
0
0
0
0
0
0
0
0
0
0
0
0
0
0
0
0
0
0
0
0
0
0
0
0
0
0
0
0
0
0
3.4173519611358643
0.8245909214019775
0.8235585689544678
0.7850784659385681
0.7771966457366943
0.7508397698402405
0.7425979971885681
0.7218422889709473
0.7576115727424622
0.7329307794570923
0.7111519575119019
0.7583745121955872
0.7417293787002563
0.7338886260986328
0.7563682794570923
0.7463196516036987
0.7495319247245789
0.7551246285438538
0.7816846966743469
0.7894155979156494
0.8213898539543152
0.846774697303772
2.2837703227996826
2.2224206924438477
2.1951563358306885
2.1922247409820557
2.152890682220459
2.147057294845581
2.1369361877441406
2.0921480655670166
2.0703701972961426
2.0709736347198486
2.056835889816284
2.0288190841674805
2.006136178970337
2.009549140930176
2.000358819961548
1.9888362884521484
1.9635140895843506
1.9549809694290161
1.9240539073944092
1.917907476425171
1.9065971374511719
1.9087488651275635
1.8770791292190552
1.885007381439209
1.8789621591567993
1.8784316778182983
1.8712645769119263
1.8654015064239502
1.865099310874939
1.8649369478225708
