0.4917779266834259
0.4912891089916229
0.520683765411377
0.5344933867454529
0.5543793439865112
0.5589308738708496
0.5746877789497375
2.5799903869628906
2.622318983078003
0
0
0
0
0
0
0
0
0
0
0
0
0
0
0
0
0
0
0
0
0
0
0
0
0
0
0
0
0
0
0
0
0
0
0
0
0
3.1889915466308594
3.1273155212402344
3.1257576942443848
3.093031883239746
3.148989200592041
3.2178969383239746
0
0
0
0
0
0
0
0
0
0
0
0
0
0
0
0
0.7139071226119995
0.6501988172531128
0.6343395709991455
0.6200887560844421
0.6136912703514099
0.6146833300590515
0.5995955467224121
0.5966845750808716
0.5948557257652283
0.5789989829063416
0.5744779706001282
0.5808817148208618
0.5738245248794556
0.574998676776886
0.5831380486488342
0.583669900894165
0.6029133796691895
0.5914154648780823
0.6085945963859558
0.5994769334793091
0.618346095085144
0.6054801344871521
0.6501886248588562
0.6216220259666443
0.6650465726852417
0
0
0
0
0
0
0
0
0
0
0
0
0
0
0
0
0
0
0
0
0
0
0
0
0
0
0
2.138489007949829
2.1125807762145996
2.1067094802856445
2.074510097503662
2.061610221862793
2.1038501262664795
2.103734016418457
2.1701536178588867
0
0
0
0
0
0
0
0
0
0
0
0
0
0
0
0
0
0
0
0
0
0
0
0
0
0
0
0
1.7732516527175903
1.724806785583496
1.7185200452804565
1.7004380226135254
1.6850674152374268
1.694311499595642
1.715625286102295
1.7067734003067017
1.7436457872390747
1.7829179763793945
3.1758015155792236
3.1214048862457275
3.0647172927856445
3.043996572494507
3.0081448554992676
2.981862783432007
2.942242383956909
2.9016692638397217
2.8904972076416016
2.8580002784729004
2.819495439529419
2.804093360900879
2.7865748405456543
2.7508955001831055
2.7362210750579834
2.726060390472412
2.7144887447357178
2.677481174468994
2.6457111835479736
2.647637367248535
2.6330063343048096
2.605753183364868
2.608630418777466
2.5774004459381104
2.5816290378570557
2.550438404083252
2.546992778778076
2.5495779514312744
2.541369676589966
2.5298879146575928
2.530705213546753
2.531607151031494
2.4955692291259766
2.5096988677978516
2.5051989555358887
2.500478506088257
2.4874932765960693
2.5086209774017334
2.501992702484131
2.4811770915985107
2.5107290744781494
2.502990245819092
2.4979774951934814
2.501617908477783
2.5186963081359863
2.5277676582336426
2.0104660987854004
1.9505395889282227
1.936937928199768
1.9317973852157593
1.9297996759414673
1.9400883913040161
1.9475737810134888
1.9814164638519287
0
0
0
0
0
0
0
0
0
0
0
0
0
0
0
0
2.170987844467163
2.14249587059021
2.1054742336273193
2.0847346782684326
2.054425001144409
2.040593385696411
2.013441324234009
2.0027852058410645
1.9843759536743164
1.944075345993042
1.9438505172729492
1.9168658256530762
1.8861900568008423
1.882552981376648
1.8795336484909058
1.86294424533844
1.8373262882232666
1.8211995363235474
1.8239656686782837
1.8149060010910034
1.8035781383514404
1.77302885055542
1.7885140180587769
1.7743325233459473
1.7578372955322266
1.769333004951477
1.7835631370544434
1.947641372680664
2.143904447555542
2.4038546085357666
2.716653347015381
0
0
0
0
0
0
0
0
0
0
0
0
0
0
0
0
0
0
0
0
0
0
0
0
0
0
0
0
0
3.377089738845825
3.3218250274658203
3.2825584411621094
3.2821617126464844
3.3125674724578857
3.37660813331604
1.9216969013214111
1.8563380241394043
1.8188796043395996
1.8029792308807373
1.8030142784118652
1.7837321758270264
1.8075661659240723
1.8113689422607422
1.8439183235168457
1.8728938102722168
0
0
0
0
0
0
0
0
0
0
0
0
0
0
0
0
0
0
0
0
0
0
0
0
0
0
0.5854146480560303
0.5546048879623413
0.5268968939781189
0.5451155304908752
0.5140236020088196
0.5119871497154236
0.5115823149681091
0.4897955358028412
0.5045626163482666
0.5087142586708069
0.49726763367652893
0.4868343472480774
0.48731306195259094
0.4751647114753723
0.4772808253765106
0.4816208481788635
0.4812772274017334
0.4878755211830139
0.4985189139842987
0.4819962978363037
0.4946209490299225
0.4985416531562805
