1.0716807842254639
1.0388985872268677
1.0579047203063965
1.03957200050354
1.02195405960083
1.0406863689422607
1.0465506315231323
1.0580966472625732
1.0465501546859741
0.7440561652183533
0.6804299354553223
0.6771167516708374
0.6252792477607727
0.6319363713264465
0.6216555833816528
0.6169979572296143
0.6141297817230225
0.6102235317230225
0.6038628220558167
0.6058375239372253
0.6133613586425781
0.618899405002594
0.6064444780349731
0.5975093245506287
0.6124814748764038
0.6117206811904907
0.6189307570457458
0.6257845163345337
0.6260842084884644
0.653178334236145
0.6406269073486328
0.6589264273643494
0.6730526089668274
0.7190625667572021
1.085378885269165
1.0849024057388306
1.0861681699752808
1.0914734601974487
1.092238426208496
1.093590497970581
1.1075352430343628
1.1150496006011963
1.1670482158660889
2.235469102859497
2.246656894683838
2.2953429222106934
2.3162596225738525
2.368227005004883
2.403042793273926
2.419738292694092
2.5896785259246826
2.547889232635498
2.5933873653411865
2.623821258544922
2.6559839248657227
2.7068653106689453
2.767307996749878
2.8151638507843018
2.877714157104492
2.9177494049072266
2.987560510635376
3.04274845123291
3.142155408859253
3.198530435562134
3.282402515411377
2.5877597332000732
2.5370335578918457
2.5317044258117676
2.5237693786621094
2.5353314876556396
2.567302703857422
0
0
0
0
0
2.634343385696411
2.5899884700775146
2.5781373977661133
2.5718321800231934
2.5638105869293213
2.5751662254333496
2.6705424785614014
0
0
0
0
0
0
0
0
0
0
0
0
0
1.0834190845489502
1.0688717365264893
0
0
0
0
0
0
0
0
0
0
0
0
0
0
0
0
0
0
0
0
0
0
0
0
0
0
0
0
0
0
0
0
0
0
0
0
0
0
0
0
0
0
0
0
0
0
0
0
0
0
0
3.063462734222412
3.0277178287506104
3.037689208984375
3.0073654651641846
3.0363144874572754
3.0985283851623535
0
0
0
0
0
0
0
0
0
2.7325570583343506
2.6889078617095947
2.6526682376861572
2.677398204803467
2.68807315826416
2.7131669521331787
0
0
0
0
0
0
0
0
0
0
0
0
0
0
0
0
0
2.505018472671509
2.436008930206299
2.3825671672821045
2.408785343170166
2.417797565460205
2.4046385288238525
2.4630842208862305
0
0
0
0
0
0
0
0
0
0
0
0
0
0
0
2.5967957973480225
2.5243241786956787
2.513805866241455
2.5025696754455566
2.476316452026367
2.510610342025757
2.553424596786499
0
0
0
0
0
0
0
0
0
0
0
0
0
0
0
0
0
0
0
0
0
0
0
0
0
0
0
0
0
0
0
0
0
0
0
0
2.0662996768951416
2.071964979171753
0
0
0
0
0
0
0
0
0
0
0
0
0
0
0
0
0
0
0
0
0
0
0
0
0
0
0
0
0
0
0
0
0
0
0
0
0
0
0
2.3685173988342285
2.2881529331207275
2.279858350753784
2.2673871517181396
2.271240711212158
2.2703983783721924
2.299696683883667
2.344989061355591
0
0
0
0
0
0
0
0
2.145615577697754
2.0993666648864746
2.086029052734375
2.0657780170440674
2.0935635566711426
2.07356595993042
2.1201374530792236
2.139253854751587
2.990602731704712
2.936063051223755
2.864624261856079
2.8230912685394287
2.7719292640686035
2.7167136669158936
2.6742591857910156
2.6192402839660645
2.581108331680298
2.5342962741851807
2.4756693840026855
0.7359423041343689
0.6910837292671204
0.6649423241615295
0.6612256169319153
0.6439384818077087
0.6301071643829346
0.6248200535774231
0.6403042078018188
0.6065749526023865
0.62702476978302
0.6167305707931519
0.6137862205505371
0.6104652881622314
0.6159697771072388
0.5934086441993713
0.6184648871421814
0.612183690071106
0.6286713480949402
0.6351031064987183
0.6600984930992126
0.6440337896347046
0.6680090427398682
0.6626490354537964
0.7033965587615967
1.9612287282943726
1.9372973442077637
1.9492781162261963
1.918766975402832
1.1541281938552856
1.1228959560394287
1.085344672203064
1.067331075668335
