0.916161835193634
0.9614084959030151
0.9677435755729675
0.9905473589897156
1.007191777229309
1.030465006828308
1.051440954208374
1.0332893133163452
1.0320844650268555
1.0086290836334229
0.990041971206665
0.9674585461616516
0.9746054410934448
0.9465872645378113
0.9416919946670532
0.917377233505249
0.9256123900413513
0.9200240969657898
0.886338472366333
0.8920270204544067
0.8903027176856995
0.865800142288208
0.8685187697410583
0.8552091121673584
0.8601749539375305
0.8296087980270386
0.8388573527336121
0.8562540411949158
1.4885796308517456
1.4624499082565308
1.4568618535995483
1.4461971521377563
2.3790283203125
2.3833417892456055
2.3565986156463623
2.351600408554077
2.355935573577881
2.3386247158050537
0
0
0
0
0
0
0
0
0
0
0
0
0
0
0
0
0
0
0
0
0
0
0
0
0
0
0
0
0
0
0
0
0
0
0
0
0
0
0
0
0
0
0
0
2.5968875885009766
2.5045342445373535
2.4928247928619385
2.501945972442627
2.488586664199829
2.4998538494110107
2.5171990394592285
0
2.9241065979003906
2.855611801147461
2.8311455249786377
2.812053680419922
2.8179898262023926
2.865873098373413
0
0
0
0
0
0
0
0
0
0
0
0
0
0
0
0
0
0
0
0
0
0
0
0
0
0
0
0
0
0
0
0
0
0
0
1.7080841064453125
1.675453782081604
1.6854039430618286
1.6524083614349365
1.6592044830322266
1.6424916982650757
1.6540273427963257
1.674503207206726
1.7249960899353027
2.2211759090423584
2.241719961166382
2.3003435134887695
0
0
0
0
0
2.030306577682495
1.456709623336792
1.4200681447982788
1.425308108329773
1.4056389331817627
1.4129544496536255
1.3746967315673828
1.389877438545227
1.4236679077148438
1.4198554754257202
1.4452236890792847
1.4793823957443237
0
0
0
0
0
0
0
0
0
0
0
0
0
0
0
0
0
0
0
0
0
0
0
0
0
0
0
0
0
0
0
0
0
0
0
0
0
0
0
0
0
3.115360975265503
3.0923993587493896
3.075090169906616
2.68121075630188
2.612584114074707
2.589568614959717
2.5852725505828857
2.5820910930633545
2.6198501586914062
2.7202494144439697
3.059593915939331
3.0425121784210205
3.0441110134124756
3.047903060913086
3.1037397384643555
0
0
0
0
0
0
0
0
0
0
0
0
0
0
0
0
0
1.3320497274398804
1.2814682722091675
1.2916276454925537
1.262281894683838
1.2321183681488037
1.248378872871399
1.2616738080978394
1.2307811975479126
1.2576249837875366
1.2564709186553955
1.270714282989502
1.2928025722503662
1.341658353805542
0.910094141960144
0.8938583135604858
0.872281551361084
0.8493703007698059
0.8410554528236389
0.8316206336021423
0.838749885559082
0.8289976119995117
0.816738486289978
0.8534701466560364
0.8117959499359131
0.80377596616745
0.8412450551986694
0.8323327898979187
0.8453375697135925
0.8694785237312317
0.8885594010353088
0.8907883763313293
0
0
0
0
0
0
0
0
0
0
0
0
0
0
0
0
0
0
0
0
0
0
0
0
0
0
0
0
0
0
0
0
0.34359148144721985
0.33628785610198975
0.31845277547836304
0.3239939212799072
0.33855170011520386
0.3726266324520111
0.3814413845539093
0.41527971625328064
0.47538304328918457
0.4862091541290283
0.5314472317695618
0.5610367655754089
0.6447203755378723
0.7121646404266357
0.689843475818634
0.6999927163124084
0.7096797227859497
0.7225934267044067
0.7183321118354797
0.7157680988311768
0.6869921684265137
0.688260018825531
0.6937082409858704
0.7007343173027039
0.7108734846115112
0.711141049861908
0.7028751373291016
0.708011269569397
0.7201099395751953
0.7231780886650085
0.7241302132606506
0.7231942415237427
0.6995167136192322
0.7134570479393005
0.7249571681022644
0.7212567925453186
0.7262303233146667
0.7439927458763123
0.7302555441856384
0.7509252429008484
0.7233195900917053
0.7418971061706543
0.7357498407363892
0.7725048661231995
0.7622378468513489
0.7755920886993408
0.7746577262878418
0.7734748125076294
0.7874155640602112
0.7902302742004395
0.7978596687316895
0.7992782592773438
0.8027670979499817
0.821466326713562
0.8424590826034546
0.8327664732933044
0.8680095672607422
0.8394641280174255
0.8671819567680359
0.8855293989181519
0.9106831550598145
0.9035072326660156
0.9315177202224731
0.9263960719108582
