0
0
0
0
0
0
0
0
0
0
2.3171987533569336
2.272350549697876
2.241408109664917
2.2460174560546875
2.2535972595214844
2.249558925628662
2.282492160797119
2.3371458053588867
0
0
0
0
0
0
0
0
0
0
0
0
0
0
0
0
0
0
0
0
0
0
0
0.9485132694244385
0.9164272546768188
0.8952319025993347
0.8837807178497314
0.8785331845283508
0.8588923215866089
0.8546053171157837
0.8498179912567139
0.8587151765823364
0.8510489463806152
0.8499788641929626
0.8521362543106079
0.8376455307006836
0.8839190602302551
0.8825660943984985
0.8781223297119141
0.9048687815666199
0.9032616019248962
0
0
0
0
0
0
0
0
0
0
0
0
0
0
0
0
0
0
0
0
0
0
0
2.5436487197875977
2.477651357650757
2.4522247314453125
2.4391002655029297
2.45046329498291
2.464982271194458
2.5238566398620605
0
1.1384543180465698
1.0975425243377686
1.094413161277771
1.057332158088684
1.0384889841079712
1.06102454662323
1.0577976703643799
1.0310115814208984
1.0647250413894653
1.0745594501495361
1.0733232498168945
1.078251838684082
1.1037362813949585
1.1195919513702393
1.1685359477996826
0
0
0
0
0
0
0
0
0
0
0
0
0
2.8516995906829834
2.824213981628418
2.824448823928833
2.840986967086792
2.839564561843872
0
0
0
0
0
0
0
0
0
0
1.4364124536514282
1.3957105875015259
1.3726592063903809
1.355149745941162
1.3422625064849854
1.343353271484375
1.3554778099060059
1.3517259359359741
1.35334312915802
1.3937255144119263
1.3767597675323486
1.421623945236206
0
0
0
0
0
0
0
0
0
0
0
0
0
0
0
0
0
0
0
2.4911131858825684
2.4170215129852295
2.3895134925842285
2.3732430934906006
2.3862979412078857
2.405194044113159
2.421682119369507
0
0
0
3.3751823902130127
3.370011568069458
3.3637378215789795
3.386640787124634
0
0
0
0
0
0
0
0
0
0
0
0
0
0
0
0
0.29867345094680786
0.2734133303165436
0.25554829835891724
0.23566031455993652
0.25361648201942444
0.23432105779647827
0.23989561200141907
0.23525027930736542
0.20897559821605682
0.21011145412921906
0.21057599782943726
0.22717787325382233
0.22167472541332245
0.2140563428401947
0.1946975588798523
0.21441468596458435
0.2168821394443512
0.1911437064409256
0.18898054957389832
0.2106572985649109
0.18799658119678497
0.1925278604030609
0.1954336017370224
0.18567627668380737
0.19487668573856354
0.20392362773418427
0.1944258213043213
0.19008250534534454
0.21813811361789703
0.1969900131225586
0.1886044442653656
0.20310379564762115
0.20412835478782654
0.19865386188030243
0.19346745312213898
0.1982163041830063
0.19745542109012604
0.20557668805122375
0.21177461743354797
0.19806872308254242
0.2032310664653778
0.21639887988567352
0.22236542403697968
0.22077587246894836
0.2333800494670868
0.21876832842826843
0.23718413710594177
0.25054165720939636
0.24764347076416016
0.2387215793132782
0.23736102879047394
0.2772890031337738
0.27713456749916077
0.31018176674842834
0
0
0
0
0
0
0
2.0406885147094727
1.9414081573486328
1.9148361682891846
1.8971643447875977
1.8870376348495483
1.8960061073303223
1.8994667530059814
1.9092894792556763
1.9485390186309814
0
0
0
0
0
0
0
0
0
0
0
0
0
0
0
0
0
0
0
0
1.947086215019226
1.9326716661453247
1.90914785861969
1.896924614906311
1.894303321838379
1.8823851346969604
1.9337501525878906
1.94593346118927
2.0152320861816406
0
0
0
0
0
0
0
0
0
0
0
0
0
0
0
0
0
0
0
0
0
0
0
0
0
0
0
0
0
0
0
0
0
0
0
0
0
0
2.225095272064209
2.169814348220825
2.1244890689849854
2.1267194747924805
2.094106674194336
2.11861252784729
2.1527371406555176
2.1564276218414307
2.235405683517456
0
0
0
0
0
0
0
0
0
0
0
0
0
0
0
0
0
0
0
0
