3.2721946239471436
3.2290663719177246
3.3063805103302
3.417346239089966
0
0
0
0
0
0
0
0
0
0
0
0
0
0
0
0
0.89011150598526
0.8442786931991577
0.830374538898468
0.8182980418205261
0.8011153340339661
0.786607027053833
0.7810430526733398
0.7747007012367249
0.7620016932487488
0.7882475852966309
0.7803516387939453
0.7746610045433044
0.7829875349998474
0.7898843884468079
0.7938507795333862
0.8000141382217407
0.8090217709541321
0.8283504843711853
0.8213027715682983
0.8679441809654236
0
0
0
0
0
0
0
0
0
0
0
0
0
0
0
0
0
0
0
0
0
0
0
0
0
0
0
0
0
3.2251594066619873
3.1791398525238037
3.1442360877990723
3.171337842941284
3.2012240886688232
3.2718985080718994
0
0
0
0
0
0
0
0
0
0
0
0
0
0
0
1.8306138515472412
1.7312383651733398
1.661287784576416
1.559338092803955
1.485377311706543
1.4494785070419312
1.352128267288208
1.3022173643112183
1.2388277053833008
1.2153772115707397
1.1518497467041016
1.1301355361938477
1.095402479171753
1.0522946119308472
0.9904934167861938
0.9720925688743591
0.9522448778152466
0.9365113377571106
0.8859514594078064
0.8741217851638794
0.8792105913162231
0.8443347215652466
0.8343060612678528
0.8119140863418579
0.7930437922477722
0.7737099528312683
0.7622814774513245
0.7373109459877014
0.7356733083724976
0.7234904766082764
0.7193436026573181
0.6928940415382385
0.6776850819587708
0.6777766346931458
0.6755545139312744
0.6485604643821716
0.6456506848335266
0.6472556591033936
0.6316103339195251
0.6211068630218506
0.6000860333442688
0.6185134053230286
0.6120361685752869
0.6076290607452393
0.5878373384475708
0.5897310376167297
0.5715293288230896
0.5667946934700012
0.5671650171279907
0.5506632328033447
0.5504632592201233
0.5331913828849792
0.5384560823440552
0.552638828754425
0.5393856763839722
0.5463510751724243
0.530613899230957
0.542833685874939
0.516806960105896
0.5315569639205933
0.5358572006225586
0.5287436246871948
0.5367755889892578
0.5379123091697693
0.5138952136039734
0.5139802694320679
0.5128381848335266
0.5281093120574951
0.5141518115997314
0.4873386025428772
0.5043843984603882
0.5151929259300232
0.5345176458358765
0.5145869255065918
0.5066524147987366
0.5220029354095459
0.5046146512031555
0.4954604208469391
0.5198682546615601
0.5160230994224548
0.5272279381752014
0.5240519642829895
0.5149120688438416
0.5401854515075684
0.5047910809516907
0.5240175724029541
0.523773193359375
0.5291332006454468
0.529111385345459
0.5237167477607727
0.5352008938789368
0.5328992009162903
0.5300338268280029
0.5176990032196045
0.558059573173523
0.5437363982200623
0.5434039235115051
0.561611533164978
0.5507837533950806
0.5533319115638733
0.5798987150192261
0.5694035887718201
0.5743688344955444
0.589592695236206
0.5911808609962463
0.5957558155059814
0.5915935039520264
0.6090734004974365
0.6318433284759521
0.6493970155715942
0.6278941631317139
0.6529133319854736
0.6446822285652161
0.6662043929100037
0.6924303770065308
0.6643157005310059
0.6969585418701172
0.705880880355835
0.7289296984672546
0.7312217950820923
0.7480879426002502
0.7540396451950073
0.7613633871078491
0.7766456007957458
0.7976900935173035
0.7997728586196899
0.8352246284484863
0.8421351909637451
0.8826146721839905
0.8908068537712097
0.9195666313171387
0.9425591826438904
0.9837196469306946
0.9911964535713196
1.0279719829559326
1.0582079887390137
0
0
0
0
0
0
0
0
0
0
0
0
0
0
0
0
0
0.963126540184021
0.9238510727882385
0.9158504009246826
0.9079012870788574
0.8831555843353271
0.8630970120429993
0.863276481628418
0.8634222149848938
0.8554788827896118
0.8646685481071472
0.8597548007965088
0.857444167137146
0.8785299062728882
0.8714511394500732
0.9073214530944824
0.9151607155799866
0.9473633170127869
0.979360818862915
1.791777491569519
1.8113054037094116
1.8374123573303223
1.8516258001327515
1.8668471574783325
1.8868119716644287
1.9196783304214478
1.932076096534729
1.9587033987045288
1.9811196327209473
2.0196664333343506
2.0456907749176025
2.0927977561950684
2.0865957736968994
2.1236724853515625
2.167696237564087
2.213409423828125
2.234860897064209
2.278550386428833
2.2998838424682617
0
0
0
0
0
0
0
0
0
0
0
0
0
0
3.5
3.3742871284484863
3.3385298252105713
3.33825945854187
3.3539035320281982
3.4053475856781006
0
0
0
0
0
0
0
0
0
0
0
0
0
0
0
0
0
0
0
2.629713535308838
2.5824081897735596
2.5764126777648926
2.563511610031128
2.56813907623291
2.5760626792907715
2.622377634048462
0
0
0
0
0
0
0
0
0
0
0
0
0
2.338273286819458
2.2735800743103027
2.2580642700195312
2.245985269546509
2.243175983428955
2.2487692832946777
2.2795250415802
2.306783676147461
0
0
0
0
0
0
0
0
0
3.3422324657440186
3.310075521469116
3.2724978923797607
