0
0
0
0
0
0
0
0
0
0
0
2.5182182788848877
2.502329111099243
2.501317024230957
2.46700119972229
2.4713072776794434
2.4976322650909424
2.548671245574951
0
0
0
0
0
0
0
0
0
0
0
0
0
0
0
2.8078813552856445
2.769556999206543
2.7560629844665527
2.7758750915527344
2.7631239891052246
2.8203794956207275
0
0
0
0
0
0
0
1.58710777759552
1.5498902797698975
1.5195952653884888
1.5043367147445679
1.4927899837493896
1.4910987615585327
1.5032628774642944
1.4949017763137817
1.4978693723678589
1.5144656896591187
1.5615352392196655
0
0
0
0
0
0
0
0
0
0
2.9124550819396973
2.8481743335723877
2.8273420333862305
2.8296194076538086
2.829101800918579
2.891669988632202
0
0
0
0
0
0
0
0
0
0
0
0
0
0
0
0
0
0
0
0
0
0
0
0
0
0
0
0
0
0
0
0
0
1.683488130569458
1.6498972177505493
1.6080323457717896
1.59935462474823
1.5977615118026733
1.5973385572433472
1.6041420698165894
1.6033936738967896
1.6365501880645752
1.6730072498321533
0
0
0
0
0
0
0
0
0
0
0
0
0
0
0
0
0
0
0
0
0
0
0
0
0
0
0
0
0
0
0
0
0
0
0
0
0
0
0
0
0
0
0
0
0
0
0
0
0
0
0
0
0
0
0
0
0
0
0
0
0
0
0
0
0
0
0
0
0
0
0
0
0
0
0
0
0
0
0
0
0
0
0
0
0
0
0
0
0
0
0
0
0
0
0
0
0
0
0
0
0
0
0
0
0
0
0
0
0
0
0
0
0
0
0
0
0
0
0
0
0
0
0
0
0
0
0
0
0
0
0
0
0
0
0
0
0
0
0
0
0
0
0
0
0
0
0
0
0
0
0
0
0
0
0
0
0
0
0
0
0
0
0
0
0
0
0
0
0
0
0.5047996640205383
0.4430703818798065
0.4516053795814514
0.4099228084087372
0.4019481837749481
0.4168754518032074
0.38936647772789
0.4027150273323059
0.3653390407562256
0.3829994797706604
0.3780454397201538
0.37740540504455566
0.36954328417778015
0.3573628067970276
0.3567278981208801
0.36099380254745483
0.3806344270706177
0.3618224263191223
0.36523371934890747
0.3812032639980316
0.36063575744628906
0.3635537922382355
0.36965739727020264
0.3728463649749756
0.36617884039878845
0.3734131157398224
0.37239885330200195
0.3739001452922821
0.3968331813812256
0.39706751704216003
0.3956371247768402
0.40945035219192505
0.42890664935112
0.4485277533531189
0.44139212369918823
0.4758830666542053
3.099053144454956
3.132018804550171
3.1799046993255615
0
0
0
0
0
0
0
0
0
0
0
0
0
0
0
0
0
0
2.0733017921447754
2.0263569355010986
2.004093885421753
2.008866548538208
2.0058834552764893
2.0118649005889893
2.015232563018799
2.05322265625
2.1309938430786133
0
0
0
0
0
0
0
0
