0
0
0
0
0
0
2.5520503520965576
2.521618366241455
2.470745801925659
2.477534294128418
2.4794843196868896
2.489842414855957
2.546642303466797
0
0
0
0
0
0
0
0
0
0
0
0
0
0
0
0
0
0
0
0
0
0
2.6836915016174316
2.6535332202911377
2.613079071044922
2.6153674125671387
2.6183242797851562
2.645063638687134
2.716696262359619
0
0
0
0
0
0
0
0
0
0
0
0
0
0
0
0
0
0
0
0
0
0
0
3.3679442405700684
3.3123607635498047
3.2745132446289062
3.291444778442383
3.327620506286621
0
0
0
0
0
0
0
0
0
0
0
1.0476927757263184
1.0014846324920654
1.0043781995773315
0.9818863272666931
0.9940400719642639
0.950378954410553
0.9636975526809692
0.9327901601791382
0.9475183486938477
0.9468152523040771
0.9623295068740845
0.9625550508499146
0.9681684374809265
0.9904868602752686
1.00070059299469
1.033895492553711
1.0775338411331177
0
0
0
0
0
0
0
0
0
0
0
0
0
0
0
0
0
0
0
0
0
0
0
0
0
0
0
0
0
0
0
0
0
0
0
0
0
0
3.293487787246704
3.072321653366089
2.8849434852600098
2.704162836074829
2.5682036876678467
2.454285144805908
2.3206121921539307
2.212228536605835
2.113511085510254
2.0241546630859375
1.9548313617706299
1.8644365072250366
1.801683783531189
1.7437806129455566
1.6716116666793823
1.6156114339828491
1.5808212757110596
1.5401463508605957
1.488661766052246
1.4404288530349731
1.4223647117614746
1.380312442779541
1.343187928199768
1.3032488822937012
1.273411512374878
1.2544180154800415
1.2315149307250977
1.205064058303833
1.1721762418746948
1.163101077079773
1.1384996175765991
1.113582968711853
1.0901336669921875
1.0855668783187866
1.073928952217102
1.0417600870132446
1.0498994588851929
1.0032490491867065
1.0178419351577759
0.9875216484069824
0.9626172184944153
0.9583027362823486
0.9301197528839111
0.9441913366317749
0.9304870963096619
0.9077603816986084
0.9077054858207703
0.9026849269866943
0.8888596296310425
0.8843571543693542
0.8751428723335266
0.8517076969146729
0.8673327565193176
0.8567769527435303
0.8506937026977539
0.8537657856941223
0.8400300741195679
0.8399724364280701
0.8267667889595032
0.8252471685409546
0.8182218670845032
0.8216798901557922
0.8037742972373962
0.8143675327301025
0.7925369739532471
0.7853095531463623
0.8141392469406128
0.802476167678833
0.7976641058921814
0.7962711453437805
0.7869194746017456
0.7889624834060669
0.7888319492340088
0.8032041192054749
0.7813284397125244
0.7773474454879761
0.7892939448356628
0.7814899682998657
0.7995386719703674
0.7939355969429016
0.7803836464881897
0.7673528790473938
0.783001720905304
0.7870674729347229
0.8120431900024414
0.7892186045646667
0.7880613803863525
0.7958956360816956
0.8004314303398132
0.8174456357955933
0.7988717555999756
0.8102993965148926
0.8392438888549805
0.8229794502258301
0.8243133425712585
0.8316099047660828
0.8358700275421143
0.8345591425895691
0.8552667498588562
0.8332815766334534
0.8427494168281555
0.8873001337051392
0.8500890731811523
0.8948957324028015
0.8957420587539673
0.9007276296615601
0.9250940680503845
0.9116567373275757
0.9268887639045715
0.9362735748291016
0.939471423625946
0.9498016238212585
0.9741789698600769
0.9864022135734558
0.9926080107688904
1.0214128494262695
1.0340627431869507
1.0362424850463867
1.052802324295044
1.0774813890457153
1.0958822965621948
1.1121950149536133
1.125361442565918
1.1549321413040161
1.179998517036438
1.1964473724365234
1.2295124530792236
1.2525594234466553
1.2875746488571167
1.3295315504074097
1.3473937511444092
1.3799989223480225
1.4067437648773193
1.4342530965805054
1.4877231121063232
1.538781762123108
1.5791620016098022
1.6401513814926147
1.704277753829956
1.7397832870483398
1.8089522123336792
1.8999985456466675
0
0
0
0
0
0
0
0
0
0
0
0
0
0
0
0
0
0
0
0
0
0
0
0
0
0
0
0
0
0
0
0
0
0
0
0
0
0
0
0
0
0
0
0
0
0
0
0
0
0
0
0
0
0
0
0
0
3.247166156768799
1.8964208364486694
1.312931776046753
1.0858074426651
1.0570416450500488
1.0618585348129272
1.0702383518218994
1.0805813074111938
1.0832290649414062
1.0856560468673706
1.0969030857086182
1.1080079078674316
1.0934101343154907
1.0955997705459595
1.1021597385406494
1.1019037961959839
1.1223593950271606
0
0
0
0
0
0
0
0
