0
0
0
0
0
0
0
0
0
0
0
0
0
0
0
0
0
0
0
0
0
0
0
0
1.51374089717865
1.4761240482330322
1.46077561378479
1.450557827949524
1.4281063079833984
1.4333776235580444
1.4297345876693726
1.4188413619995117
1.4610258340835571
1.4705711603164673
1.4819025993347168
1.5450736284255981
0
0
0
0
0
0
0
0
0
0
0
0
0
0
0
0
0
0
0
0
0
0
0
0
0
0
0
0
0
0
0
0
0
0
0
0
0
0
0
0
0
0
0
2.4677810668945312
2.427093982696533
2.3819589614868164
2.3904786109924316
2.3999783992767334
2.4047842025756836
2.4329354763031006
0
0
0
0
0
0
0
0
0
0
0
0
0
0
0
0
0
0
0
0
0
0
0
0
0
0
0
0
0
0
0
0
2.4110794067382812
2.3533859252929688
2.337379217147827
0.9330490827560425
0.8846256732940674
0.8604679107666016
0.8342851400375366
0.852702260017395
0.8298032879829407
0.8258750438690186
0.8066586256027222
0.8187510967254639
0.8054282665252686
0.8112987875938416
0.8184950947761536
0.7953883409500122
0.8321666121482849
0.8260905742645264
0.8353445529937744
0.8353832960128784
0.8589681386947632
0.8955468535423279
0
0
0
0
3.4370410442352295
3.4186949729919434
3.416398286819458
3.472245454788208
0
0
0
2.4862570762634277
2.453611373901367
2.4379124641418457
2.4435830116271973
2.4474241733551025
2.4722394943237305
0
0
0
0
0
0
0
0
0
0
0
0
0
0
0
0
0
0
0
0
2.5728535652160645
2.5256879329681396
2.524967908859253
2.527488946914673
2.5081121921539307
2.550823450088501
0
0
0
0
0
0
0
0
0
0
0
0
0
0
0
0
0
0
0
0
0
0
0
2.0578885078430176
2.010850667953491
1.9841458797454834
2.0127038955688477
2.0118308067321777
2.0130064487457275
2.0585551261901855
2.079411506652832
0
0
0
0
0
0
0
0
0
0
0
0
0
0
0
0
0
0
0
0
0
0
0
0
0
0
0
0
0
0
0
0
0
0
0
0
0
0
0
0
0
0
0
0
0
0
0
0
0
0
1.9469492435455322
1.8959462642669678
1.8677349090576172
1.8482640981674194
1.8651126623153687
1.8477530479431152
1.850772738456726
1.8797974586486816
1.90876305103302
0
0
0
0
0
0
0
0
0
0
0
0
0
0
0
0
0
0
0
0
0
0
0
0
0
0
0
0
0
0
0
0
0
0
0
0
0
0
0
0
0
0
0
0
0
0
0
1.446092963218689
1.4095077514648438
1.3642668724060059
1.3598021268844604
1.347800612449646
1.3282703161239624
1.344807744026184
1.3264029026031494
1.3471500873565674
1.343907117843628
1.3647054433822632
1.3896310329437256
1.4348700046539307
0
0
0
0
0
0
0
0
0
0
0
0
0
0
0
0
0
0
0
0
0
0
0
0
0
0
0
