0.4847841262817383
0.5101298093795776
0.5096322894096375
0.5221750736236572
0.5546191930770874
0.5509036779403687
0.5566471219062805
2.5770721435546875
2.63822865486145
0
0
0
0
0
0
0
0
0
0
0
0
0
0
0
0
0
0
0
0
0
0
0
0
0
0
0
0
0
0
0
0
0
0
0
0
0
3.18473744392395
3.142045736312866
3.114445209503174
3.126254081726074
3.1449012756347656
3.2046382427215576
0
0
0
0
0
0
0
0
0
0
0
0
0
0
0
0
0.7105132937431335
0.6730102896690369
0.6489813327789307
0.6269886493682861
0.6005547642707825
0.5997189283370972
0.594534695148468
0.5803218483924866
0.5615236759185791
0.576837420463562
0.5732544660568237
0.5635355710983276
0.5772354602813721
0.5627879500389099
0.5527403950691223
0.5919189453125
0.5846301913261414
0.5873637795448303
0.5851759314537048
0.5860840678215027
0.599547266960144
0.6109463572502136
0.6164745688438416
0.6461037993431091
0.6595324277877808
0
0
0
0
0
0
0
0
0
0
0
0
0
0
0
0
0
0
0
0
0
0
0
0
0
0
0
2.1572928428649902
2.1048378944396973
2.1171016693115234
2.0983200073242188
2.094668388366699
2.105511426925659
2.1012895107269287
2.180769443511963
0
0
0
0
0
0
0
0
0
0
0
0
0
0
0
0
0
0
0
0
0
0
0
0
0
0
0
0
1.7850176095962524
1.7410224676132202
1.7027302980422974
1.7020041942596436
1.698420524597168
1.6910306215286255
1.7045315504074097
1.721426010131836
1.7399144172668457
1.800813913345337
3.1634583473205566
3.141758680343628
3.087681531906128
3.0410380363464355
3.006605625152588
2.9795453548431396
2.9511618614196777
2.9223055839538574
2.8810946941375732
2.8579118251800537
2.834881067276001
2.809358835220337
2.7853891849517822
2.746431350708008
2.7380197048187256
2.711653232574463
2.70766544342041
2.6796441078186035
2.6653506755828857
2.625190019607544
2.6358866691589355
2.603867769241333
2.5911924839019775
2.591090440750122
2.580333948135376
2.589238405227661
2.548557758331299
2.5625219345092773
2.541761875152588
2.523045301437378
2.548264503479004
2.5058772563934326
2.532200336456299
2.5258753299713135
2.5037033557891846
2.509798049926758
2.5004730224609375
2.5040788650512695
2.5110740661621094
2.5195152759552
2.4911935329437256
2.5054357051849365
2.5125603675842285
2.527898073196411
2.511319160461426
2.5306272506713867
1.9895830154418945
1.940234661102295
1.9244920015335083
1.9200400114059448
1.9224997758865356
1.9272959232330322
1.9415322542190552
1.9858527183532715
0
0
0
0
0
0
0
0
0
0
0
0
0
0
0
0
2.183802366256714
2.140652656555176
2.1067752838134766
2.0989792346954346
2.0637075901031494
2.0231876373291016
2.0154061317443848
1.997658610343933
1.9857181310653687
1.9498261213302612
1.9459400177001953
1.9151651859283447
1.8922795057296753
1.9116454124450684
1.8752034902572632
1.8709722757339478
1.854845404624939
1.8087639808654785
1.8390896320343018
1.7876150608062744
1.7944461107254028
1.7943636178970337
1.802781343460083
1.7771122455596924
1.7685219049453735
1.7479612827301025
1.7969051599502563
1.940167784690857
2.1580405235290527
2.405437707901001
2.705672264099121
0
0
0
0
0
0
0
0
0
0
0
0
0
0
0
0
0
0
0
0
0
0
0
0
0
0
0
0
0
3.390302896499634
3.29805326461792
3.285116672515869
3.2823092937469482
3.296661853790283
3.3717405796051025
1.9251694679260254
1.8346914052963257
1.8264199495315552
1.8292808532714844
1.7795058488845825
1.8136096000671387
1.8143773078918457
1.8046443462371826
1.8282134532928467
1.8766754865646362
0
0
0
0
0
0
0
0
0
0
0
0
0
0
0
0
0
0
0
0
0
0
0
0
0
0
0.5856872200965881
0.5479522347450256
0.5488364696502686
0.5235708355903625
0.4987315535545349
0.5063595771789551
0.5057490468025208
0.49557799100875854
0.4950246810913086
0.4860382378101349
0.49130719900131226
0.48173272609710693
0.4907325208187103
0.47858726978302
0.4842715859413147
0.4673941731452942
0.4997554123401642
0.49815595149993896
0.4797356426715851
0.5033648014068604
0.5050479173660278
0.5019863247871399
