0
0
1.5516897439956665
1.5126469135284424
1.4931368827819824
1.4920517206192017
1.48160982131958
1.4739623069763184
1.484383463859558
1.4729511737823486
1.4955153465270996
1.509995698928833
1.5627057552337646
0
0
0
0
0
0
0
0
0
0
0
0
0
0
0
0
0
0
2.287435293197632
2.2353193759918213
2.2299299240112305
2.2273528575897217
2.2217800617218018
2.2363357543945312
2.2688961029052734
2.3596296310424805
0
0
0
0
0
0
0
0
0
0
0
0
0
0
0
0
2.5412790775299072
2.453569173812866
2.465491533279419
2.4228556156158447
2.416321039199829
2.453336715698242
2.4781277179718018
2.548628568649292
0
0
0
0
0
3.4977431297302246
3.4666171073913574
3.4749226570129395
3.495288372039795
0
0
1.5167338848114014
1.4630693197250366
1.459442377090454
1.4392414093017578
1.4276477098464966
0.4242953062057495
0.38149958848953247
0.38299083709716797
0.387912780046463
0.3633255064487457
0.3450791835784912
0.3514695465564728
0.33220958709716797
0.3387703597545624
0.33712831139564514
0.345915287733078
0.35701268911361694
0.33514514565467834
0.32544833421707153
0.3520132303237915
0.3361321985721588
0.3320693075656891
0.32499632239341736
0.3226678967475891
0.3576750159263611
0.31847143173217773
0.35013264417648315
0.3455647826194763
0.3264992833137512
0.3388473093509674
0.33849847316741943
0.3268866240978241
0.3319992125034332
0.36165669560432434
0.36788108944892883
0.3569323718547821
0.34880906343460083
0.37204790115356445
0.362271785736084
0.37815237045288086
0.39158186316490173
0.40073397755622864
0.4390358626842499
0
0
0
0
0
0
0
0
0
0
0
0
0
0
0
0
0
0
3.4741194248199463
3.401883602142334
3.352264642715454
3.35957932472229
3.380237102508545
0
0
0
0
0
0
0
1.795617938041687
1.747092604637146
1.7408479452133179
1.7425282001495361
1.74624502658844
1.755138635635376
1.7647002935409546
1.7800774574279785
1.8411784172058105
0
0
0
0
0
0
0
0
0
0
0
0
0
0
0
0
0
0
0
0
0
0
0
2.9150397777557373
2.875476598739624
2.8570826053619385
2.860292434692383
2.8900842666625977
2.955136299133301
0
0
0
0
0
0
0
0
0
0
0
0
0
0
0
0
0
0
0
0
0
0
0
0
0
0
0
0
0
0
0
0
0
1.1311402320861816
1.083278775215149
1.0522849559783936
1.0507702827453613
1.008540153503418
1.030996322631836
1.018186330795288
0.9954410791397095
1.0143288373947144
1.009790062904358
1.0092742443084717
1.0259106159210205
1.0358177423477173
1.0514439344406128
1.0752414464950562
1.1129714250564575
0
0
0
0
0
0
0
0
0
0
0
0
0
0
2.0746302604675293
2.0471808910369873
2.0411670207977295
2.0203332901000977
2.011810302734375
2.050096035003662
2.04887318611145
2.107893943786621
0
0
0
0
0
0
0
0
0
0
0
0
0
0
0
0
0
0
0
0
0
0
0
0
0
0
0
0
0
0
0
0
0
0
0
0
0
0
0
0
1.7669482231140137
1.7279770374298096
1.7243343591690063
1.6972463130950928
1.6782138347625732
1.692495346069336
1.7096736431121826
1.7309534549713135
1.7472869157791138
1.8116142749786377
3.303300142288208
3.290837287902832
3.290257453918457
3.350762128829956
0
0
0
0
0
0
0
0
0
0
0
0
0
0
0
0
0
0
0
0
0
0
0
0
0
0
2.5074291229248047
2.45656418800354
2.4299354553222656
2.395631790161133
2.411618947982788
2.427457332611084
2.4536428451538086
2.5092828273773193
0
0
0
0
0
0
0
0
0
0
0
0
0
0
0
0
