0
0
0
0
0
0
0
0
0
0
0
0
0
0
0
0
0
0
0
0
0
0
0
0
2.2128965854644775
2.1729724407196045
2.130981683731079
2.148198127746582
2.125811815261841
2.1614201068878174
2.185424566268921
2.2181460857391357
0
0
0
0
0
0
0
0
0
0
0
0
0
3.4481773376464844
3.4166066646575928
3.3956503868103027
3.361577033996582
3.338862895965576
3.3197407722473145
3.3047099113464355
3.292142868041992
3.2368969917297363
3.236781597137451
3.2456674575805664
3.2025012969970703
3.1842424869537354
3.202133893966675
3.1732187271118164
1.2471622228622437
1.1866440773010254
1.1793396472930908
1.1538256406784058
1.1447291374206543
1.1551783084869385
1.1370301246643066
1.1339586973190308
1.1207424402236938
1.1516590118408203
1.1406985521316528
1.1655175685882568
1.2009385824203491
1.2374237775802612
0
0
0
0
0
0
0
0
0
0
0
0
0
0
0
0
0
0
0
0
0
0
0
0
0
0
0
0
0
0
0
0
0
0
0
0
2.339520215988159
2.2941651344299316
2.2658185958862305
2.24173903465271
2.2615458965301514
2.262540102005005
2.3026483058929443
0
0
0
0
0
0
0
0
0
0
0
0
0
0
0
0
0
0
0
0
0
0
0
0
0
0
0
0
0
0
0
0
0
0
0
0
0
0
0
0
0
0
0
0
0
0
0
0
0
0
0
0
0
0
0
0
0
0
0
0
0
0
0
0
0
0
0
0
0
0
0
0
0
0
0
0
0
0
0
0
0
0
0
0
0
0
1.3729697465896606
1.3203232288360596
1.3250504732131958
1.2859011888504028
1.3009388446807861
1.2805471420288086
1.2919931411743164
1.2879542112350464
1.2843291759490967
1.3015774488449097
1.32979154586792
1.3585011959075928
0
0
0
0
0
0
0
0
0
0
0
0
0
0
0
0
0
0
0
0
0
0
0
0
0
0
0
0
0
0
0
0
0
0
0
0
0
0
0
0
0
0
0
0
0
0
0
0
0
0
0
0
0
0
0
0
0
2.5706675052642822
2.5477705001831055
2.5294861793518066
2.535085439682007
2.532240629196167
2.5633952617645264
2.664520025253296
0
0
0
0
0
1.8596946001052856
1.8633761405944824
1.8591097593307495
1.8258640766143799
1.8242223262786865
1.8293814659118652
1.8281948566436768
1.8082993030548096
1.8273893594741821
1.8078981637954712
1.809879183769226
1.8184458017349243
1.809146761894226
1.8195762634277344
1.804875373840332
1.804309606552124
1.804179310798645
1.8135920763015747
1.828572392463684
1.8111717700958252
1.8146073818206787
1.815905213356018
1.8153811693191528
1.8292286396026611
1.835580825805664
1.854889154434204
1.8690457344055176
1.8637573719024658
1.8949236869812012
1.8646873235702515
1.8780773878097534
0
1.2374008893966675
1.2197699546813965
1.177608847618103
1.1811707019805908
1.1617709398269653
1.1759288311004639
1.1725215911865234
1.1720352172851562
1.1799185276031494
1.1775695085525513
1.1831629276275635
1.2028977870941162
1.2233446836471558
1.2922258377075195
0
0
0
0
0
0
0
0
3.1415200233459473
3.085630178451538
3.085088014602661
3.0917069911956787
3.1308679580688477
3.2096712589263916
0
0
0
0
0
0
0
0
0
0
0
0
0
0
0
0
