2.310353994369507
2.334998846054077
2.3765008449554443
2.4688713550567627
0
0
0
0
0
0
0
0
0
0
0.944209098815918
0.900413453578949
0.9037448763847351
0.8931183218955994
0.8784670233726501
0.8464515209197998
0.8452988266944885
0.8606057167053223
0.8586271405220032
0.8585926294326782
0.8411620259284973
0.8621983528137207
0.8508752584457397
0.8592886328697205
0.902702808380127
0.9080158472061157
0.9172184467315674
0.9561906456947327
0
0
0
0
0
0
0
0
0
0
0
0
0
0
0
0
0
0
0
0
0
0
0
0
0
0
0
0
0
0
0
0
0
0
0
0
0
0
0
0
0
0
0
0
0
0
0
0
0
0
0
0
0
0
0
0
0
0
0
0
0
0
0
0
0
0
0
0
0
0
0
0
0
0
0
0
0
0
0
0
0
0
0
0
0
0
0
0
0
0
0
0
0
0
0
0
0
0
0
0
0
0
0
0
0
0
0
0
0
0
0
0
0
0
0
0
0
0
0
0
0
0
0
0
0
0
0
0
0
0
0
0
0
0
0
0
0
0
0
0
0
0
0
0
0
0
0
0
0
0
0
0
0
0
0
0
0
0.9489962458610535
0.9131922721862793
0.9092230200767517
0.8813809156417847
0.8812486529350281
0.8746292591094971
0.8600159287452698
0.8629406094551086
0.849628210067749
0.8606139421463013
0.8686646223068237
0.8744140863418579
0.8579229116439819
0.8726394176483154
0.8828691840171814
0.9116772413253784
0.9225714206695557
0.9481480121612549
0
0
0
3.168398141860962
3.1141510009765625
3.0728869438171387
3.0806477069854736
3.1090240478515625
3.2110652923583984
0
0
0
0
0
0
0
0
0
0
0
0
0
0
0
0
0
0
0
0
0
0
0
0
0
0
2.1594398021698
2.0489444732666016
2.043332576751709
2.0183510780334473
1.9898017644882202
2.0072543621063232
2.0334322452545166
2.038454055786133
2.1045262813568115
0
0
0
0
0
0
0
0
0
0
0
0
0
0
3.0885727405548096
3.0568199157714844
3.033600330352783
3.014270544052124
3.0322341918945312
3.1206274032592773
0
0
0
0
0
0
0
0
0
0
0
0
0
0
1.638480305671692
1.5978953838348389
1.5722161531448364
1.5705465078353882
1.546607255935669
1.5261900424957275
1.5597023963928223
1.5475510358810425
1.5748218297958374
1.5976693630218506
1.6190682649612427
0
0
0
0
0
0
0
0
0
0
0
0
0
0
0
0
0
0
0
0
0
0
0
0
0
0
0
0
0
0
0
0
0
0
0
0
0
0
0
0
0
0
0
0
0
0
0
0
0
0
0
0
0
0
0
0
0
0
0
2.399857521057129
2.3569843769073486
2.3394265174865723
2.3096559047698975
2.3118131160736084
