1.1086833477020264
1.1227937936782837
1.1382088661193848
1.1461137533187866
1.1366146802902222
1.1271488666534424
1.150565266609192
1.1680735349655151
1.175911545753479
1.193031668663025
1.2149040699005127
1.2015231847763062
1.215012550354004
1.2226835489273071
1.2481993436813354
1.2690235376358032
1.2504208087921143
1.2520462274551392
1.3044017553329468
1.3187388181686401
1.3314306735992432
1.344238042831421
1.3700860738754272
1.3662562370300293
1.395752191543579
1.4380556344985962
1.4415051937103271
1.4748672246932983
1.4944857358932495
1.5014915466308594
1.5281891822814941
1.5640382766723633
1.5936014652252197
1.9621011018753052
1.9489059448242188
1.9503488540649414
1.9377869367599487
1.9303314685821533
1.9288712739944458
1.9321235418319702
1.9046087265014648
1.9155552387237549
1.8916230201721191
1.9210041761398315
1.8990081548690796
1.9064161777496338
1.9111756086349487
1.9151482582092285
1.8974367380142212
1.9213191270828247
1.9141550064086914
1.913635015487671
1.9238728284835815
1.9069465398788452
1.924755573272705
1.9462502002716064
1.9368788003921509
1.9558570384979248
1.957991600036621
1.9544686079025269
1.9670170545578003
1.9786089658737183
1.9894803762435913
1.9846105575561523
2.007172107696533
0.7484085559844971
0.73310786485672
0.7038708329200745
0.6791439652442932
0.6821174621582031
0.6546739339828491
0.6775726675987244
0.656859815120697
0.6634676456451416
0.6713091135025024
0.6671174764633179
0.6730711460113525
0.6448609828948975
0.6652499437332153
0.6714327335357666
0.6720592379570007
0.6719179153442383
0.7012726068496704
0.692476749420166
0.7148473858833313
0.7204269766807556
0.7590693831443787
2.5434951782226562
2.570840835571289
2.612879991531372
2.6742825508117676
0
0
0
0
0
0
0
0
0
0
0
0
0
0
0
0
0
2.5012731552124023
2.492014169692993
2.4630351066589355
2.4533793926239014
2.454909563064575
2.5091559886932373
2.564204454421997
0
0
0
0
0
0
0
0
0
0
0
0
0
0
0
0
0
0
0
0
0
0
0
0
0
2.2606513500213623
2.2281858921051025
2.2115516662597656
2.2239253520965576
2.218398332595825
2.2366983890533447
2.2964236736297607
0
0
0
0
0
0
0
0
0
0
0
0
0
0
0
0
0
0
0
1.7289294004440308
1.6791106462478638
1.6696984767913818
1.6709626913070679
1.650510549545288
1.6517874002456665
0.6997330188751221
0.6942745447158813
0.6714407801628113
0.6496554613113403
0.6464877724647522
0.6408853530883789
0.6302640438079834
0.6293255090713501
0.6211417317390442
0.6240619421005249
0.6030068397521973
0.6063752770423889
0.6080167293548584
0.6265544295310974
0.6312753558158875
0.6115257143974304
0.6133361458778381
0.643801212310791
0.6402912735939026
0.6468488574028015
0.6573606729507446
0.6466532349586487
0.6880380511283875
0.7315433621406555
3.1051065921783447
3.0671849250793457
3.0434317588806152
3.0481460094451904
3.084477663040161
0
0
0
0
0
0
0
0
0
0
0
0
0
0
0
0
0
0
0
0
0
0
0
0
0
0
0
0
0
0
0
0
0
0
0
0
0
1.9663124084472656
1.8847798109054565
1.827207326889038
1.8283778429031372
1.8117918968200684
1.8101364374160767
1.8103704452514648
1.8443137407302856
1.8591662645339966
1.9285012483596802
3.159235954284668
3.1897411346435547
0
0
0
0
0
0
0
0
0
0
0
0
0
0
0
0
0
0
0
0
0
0
0
0
0
0
0
0
2.768648147583008
2.675081253051758
2.665827751159668
2.6564888954162598
2.6490261554718018
2.6884288787841797
2.738304376602173
0
0
0
0
0
0
0
0
1.7501213550567627
1.692679762840271
1.6571632623672485
1.6091610193252563
1.5967772006988525
1.5678777694702148
1.5400187969207764
1.511789083480835
1.4975460767745972
1.4626039266586304
1.4398659467697144
1.4321305751800537
1.3920929431915283
1.3793553113937378
1.3519924879074097
1.3259339332580566
1.331775188446045
1.307462453842163
1.3028682470321655
1.278616189956665
1.2671542167663574
1.2585511207580566
1.238476276397705
1.2234190702438354
1.2115947008132935
1.2323527336120605
1.2037032842636108
1.1848589181900024
1.1752136945724487
1.1602494716644287
1.168655276298523
1.1583119630813599
1.1387137174606323
1.1376094818115234
1.1162904500961304
1.1278917789459229
1.134003758430481
1.1251155138015747
1.1379493474960327
1.117677092552185
1.1103429794311523
1.1069469451904297
1.0994654893875122
1.097326397895813
1.0979366302490234
1.0888875722885132
1.0821274518966675
1.0957728624343872
1.0965267419815063
1.0837681293487549
1.0944992303848267
1.098726749420166
1.0870362520217896
1.072580337524414
1.0738199949264526
1.0918006896972656
1.0740104913711548
1.0905508995056152
1.0848852396011353
1.0981476306915283
1.0947381258010864
1.1071860790252686
1.0993764400482178
1.0978772640228271
1.1223599910736084
1.1141036748886108
1.122559905052185
