2.0699522495269775
0
0
0
0
0
0
0
0
0
0
0
0
0
3.4535605907440186
3.420578956604004
3.404973030090332
3.4412877559661865
3.4944822788238525
0
0
0
0
0
0
0
0
0
0
0
0
0
0
3.2261664867401123
3.1865501403808594
3.1697747707366943
3.1697304248809814
3.2371864318847656
0
0
0
0
0
0
0
0
0
0
0
0
2.3151633739471436
2.2310409545898438
2.2230587005615234
2.2126340866088867
2.2000441551208496
2.2179267406463623
2.2369463443756104
2.2606887817382812
0
0
0
0
0
0
0
0
0
0
0
0
0
0
0
0
0
0
0
0
0
0
0
0
0
0
0
0
3.222797393798828
3.1473896503448486
3.0984809398651123
3.1196281909942627
3.1509714126586914
3.186455011367798
0
0
0
0
0
0
0
0
0
0
0
0
0
0
0.9987655878067017
0.9897421002388
0.970352828502655
0.9146603941917419
0.9330368638038635
0.9253078699111938
0.9282984733581543
0.9525068402290344
0.9089699387550354
0.9112195372581482
0.9357120394706726
0.9286441206932068
0.9357187747955322
0.9627068042755127
0.9601017832756042
0.9855297207832336
1.0267581939697266
0
0
0
0
0
0
0
0
0
0
0
0
0
0
0
0
0
0
0
0
0
0
0
0
0
0
0
0
0
0
0
0
0
0
0
0
0
0
0
0
0
0
0
0
0
0
0
0
0
0
0
0
0
0
0
0
0
0
0
0
0
0
0
0
0
0
0
0
0
0
0
0
0
0
0
0
0
0
0
0
0
0
0
0
0
0
0
0
0
0
0
0
0
0
0
0
0
0
0
0
0
0
0
0
0
0
0
0
0
0
0
0
0
0
0
0
0
0
0.7332486510276794
0.7210593223571777
0.6781574487686157
0.6793908476829529
0.669680118560791
0.6785956621170044
0.6468510031700134
0.6588100790977478
0.6244282126426697
0.6392866373062134
0.6368680596351624
0.6326560974121094
0.6325991153717041
0.6426076292991638
0.6517329812049866
0.6503140330314636
0.6421579122543335
0.6433781385421753
0.6553579568862915
0.6797080039978027
0.6797934174537659
0.71561598777771
0.7254118919372559
0
0
0
0
0
0
0
0
0
0
0
0
0
0
0
0
0
0
0
0
0
0
0
0
0
0
0
0
0
0
1.9581642150878906
1.9295175075531006
1.902745008468628
1.8989284038543701
1.9077223539352417
1.893886923789978
1.900913953781128
1.930269479751587
1.9949719905853271
0
0
0
0
0
0
0
0
0
0
0
0
0
0
0
0
0
0
0
0
0
3.459333896636963
3.4597623348236084
3.4380943775177
3.4562952518463135
0
0
0
0
0
0
0
0
0
0
0
0
0
0
0
0
0
0
0
0
0
0
0
2.054591655731201
2.014613628387451
2.0021347999572754
1.9726417064666748
1.9554941654205322
1.971544861793518
1.9866244792938232
1.9864352941513062
2.0417473316192627
