0
0
0
0
0
0
0
0
0
0
0
0
0
0
0
0
0
0
0
0
0
0
0
0
0
0
0
0
0
0
0
0
0
0
0
0
0
0
0
0
0
0
0
0
0
0
0
0
0
0
0
0
0
0
0
0
0
0
0
0
0
0
0
0
0
0
0
0
0
0
0
0
0
0
0
0
0
0
0
0
0
0
0
0
0
0
0
0
0
0
0
0
0
0
0
0
0
0
0
0
0
0
0
0
0
0
0
0
0
0
0
0
0
0
0
0
0
0
0
0
0
0
0
0
0
0
0
0
0
0
0
0
0
0
0
0
0
0
0
0
0
0
0
0
0.839758038520813
0.7924558520317078
0.7671821713447571
0.7489932179450989
0.7432802319526672
0.7365425825119019
0.7265685200691223
0.7113420963287354
0.711454451084137
0.7411986589431763
0.7158561944961548
0.702817976474762
0.715901255607605
0.7180656790733337
0.7462817430496216
0.7267113327980042
0.7356249690055847
0.7578821182250977
0.7494560480117798
0.7939376831054688
0.8298244476318359
0
0
0
0
0
0
1.458522915840149
1.4318076372146606
1.370740294456482
1.3646183013916016
1.3277819156646729
1.3127217292785645
1.3045134544372559
1.2623828649520874
1.2491564750671387
1.2417395114898682
1.2036333084106445
1.1957237720489502
1.191475749015808
1.152467131614685
1.1414729356765747
1.1354235410690308
1.128207802772522
1.1282103061676025
1.1014039516448975
1.1106865406036377
1.0817424058914185
1.05947744846344
1.0546928644180298
1.029523491859436
1.0262807607650757
1.023505449295044
1.0127556324005127
1.0044916868209839
1.009321928024292
0.9919050931930542
0.9865445494651794
0.9901390075683594
0.9714455604553223
0.9774685502052307
0.9580769538879395
0.9777539968490601
0.9682085514068604
0.9628532528877258
0.9491790533065796
0.9394331574440002
0.960614025592804
0.9476436972618103
1.0796715021133423
1.2160571813583374
1.3914228677749634
1.6426661014556885
0
0
0
0
0
0
0
0
0
0
0
0
0
1.9693468809127808
1.8864054679870605
1.8579716682434082
1.8275134563446045
1.8169636726379395
1.8329793214797974
1.8465396165847778
1.85779869556427
1.8756839036941528
0
0
0
0
0
0
0
0
0
0
0
0
0
0
0
0
0
0
0
0
0
0
0
0
0
0
3.3374273777008057
3.2897915840148926
3.268664836883545
3.2805027961730957
3.3184874057769775
0
0
0
0
0
0
0
0
0
0
0
0
0
0
0
0
0
0
0
0
0
0
0
0
0
0
0
0
0
0
0
0
0
0
0
0
0
0
1.5568982362747192
1.551833152770996
1.5160634517669678
1.4737389087677002
1.468162178993225
1.4613709449768066
1.4821014404296875
1.4572768211364746
1.4928654432296753
1.5161807537078857
1.5099884271621704
1.584014892578125
0
0
0
0
0
0
0
0
0
0
0
0
0
0
0
0
0
0
0
0
0
0
0
0
0
0
0
0
0
0
0
0
0
0
0
0
0
0
0
0
