0
0
0
0
0
0
0
0
0
0
0
0
0
0
0
0
0
0
0
0
0
0
0
0
0
0
0
0
0
0
0
0
0
0
0
0
0
0
0
0
0
0
0
0
0
0
0
0
0
0
0
0
0
0
0
0
0
0
0
0
0
0
0
0
0.4980461001396179
0.4578487277030945
0.4444616138935089
0.44105732440948486
0.4305996298789978
0.41712623834609985
0.4344503879547119
0.4110795259475708
0.4003790616989136
0.3953574001789093
0.38976436853408813
0.4212411940097809
0.41029271483421326
0.4008331596851349
0.4107508063316345
0.39685583114624023
0.4039081335067749
0.3869098722934723
0.3867606818675995
0.3871671259403229
0.3861751854419708
0.3992534279823303
0.38181155920028687
0.40607306361198425
0.4097810387611389
0.4101293981075287
0.39314424991607666
0.39744240045547485
0.4367784559726715
0.42966145277023315
0.4446527659893036
0.4667447507381439
0.4748883545398712
0.5259590744972229
0
0
0
0
0
0
0
0
0
0
0
0
0
0
0
0
0
0
0
0
0
0
0
0
0
0
0
0
0
0
0
0
0
0
0
0
0
0
0
0
0
0
0
0
0
0
0
0
0
3.120790481567383
3.0746219158172607
3.04685640335083
3.0486717224121094
3.104111671447754
0
0
0
0
0
0
0
0
0
0
0
2.2418129444122314
2.18855619430542
2.152139186859131
2.141636371612549
2.145191192626953
2.137321710586548
2.1627001762390137
2.2197232246398926
0
0
0
0
0
0
0
0
0
0
0
0
0
0
0
0
0
0
0
0
0
0
0
0
0
0
0
2.633889675140381
2.5505168437957764
2.538255214691162
2.5400805473327637
2.537858009338379
2.516655206680298
2.6006696224212646
0
0
0
0
0
0
0
0
0
0
0
0
0
1.1435996294021606
1.0924469232559204
1.069733738899231
1.0659517049789429
1.041874647140503
1.0531538724899292
1.0398423671722412
1.0378663539886475
1.0469067096710205
1.049729585647583
1.0750130414962769
1.0696656703948975
1.0731923580169678
1.0851038694381714
1.1085695028305054
0
0
0
0
0
0
0
0
0
0
0
0
2.8817269802093506
2.863060712814331
2.8511242866516113
2.86024808883667
2.8818607330322266
2.989781379699707
0
0
0
0
0
0
0
0
0
0
0
0
0
0
0
0
0
0
0
0
0
0
0
0
0
0
0
0
0
1.9634066820144653
1.872459053993225
1.8569132089614868
1.8233166933059692
1.8224726915359497
1.8037488460540771
1.827380657196045
1.8361990451812744
1.8725450038909912
1.90092933177948
0
0
0
0
0
0
0
0
0
0
0
0
0
0
0
0
0
0
0
0
0
0
0
0
0
0
0
0
0
0
0
0
0
0
0
0
0
0
0
0
0
0
0
0
0
0
0
0
0
0
0
0
0
0
0
0
0
0
0
0
0
0
0
0
0
0
0
0
0
0
