0
0
0
0
0
0
0
0
0
0
0
0
0
0
0
0
0
0
0
0
0
0
0
0
1.4994943141937256
1.4791555404663086
1.4521141052246094
1.4292268753051758
1.4163289070129395
1.4288192987442017
1.4184017181396484
1.4207093715667725
1.4480342864990234
1.4737515449523926
1.4696376323699951
1.5307419300079346
0
0
0
0
0
0
0
0
0
0
0
0
0
0
0
0
0
0
0
0
0
0
0
0
0
0
0
0
0
0
0
0
0
0
0
0
0
0
0
0
0
0
0
2.4658331871032715
2.4138481616973877
2.4026694297790527
2.3849642276763916
2.3911163806915283
2.3914411067962646
2.4390881061553955
0
0
0
0
0
0
0
0
0
0
0
0
0
0
0
0
0
0
0
0
0
0
0
0
0
0
0
0
0
0
0
0
2.385241746902466
2.3323659896850586
2.3174490928649902
0.9225905537605286
0.8828976154327393
0.8655017614364624
0.854016125202179
0.8232926726341248
0.8215070366859436
0.8295550346374512
0.8115308284759521
0.8049095273017883
0.8188927173614502
0.7968968152999878
0.8194922208786011
0.814966082572937
0.8230124711990356
0.8326481580734253
0.8405081033706665
0.854939877986908
0.8765642642974854
0.9049834609031677
0
0
0
0
3.4363858699798584
3.4318745136260986
3.418146848678589
3.476219892501831
0
0
0
2.4926483631134033
2.455423593521118
2.4224841594696045
2.436946392059326
2.4662318229675293
2.4854769706726074
0
0
0
0
0
0
0
0
0
0
0
0
0
0
0
0
0
0
0
0
2.575979232788086
2.5443108081817627
2.4914257526397705
2.5169289112091064
2.516174554824829
2.541471242904663
0
0
0
0
0
0
0
0
0
0
0
0
0
0
0
0
0
0
0
0
0
0
0
2.0563254356384277
2.0056374073028564
1.9993423223495483
2.00588321685791
2.014049768447876
2.0006468296051025
2.0397231578826904
2.064030885696411
0
0
0
0
0
0
0
0
0
0
0
0
0
0
0
0
0
0
0
0
0
0
0
0
0
0
0
0
0
0
0
0
0
0
0
0
0
0
0
0
0
0
0
0
0
0
0
0
0
0
1.9623230695724487
1.8835089206695557
1.8797188997268677
1.8724205493927002
1.8356103897094727
1.8284354209899902
1.854702115058899
1.8722710609436035
1.9025423526763916
0
0
0
0
0
0
0
0
0
0
0
0
0
0
0
0
0
0
0
0
0
0
0
0
0
0
0
0
0
0
0
0
0
0
0
0
0
0
0
0
0
0
0
0
0
0
0
1.4595290422439575
1.3825490474700928
1.3770487308502197
1.3589550256729126
1.3521952629089355
1.3508304357528687
1.3461016416549683
1.3448563814163208
1.3339112997055054
1.3391560316085815
1.3833571672439575
1.3730406761169434
1.450905442237854
0
0
0
0
0
0
0
0
0
0
0
0
0
0
0
0
0
0
0
0
0
0
0
0
0
0
0
