0
0
0
2.899679660797119
2.8332924842834473
2.803759813308716
2.791130304336548
2.794255495071411
2.818758726119995
2.885629653930664
0
0
0
0
0
0
0
0
0
0
0
0
0
0
0
0
0
0
0
0
0
0
0
0
0
0
3.431147813796997
3.325756788253784
3.2897143363952637
3.285773754119873
3.331792116165161
3.362121343612671
0
0
0
0
0
0.6745097041130066
0.6626392602920532
0.649929404258728
0.6523961424827576
0.6158769130706787
0.6057211756706238
0.592491090297699
0.5921621918678284
0.578190267086029
0.5672987699508667
0.5704948306083679
0.5589966177940369
0.5126364231109619
0.5254907608032227
0.5244589447975159
0.5283596515655518
0.5163781046867371
0.508673369884491
0.5058620572090149
0.49950140714645386
0.48607707023620605
0.48768526315689087
0.4860813021659851
0.4926786422729492
0.4916737377643585
0.4716438055038452
0.4681800603866577
0.45411041378974915
0.4585537016391754
0.45613643527030945
0.4752061367034912
0.444828063249588
0.47917211055755615
0.457053005695343
0.4368390142917633
0.4258476197719574
0.4452347457408905
0.42718425393104553
0.4398549497127533
0.4435986280441284
0.41484132409095764
0.42315760254859924
0.4387272000312805
0.4303716719150543
0.44400349259376526
0.4301859140396118
0.4223082959651947
0.42081236839294434
0.4198792278766632
0.40922752022743225
0.4127955734729767
0.419689416885376
0.4397887885570526
0.4321673810482025
0.4346551299095154
0.40783244371414185
0.4313192367553711
0.43807733058929443
0.43569350242614746
0.4283826947212219
0.4093218445777893
0.4293152689933777
0.45066314935684204
0.43200892210006714
0.438525915145874
0.44703954458236694
0.4287911653518677
0.4543026387691498
0.431530624628067
0.4510464072227478
0.44947049021720886
0.44625142216682434
0.44115039706230164
0.44917023181915283
0.47372132539749146
0.45627593994140625
0.47945255041122437
0.4623570442199707
0.4848676025867462
0.485952228307724
0.498483270406723
0.49156060814857483
0.4899791181087494
0.5025008916854858
0.49981144070625305
0.5036604404449463
0.5189942717552185
0.5157249569892883
0.5178789496421814
0.5463235378265381
0.5459086894989014
0.5330959558486938
0.5620250105857849
0.5731856226921082
0.5819612741470337
0.5909315347671509
0.5887084007263184
0.6140615940093994
0.6201319098472595
1.6958649158477783
1.6813467741012573
1.6799370050430298
1.6810925006866455
1.6851732730865479
1.7196784019470215
1.7647113800048828
0
0
0
0
0
0
0
0
0
0
0
0
0
0
0
0
0
0
0
0
0
0
0
0
0
0
0
0
0
0
0
0
0
0
0
0
0
0
0
0
0
0
0
0
0
0
0
0
0
0
0
0
2.6573071479797363
2.6253597736358643
2.6139004230499268
2.6077969074249268
2.615827798843384
2.683480739593506
0
0
0
0
0
0
0
0
0
0
0
0
0
0
0
0
0
0
0
0
0
0
0
0
0
0
0
0
0
1.6344529390335083
1.551149845123291
1.523699164390564
1.5023638010025024
1.5008045434951782
1.4821091890335083
1.4993928670883179
1.4934847354888916
1.4900331497192383
1.523874044418335
1.5440952777862549
1.6286704540252686
0
0
0
0
0
0
0
0
0
0
0
0
0
0
0
0
0
0
0
0
0
0
0
0
0
0
0
0
0
2.9743876457214355
2.9505786895751953
2.9312679767608643
2.9518589973449707
2.9723541736602783
3.043640375137329
0
0
0
0
0
0
0
0
0
0
0
0
0
0
1.1350497007369995
1.0722907781600952
1.0578057765960693
1.0479505062103271
1.0218462944030762
1.025303602218628
1.0259126424789429
1.0080159902572632
0.998465895652771
1.0034905672073364
1.0063258409500122
1.0338584184646606
1.0537970066070557
1.046349287033081
1.067564606666565
1.110174536705017
3.3548383712768555
3.3508148193359375
3.3514976501464844
3.3816723823547363
3.493314027786255
0
0
0
0
0
0
0
0
0
0
0
0
0
0
0
0
0
0
0
0
0
0
0
0
0
0
0
2.0857138633728027
2.0489795207977295
2.024736166000366
2.0181307792663574
2.0217807292938232
2.02970552444458
2.060760974884033
2.088550090789795
0
0
0
