0
0
0
0
0
0
2.6939823627471924
2.6340537071228027
2.6104190349578857
2.6071794033050537
2.61728572845459
2.6428463459014893
2.681300640106201
0
0
0
0
0
0
0
0
0
0
0
0
0
0
0
0
0
0
0
0
0
0
0
0
0.6832873821258545
0.6600733995437622
0.6424918174743652
0.626074492931366
0.6161145567893982
0.6010496020317078
0.6198045015335083
0.5919638276100159
0.5862517952919006
0.5735796093940735
0.5790897011756897
0.5650450587272644
0.5811060070991516
0.5793939232826233
0.5928484201431274
0.576168954372406
0.5833646655082703
0.5991251468658447
0.5816860198974609
0.5806366205215454
0.5964650511741638
0.6042324900627136
0.6292019486427307
0.6216232180595398
0.6477267742156982
0.7079034447669983
0
0
0
0
0
0
0
0
0
0
0
0
0
0
0
0
0
0
0
0
2.479856252670288
2.420790910720825
2.4228434562683105
2.4045121669769287
2.4299516677856445
2.464317798614502
2.5270557403564453
0
0
0
0
0
0
0
0
0
0
0
0
0
0
0
0
0
0
0
0
0
0
0
0
0
0
0
0
0
0
0
0
0
0
0
0
0
0
3.3844685554504395
3.3608903884887695
3.3503966331481934
3.3723981380462646
1.8607146739959717
1.8427001237869263
1.8010597229003906
1.7802773714065552
1.767465591430664
1.7650189399719238
1.7876743078231812
1.8081647157669067
1.8186516761779785
0
0
0
0
0
0
0
0
0
0
0
0
0
0
0
0
0
0
0
0
0
0
0
0
0
0
0
0
0
0
0
0
0
0
0
0
0
0
0
0
0
0
0
0
0
0
0
0
0
0
0
0
0
0
0
0
0
0
0
0
0
0
0
0
0
0
0
0
0
0
0
0
0
0
0
0
0
0
0
0
0
0
0
0
0
0
0
0
0
0
0
0
0
0
0
0
0
0
0
0
0
0
0
0
0
0
0
0
0
0
0
0
0
0
0
0
0
0
0
0
0
0
0
0
0
0
0
0
0
0
0
0
0
0
0
0
0
0
0
0
0
0
0
0
0
0
0
0
0
0
0
0
0
0
0
0
0
0
0
0
0
0
0
0
0
0
0
0
0
0
0
0
0
0
0
0
0
0
0
0
0
0
0
0
0
0
0
0
0
0
0
0
0
0
0
0
0
0
0
0
0
0
0
0
0
0
0
0
0
0
0
0
0
0
0
0
0
0
0
