0
0
0
0
0
0
0
0
0
0
0
0
0
0
0
0
0
0
0
0
0
0
0
0
0
0
0
0
0
0
0
0
0
0
0
0
0
0
0
0
0
0
0
0
0
0
0
0
0
0
0
0
0
0
0
0
0
0
0
0
0
0
0
0
2.803452968597412
2.7260098457336426
2.6948490142822266
2.656653642654419
2.6959359645843506
2.745595693588257
2.8115272521972656
2.856483221054077
2.895505905151367
2.943466901779175
3.0496573448181152
3.0726125240325928
3.1528687477111816
1.8346163034439087
1.7634344100952148
1.7515029907226562
1.7353508472442627
1.73716139793396
1.7690504789352417
1.7405506372451782
1.7785190343856812
1.8107032775878906
1.869228482246399
0
0
0
0
0
0
0
0
0
0
0
0
0
0
0
0
0
0
0
0
0
1.158447265625
1.1664559841156006
1.1707314252853394
1.156519889831543
1.1507130861282349
1.1574581861495972
1.1638307571411133
1.1685298681259155
1.146530270576477
1.144336223602295
1.164413332939148
1.1670149564743042
1.1683311462402344
0
2.738846778869629
2.742849111557007
2.717008590698242
2.721705675125122
2.6798465251922607
2.681896686553955
2.6898419857025146
2.6612367630004883
2.6563403606414795
2.6574513912200928
2.656122922897339
2.6332316398620605
2.6187868118286133
2.606403112411499
2.594588279724121
2.615297317504883
2.5921123027801514
2.601608991622925
2.5964255332946777
2.603212356567383
2.5999772548675537
2.6036312580108643
2.6161651611328125
2.6006479263305664
2.6093199253082275
2.6102309226989746
2.5903468132019043
2.614959478378296
2.60101318359375
1.2987315654754639
1.293116807937622
1.2674386501312256
1.245683193206787
1.2586171627044678
1.240746259689331
1.2207547426223755
1.2374749183654785
1.254963755607605
1.2703132629394531
1.2802091836929321
1.3039253950119019
2.7914788722991943
2.8038268089294434
2.823350667953491
2.854412317276001
2.8704347610473633
2.9106974601745605
2.912454843521118
2.944181203842163
2.9972002506256104
3.017794132232666
0
0
0
0
0
0
0
0
0
0
0
0
0
0
0
0
0
0
0
0
0
0
0
0
0
0
0
0
0
0
0
0
0
0
0
0
0
0
0
0
0
0
0
0
0
0
0
0
0
0
0
0
0
2.2093536853790283
2.1229782104492188
2.092780828475952
2.0628163814544678
2.096855640411377
2.1074209213256836
2.1192386150360107
2.1207735538482666
0
0
0
0
0
0
0
0
0
0
0
0
0
0
0
0
0
0
0
0
0
3.49603271484375
3.4243786334991455
3.351547956466675
3.289912700653076
3.219451665878296
3.173027992248535
3.127990245819092
3.088771104812622
3.0308573246002197
2.988572597503662
2.9493587017059326
2.8754546642303467
2.8789222240448
2.948014259338379
3.0254693031311035
3.084418773651123
3.1638741493225098
3.2687032222747803
3.369394540786743
3.475674867630005
0
0
0
0
0
0
0
0
0
0
0
0
0
0
0
0
0
0
0
0
0
0
0
0
0
0
0
0
0
0
0
0
0
0
0
0
0
0
0
0
0
0
0
0
0
0
1.7157717943191528
1.631522536277771
1.6107981204986572
1.5804097652435303
1.5763297080993652
1.5825093984603882
1.581052541732788
1.5738061666488647
1.6028064489364624
1.6206308603286743
1.6472413539886475
0
0
0
0
0
0
0
0
0
0
0
0
0
0
0
0
0
0
0
0
0
0
0
0
0
0
0
0
