0
0
2.3672361373901367
2.3341476917266846
2.315953493118286
2.3159546852111816
2.314138889312744
2.3594553470611572
2.379270553588867
0
0
0
0
0
0
0
0
0
0
0
0
0
0
0
0
0
0
0
0
1.6992512941360474
1.6775954961776733
1.6695375442504883
1.6455124616622925
1.6512411832809448
1.6607946157455444
1.6660988330841064
1.6867469549179077
1.6937975883483887
1.7515963315963745
0
0
0
0
0
0
0
0
0
0
0
0
0
0
0
0
0
0
0
0
0
0
0
0
2.605617046356201
2.5600547790527344
2.5498781204223633
2.5435147285461426
2.5380966663360596
2.572103500366211
2.6733264923095703
0
0
0
0
0
0
0
0
3.4239678382873535
3.391939163208008
3.3498730659484863
3.361131429672241
3.4103500843048096
0
0
0
0
0
0
0
0
0
0
0
0
0
1.6130064725875854
1.5456383228302002
1.5631953477859497
1.530639410018921
1.5104954242706299
1.5073598623275757
1.4986679553985596
1.5294395685195923
1.5469907522201538
1.5782893896102905
1.611784815788269
0
0
0
0
0
0
0
0
0
0
0
0
0
0
0
0
0
0
0
0
0
0
0
0
0
2.742548942565918
2.698514699935913
2.6728317737579346
2.675793409347534
2.704826593399048
2.7264480590820312
0
0
0
0
0
0
0
0
0
0
0
0
0
0
0
0
0
0
0
0
0
0
0
0
0
0
0
0
0.518745481967926
0.48852914571762085
0.45957469940185547
0.4629021883010864
0.4606272280216217
0.44233807921409607
0.42590096592903137
0.42173048853874207
0.4159885048866272
0.40903550386428833
0.4289741516113281
0.4133736789226532
0.41850394010543823
0.4173870086669922
0.39897462725639343
0.39886170625686646
0.40273043513298035
0.4054258167743683
0.4078833758831024
0.39903467893600464
0.40578076243400574
0.4154393970966339
0.4045652747154236
0.4222145676612854
0.42588678002357483
0.4192659556865692
0.42573922872543335
0.4368163049221039
0.4297686219215393
0.4490819275379181
0.4909460246562958
0.4954616129398346
0
0
0
0
0
0
0
0
0
0
0
0
0
0
0
0
0
0
0
0
0
0
0
0
0
0
0
0
0
0
0
0
0
0
0
0
0
0
0
0
0
0
0
0
0
0
0
0
0
0
0
0
0
0
0
0
0
0
0
0
0
0
0
0
0
0
0
0
0
0
0
0
0
0
0
0
0
0
0
0
0
0
0
0
0
0
0
0
0
0
0
0
0
0
0
0
0
0
0
0
0
0
0
0
0
0
0
0
0
0
0
0
0
0
0
0
0
0
0
0
0
0
0
0
0
0
0
0
0
0
0
0
0
0
0
0
0
0
0
0
0
0
0
0
0
0
0
0
0
0
0
0
0
0
0
0
0
0
0
0
0
0
