0.9643235206604004
0.9721991419792175
0.9739416837692261
0.9573371410369873
0.9532776474952698
0.946926474571228
0.9504693150520325
0.9509710073471069
0.935431718826294
0.9495635628700256
0.9434146285057068
0.939888060092926
0.9326879382133484
0.9337553381919861
0.9414348006248474
0.9280218482017517
0.9123517870903015
0.92802894115448
0.9323105216026306
0.9419735670089722
0.9390696883201599
0.9329309463500977
0.928648829460144
0.9349373579025269
0.9352079033851624
0.9289124608039856
0.9443247318267822
0.9583953619003296
0.9312297105789185
0.9568100571632385
0.9581395983695984
0.9558097720146179
0.9784561395645142
0.988201916217804
0.968414843082428
0.9761568903923035
0.9852966666221619
0.9891831874847412
0.9902927279472351
1.0149458646774292
0.9967370629310608
1.035557508468628
1.0353692770004272
1.0217962265014648
1.0310287475585938
1.0603392124176025
1.0517584085464478
1.085945725440979
1.082082748413086
1.0940577983856201
1.1160567998886108
1.1334524154663086
1.1292566061019897
1.1555113792419434
1.1688367128372192
1.1888079643249512
1.2063087224960327
1.208290696144104
1.2417182922363281
1.2509750127792358
1.2795536518096924
1.286457896232605
1.3330893516540527
1.3591941595077515
1.3616095781326294
1.3937708139419556
1.423582911491394
1.4618775844573975
1.4807794094085693
1.5266942977905273
1.560935378074646
1.5998151302337646
1.613674283027649
1.6767525672912598
1.7189658880233765
1.778678059577942
1.82265305519104
1.3224369287490845
1.280662178993225
1.2491164207458496
1.226500391960144
1.2021039724349976
1.1679556369781494
1.127631425857544
1.1129294633865356
1.080581784248352
1.0625823736190796
1.045326590538025
1.03279709815979
1.0153673887252808
0.9728025794029236
0.96435546875
0.9608805775642395
0.933713972568512
0.9091463685035706
0.8953557014465332
0.8811057209968567
0.8920742273330688
0.8629289269447327
0.869515061378479
0.8746815919876099
0.8348422050476074
0.8463672995567322
0.8155305981636047
0.8162668943405151
0.8035727739334106
0.8167741894721985
0.77983558177948
0.7728769183158875
0.7601869106292725
0.7601696848869324
0.7492420077323914
0.7533233761787415
0.752548336982727
0.7484020590782166
0.7428010702133179
0.7383947372436523
0.7382228970527649
0.7269625067710876
0.7160220146179199
0.7256293296813965
0.7187203764915466
0.7072623372077942
0.7088575959205627
0.6963104605674744
0.6925322413444519
0.7060829997062683
0.710006833076477
0.7046833634376526
0.7074353694915771
0.6955764293670654
0.7097741365432739
0.696882426738739
0.7131754755973816
0.6893730163574219
0.6858691573143005
0.6927493810653687
0.6885408163070679
0.695910632610321
0.7064211368560791
0.6899098753929138
0.7032403349876404
0.7004436254501343
0.706717848777771
0.7024834752082825
0.6959310173988342
0.6931412816047668
0.6896986961364746
0.7022205591201782
0.7335218191146851
0.7362498044967651
0.7282628417015076
0.7315115928649902
0.7415425181388855
0.7228480577468872
0.7522445917129517
0.7442035675048828
0.7535498738288879
0.7726453542709351
0.7305843830108643
0.7524368762969971
0.770984947681427
0.7719765305519104
0.7710742354393005
0.7629160284996033
0.7928634285926819
0.8100043535232544
0.8057226538658142
0.8306202292442322
0.8324546813964844
0.825039267539978
0.8531720042228699
0.8755478858947754
0.8860406279563904
0.8769766688346863
0.8971278071403503
0.9113573431968689
0.9344607591629028
0.9446423649787903
0.9639339447021484
0.9799575805664062
0.9864095449447632
1.0178651809692383
1.0461236238479614
1.054690957069397
1.0647587776184082
1.0809040069580078
1.1232450008392334
1.156806468963623
1.1530115604400635
1.197922945022583
1.2233341932296753
1.2759323120117188
1.2790002822875977
1.3316948413848877
1.3663588762283325
1.4215540885925293
1.4648137092590332
1.504016637802124
0
0
0
0
0
0
0
2.5117409229278564
2.4949452877044678
2.486264944076538
2.4895286560058594
2.4903452396392822
2.5142059326171875
0
0
0
0
0
0
0
0
0
0
0
3.0433273315429688
2.9538345336914062
2.960258722305298
2.9388587474823
2.9451546669006348
3.0000293254852295
0
0
0
0
0
0
0
0
0
0
0
0
0
0
0
0
0
0
0
0
0
0
0
0
0
0
0
0
0
0
0
0
0
0
0
2.7296876907348633
2.6369824409484863
2.6037113666534424
2.6013059616088867
2.588937520980835
2.618899345397949
2.667179822921753
0
0
0
0
0
0
0
0
0
0
0
0
0.5190441012382507
0.49860885739326477
0.4554307162761688
0.45669025182724
0.45629584789276123
0.4393325746059418
0.45799267292022705
0.4301875829696655
0.4387620687484741
0.41140496730804443
0.4320847988128662
0.43986374139785767
0.4307628870010376
0.42468222975730896
0.4277529716491699
0.41197267174720764
0.4184912145137787
0.4329213798046112
0.42233043909072876
0.4234718680381775
0.4146244525909424
0.42457666993141174
0.42503148317337036
0.4420489966869354
0.4422983229160309
0.458224892616272
0.4600284695625305
0.47783493995666504
0.4634707272052765
0.48264381289482117
0.501970112323761
0.517813503742218
0
0
0
0
0
3.4981088638305664
3.5
0
0
0
0
0
0
0
0
0
0
0
0
0
0
0
0
0
0
0
0
0
0
0
0
0
0
0
0
0
0
1.02992844581604
1.011143684387207
0.988438069820404
0.9971026182174683
0.9789671897888184
0.9920705556869507
0.9868491291999817
0.9676278829574585
