1.2516781091690063
1.3092212677001953
1.386589527130127
1.4602940082550049
1.545741319656372
1.6402722597122192
1.738768458366394
1.850046157836914
1.99398672580719
2.182509183883667
3.1935434341430664
3.149094581604004
3.1385841369628906
3.1494405269622803
3.175143003463745
3.2611398696899414
0
0
0
0
0
0
0
0
0
0
0
0
0
0
0
0
0
0
0
0
0
0
0
0
0
0
0
0
0
0
0
0
0
0
0
0
0
0
0
1.1435822248458862
1.1192007064819336
1.1056723594665527
1.0664896965026855
1.0669931173324585
1.081929087638855
1.057259202003479
1.0494229793548584
1.0652027130126953
1.0607249736785889
1.0936833620071411
1.0745643377304077
1.1097909212112427
1.1432205438613892
1.1736972332000732
0
0
0
0
0
0
0
0
0
0
0
0
0
0
0
0
0
0
0
0
0
0
0
0
0
0
0
0
0
0
0
0
0
1.037903904914856
0.9921628832817078
0.9595359563827515
0.9253971576690674
0.9070003032684326
0.8450353741645813
0.8289107084274292
0.8070598840713501
0.7748176455497742
0.769319474697113
0.7130476832389832
0.7212386131286621
0.694092869758606
0.683173418045044
0.6669914126396179
0.6551612615585327
0.6250208020210266
0.6153007745742798
0.6010199785232544
0.6101698875427246
0.5790978074073792
0.5597066283226013
0.556042492389679
0.5192511677742004
0.5350751280784607
0.5098232626914978
0.5161890387535095
0.4953400790691376
0.48751333355903625
0.49245160818099976
0.48190996050834656
0.47310101985931396
0.47953078150749207
0.4695030152797699
0.45794743299484253
0.4547904133796692
0.4447275698184967
0.44957518577575684
0.4391579031944275
0.44541168212890625
0.4429103136062622
0.4276941120624542
0.4403282701969147
0.43188074231147766
0.43350303173065186
0.40853163599967957
0.40271127223968506
0.4063950777053833
0.40360790491104126
0.4009118378162384
0.412729948759079
0.40304476022720337
0.38602131605148315
0.3962627053260803
0.39539358019828796
0.3958495557308197
0.39071154594421387
0.3890298902988434
0.38247695565223694
0.37775343656539917
0.39208823442459106
0.3936672806739807
0.3590283989906311
0.38764286041259766
0.3736472427845001
0.3892563581466675
0.36834248900413513
0.3695233464241028
0.3878213167190552
0.3767920434474945
0.347852498292923
0.3771778345108032
0.40994083881378174
0.383197546005249
0.3727972209453583
0.3759884238243103
0.364764928817749
0.37610962986946106
0.3848717212677002
0.40262243151664734
0.40113407373428345
0.3930644392967224
0.39257416129112244
0.3876352608203888
0.38712719082832336
0.4057021737098694
0.39800146222114563
0.4009476900100708
0.4046527147293091
0.39752739667892456
0.41872626543045044
0.40975329279899597
0.4069357216358185
0.41735416650772095
0.4275831878185272
0.4277102053165436
0.43769410252571106
0.4220978617668152
0.422521710395813
0.46051254868507385
0.4455777108669281
0.44214802980422974
0.46978235244750977
0.4617508351802826
0.46790969371795654
0.4730435311794281
0.47753918170928955
0.48966479301452637
0.5050216913223267
0.5020529627799988
0.5013369917869568
0.5192355513572693
0.5183054208755493
0.5200216174125671
0.5421531796455383
0.5322667360305786
0.5647299289703369
0.567110538482666
0.5746743083000183
0.612396240234375
0.6040633916854858
0.6148138642311096
0.6446800231933594
0.6539451479911804
0.6882107257843018
0.6971538662910461
0.7050685882568359
0.7377634048461914
0.7262995839118958
0.7513307929039001
0.7936367392539978
0.8430598378181458
0.8506764769554138
0.8819921016693115
0.9062903523445129
0.9624170064926147
1.005020022392273
1.0377776622772217
1.0850178003311157
1.1308704614639282
1.2032550573349
1.262884497642517
1.3362557888031006
1.4009299278259277
1.51761794090271
0.6181216239929199
0.6078034043312073
0.6029266715049744
0.5890904068946838
0.5710851550102234
0.5472173094749451
0.5391407608985901
0.5499546527862549
0.5469261407852173
0.516207754611969
0.5403927564620972
0.5236016511917114
0.5127720832824707
0.5142279267311096
0.5135323405265808
0.5034028887748718
0.4830096960067749
0.4982536733150482
0.48976364731788635
0.4961038827896118
0.4840964376926422
0.46284911036491394
0.4689429700374603
0.4657522141933441
0.4841524064540863
0.462212473154068
0.48098284006118774
0.47264209389686584
0.47333183884620667
0.4679511785507202
0.4694274067878723
0.4455740451812744
0.46344348788261414
0.45239534974098206
0.4504919946193695
0.4491393268108368
0.45621970295906067
0.44199228286743164
0.44586998224258423
0.451691597700119
0.4501841068267822
0.45679497718811035
0.45532119274139404
0.45443832874298096
0.4448627233505249
0.4369805157184601
0.4542865455150604
0.43719303607940674
0.4485589563846588
0.453593909740448
0.42869704961776733
0.4519025981426239
0.4480270445346832
0.4591306746006012
0.4555104672908783
0.4641192853450775
0.4647347629070282
0.44930294156074524
0.4592461884021759
0.4751235544681549
0.45939841866493225
0.489470511674881
0.46600914001464844
0.49209582805633545
0.4728536903858185
0.4654071033000946
0.480185329914093
0.49953359365463257
0.4833521842956543
0.49465373158454895
0.49967825412750244
0.5107134580612183
0.5234713554382324
0.5112636685371399
0.5397974848747253
0.5387685298919678
0.5408806800842285
0.5339798927307129
0.5475196242332458
0.5602719783782959
0.5611515045166016
0.5880936980247498
0.5819051861763
0.602884829044342
0.6157066822052002
0.6150817275047302
0.6332797408103943
0.6346818804740906
0.6347872614860535
0.6651369333267212
0.6808792352676392
0.6852473616600037
0.6897247433662415
0.7268046140670776
0.7195799946784973
0.7456014752388
0.7476081252098083
0.7884706854820251
0.7925586104393005
0.8202702403068542
0.8263533711433411
0.8560714721679688
0.8927288055419922
0.9312012791633606
0.9310991168022156
0.9824076294898987
1.034277081489563
1.0595585107803345
1.105398178100586
1.1336084604263306
1.2015920877456665
1.2405527830123901
