0
0
0
0
0
2.5685789585113525
2.488419532775879
2.4642839431762695
2.449342727661133
2.473961114883423
2.4900081157684326
2.503376007080078
0
0
0
0
0
0.9103932976722717
0.8724222183227539
0.8468449711799622
0.863098680973053
0.8329511880874634
0.8073797821998596
0.8162440657615662
0.8145995140075684
0.8216924667358398
0.8197022676467896
0.8182514905929565
0.7923561930656433
0.8186407685279846
0.8322116136550903
0.8333220481872559
0.8477545380592346
0.8593454360961914
0.8753202557563782
0.9001936316490173
0
0
0
0
0
0
0
0
0
0
0
0
0
0
0
0
0
0
0
0
0
2.5689618587493896
2.517180919647217
2.471142053604126
2.467866897583008
2.480526924133301
2.4987058639526367
2.5189621448516846
0
0
0
0
0
0
0
0
0
0
0
0
0
0
0
0
0
0
0
0
0
0
1.307229995727539
1.272163987159729
1.2485644817352295
1.2285526990890503
1.2237799167633057
1.214247703552246
1.2118498086929321
1.2180511951446533
1.1977769136428833
1.2276926040649414
1.2323957681655884
1.2660690546035767
1.2900861501693726
0
0
0
0
0
0
0
0
0
0
0
0
0
0
0
0
0
0
0
0
0
0
0
0
0
0
0
0
0
0
0
0
0
2.758415937423706
2.730638265609741
2.721794366836548
2.7251007556915283
2.731860637664795
2.794215202331543
0
0
0
0
0
0
0
0
0
0
0
0
0
0
0
0
0
0
0
0
0
0
0
0
0
0
0
3.1049063205718994
3.047534942626953
3.0701563358306885
3.0450801849365234
3.0827221870422363
0
0
0
0
0
0
0
0
0
0
0
0
0
0
0
0
0
0
0
0
0
0
0
0
3.109113931655884
3.0209999084472656
3.0203981399536133
3.0092854499816895
3.0268442630767822
3.1064612865448
0
0
1.1530094146728516
1.0970289707183838
1.0722999572753906
1.0663883686065674
1.0419436693191528
1.0422694683074951
1.0477644205093384
1.0304917097091675
1.047749400138855
1.040012240409851
1.0721514225006104
1.0522122383117676
1.0852947235107422
1.0758247375488281
1.104835867881775
0
0
0
0
0
0
0
0
0
0
0
0
0
0
0
2.954327344894409
2.935284376144409
2.893850088119507
2.8915374279022217
2.9114303588867188
2.941477060317993
0
0
0
0
0
0
0
0
0
0
0
0
0
0
0
0
0
0
0
0
0
1.7971775531768799
1.7571641206741333
1.71439790725708
1.7136629819869995
1.6957831382751465
1.7002092599868774
1.715732455253601
1.7242376804351807
1.7435153722763062
1.7819539308547974
0
0
0
0
0
0
0
0
0
0
0
0
0
0
0
0
0
0
0
0
0
0
0
0
0
0
0
0
0
0
3.117143392562866
3.0424423217773438
3.0179216861724854
3.00931978225708
3.042768955230713
0.9417211413383484
0.9258981347084045
0.9234226942062378
0.895099937915802
0.8796440362930298
0.8759061098098755
0.8745350241661072
0.8750308752059937
0.8598520755767822
0.8704944252967834
0.880984902381897
0.8896246552467346
0.8707688450813293
0.8842362761497498
0.9028812646865845
0.9286927580833435
0.9359599351882935
0.9832194447517395
0
0
0
0
0
0
0
0
0
0
0
0
0
0
0
0
0
2.424165964126587
2.385194778442383
2.3459742069244385
2.348050594329834
2.3524651527404785
2.368194580078125
2.3881924152374268
2.4580698013305664
0
0
0
0
0
0
0
0
0
0
0
0
0
