2.0693044662475586
2.2216899394989014
2.417454957962036
2.665473222732544
2.938655376434326
3.277056932449341
0
0
0
0
0
0
0
0
0
0
0
0
0
2.9003663063049316
2.86242413520813
2.844905138015747
2.871156692504883
2.8600759506225586
2.922555446624756
0
0
0
0
0
0
0
0
0
0
0.845373809337616
0.8208416104316711
0.797498345375061
0.7721565961837769
0.7731326222419739
0.798082172870636
0.7591935396194458
0.7586455345153809
0.7714663147926331
0.7903854846954346
0.7575820088386536
0.7734251618385315
0.7634963989257812
0.7626980543136597
0.7634809613227844
0.784609854221344
0.78793865442276
0.8109953999519348
0.8310381174087524
0.867785632610321
1.9882079362869263
1.9596235752105713
1.9094606637954712
1.8858368396759033
1.8469451665878296
1.8024317026138306
1.8047330379486084
1.7585251331329346
1.7429819107055664
1.71017324924469
1.688778281211853
1.6677132844924927
1.6355834007263184
1.6230473518371582
1.6000570058822632
1.5974464416503906
1.5746922492980957
1.5691759586334229
1.5427639484405518
1.5140275955200195
1.5007166862487793
1.4931026697158813
1.4980525970458984
1.4734333753585815
1.4472473859786987
1.4480384588241577
1.4533611536026
1.4276851415634155
1.417715072631836
1.4045253992080688
1.3989993333816528
1.3790792226791382
1.3858788013458252
1.3866631984710693
1.3707082271575928
1.3528696298599243
1.367944598197937
1.3519821166992188
1.3549975156784058
1.3225395679473877
1.3512943983078003
1.3445024490356445
1.3368116617202759
1.3315792083740234
1.3330004215240479
1.3298571109771729
1.327985405921936
1.3201403617858887
1.3046364784240723
1.3173247575759888
1.3308852910995483
1.312856674194336
1.3311511278152466
1.3283674716949463
1.3179590702056885
1.3454941511154175
1.3519136905670166
1.3570636510849
1.3550441265106201
1.36091947555542
1.3609027862548828
1.354310154914856
1.3762190341949463
1.3852386474609375
1.3888496160507202
1.3954180479049683
1.4176355600357056
1.418364405632019
1.4170953035354614
1.4094518423080444
1.4249547719955444
1.4336186647415161
1.459228515625
1.4589968919754028
1.4709510803222656
1.4950222969055176
1.5118976831436157
1.5291639566421509
1.5577073097229004
1.5276784896850586
1.5624929666519165
1.5711815357208252
1.5943019390106201
1.6099610328674316
1.6481938362121582
1.6365132331848145
1.6930880546569824
1.7315586805343628
1.7469892501831055
1.7724981307983398
1.7992204427719116
1.8271609544754028
1.8395448923110962
0
0
0
0
0
0
0
0
0
0
0
0
0
0
0
0
0
0
0
0
0
0
0
0
0
0
0
0
0
0
0
0
0
0
0
0
0
0
0
0
0
0
0
0
0
0
0
0
0
0
0
0
0
0
0
0
0
0
0
0
0
0
0
0
0
0
0
0
0
0
0
0
0
0
0
0
0
0
0
0
0
0
0.7788700461387634
0.7653980851173401
0.7381308674812317
0.7250893712043762
0.722050666809082
0.7206161618232727
0.6843445301055908
0.6749794483184814
0.6766327023506165
0.6664328575134277
0.6474895477294922
0.649330198764801
0.6316903233528137
0.6101678013801575
0.6148096323013306
0.6134659051895142
0.6158235669136047
0.5827405452728271
0.5878461599349976
0.5990150570869446
0.5792791843414307
0.5583722591400146
0.5516057014465332
0.5386951565742493
0.5126074552536011
0.5459025502204895
0.5292511582374573
0.5284920930862427
0.5295150876045227
0.5147654414176941
0.5185932517051697
0.5075775980949402
0.5204572081565857
0.4980495870113373
0.5074080228805542
0.5040367245674133
0.5083111524581909
0.49991995096206665
0.4898436963558197
0.48288479447364807
0.4786427915096283
0.49926677346229553
0.4738825261592865
0.4866788685321808
0.4843529462814331
0.48573169112205505
0.4675896465778351
0.4909241795539856
0.4787349998950958
0.4900420606136322
0.4524756073951721
0.4821855127811432
0.4811965227127075
0.4773799777030945
0.4773249626159668
0.4799504280090332
0.46126091480255127
0.4881702661514282
0.4680764675140381
0.48235565423965454
0.46597498655319214
0.5003576874732971
0.4857698380947113
0.46929097175598145
0.49050474166870117
0.4692232012748718
0.470933735370636
0.488309383392334
0.4917890131473541
0.4909009635448456
0.5034350752830505
0.4997585117816925
0.4824216365814209
0.5042973756790161
0.5104175209999084
0.5239990949630737
0.5347474813461304
0.5239834189414978
0.5398621559143066
0.5168710947036743
0.525107204914093
0.5342617034912109
0.5363211631774902
0.5520414113998413
0.5774890184402466
0.5616809129714966
0.5653361082077026
0.5700082182884216
0.5893990993499756
0.6011541485786438
0.5973504781723022
0.6005900502204895
0.6105454564094543
0.6115906238555908
0.6359431147575378
0.6319695711135864
0.657286524772644
0.6595273613929749
0.6682286858558655
0.7019250392913818
0.6882208585739136
0.7292132377624512
0.7290406227111816
0.7446774840354919
0.7736944556236267
0.7941055297851562
0.807185709476471
0.8265658020973206
0.8452172875404358
0.864683210849762
0.8970843553543091
0.9207049012184143
0.9344629049301147
0.9678570628166199
0.9866713881492615
1.01364004611969
1.0440391302108765
1.1072739362716675
1.1474858522415161
1.2054834365844727
1.2716045379638672
1.2883694171905518
1.351514220237732
1.4194581508636475
1.500227451324463
1.579145908355713
1.6676702499389648
1.7983341217041016
1.888338565826416
2.0352654457092285
