0
0
0
0
0
0
0
1.4079583883285522
1.3795526027679443
1.3314013481140137
1.330277442932129
1.3248066902160645
1.3089896440505981
1.322058916091919
1.3020793199539185
1.3154813051223755
1.3337467908859253
1.356447458267212
1.3775972127914429
1.3994289636611938
0
0
0
0
0
0
0
0
0
0
0
0
0
0
0
0
0
0
0
0
0
3.072502851486206
3.0258524417877197
3.0224804878234863
3.0236597061157227
3.0553321838378906
3.0817792415618896
0
0
0
0
2.6737353801727295
2.629729747772217
2.567430257797241
2.5383028984069824
2.4673454761505127
2.433098554611206
2.396453380584717
2.361677646636963
2.3118534088134766
2.2857203483581543
2.2738759517669678
2.214585781097412
2.2147181034088135
2.1581430435180664
2.1408166885375977
2.120729923248291
2.088315486907959
2.065324544906616
2.0489072799682617
2.082873821258545
2.1485581398010254
2.2140731811523438
2.3133327960968018
2.4016473293304443
2.462291955947876
2.576225519180298
2.6726129055023193
2.7955996990203857
2.9068238735198975
0
0
0
0
0
0
0
0
0
0
0
0
0
0
0
0
0
0
0
0
0
0
0
0
0
0
0
0
0
0
0
0
0
0
0
0
0
0
0
0
0
0
0
0
0
0
0
0
0
0
0
0
0
0
0
0
0
0
0
0
0
0
0
0
0
0
0
1.6346347332000732
1.6061385869979858
1.5657590627670288
1.5608452558517456
1.5339100360870361
1.5599534511566162
1.567636251449585
1.568856120109558
1.5957105159759521
1.6324310302734375
0
0
0
0
0
0
0
0
0
0
0
0
0
0
0
0
0
0
0
0
0
0
0
0
0
0
0
0
0
0
0
0
0
0
0
0
0
0
0
0
0
0
0
0
0
0
0
0
0
0
0
0
0
0
0
0
0
0
0
0
0
0
0
0
0
0
0
0
0
0
0
0
0
0
2.7430102825164795
2.650169849395752
2.5960943698883057
2.6118733882904053
2.6044771671295166
2.657559394836426
2.6772055625915527
0
0
0
0
0
0
0
0
0
0
0
1.940682053565979
1.9101319313049316
1.9178029298782349
1.898128628730774
1.88230299949646
1.88410222530365
1.8727047443389893
1.8616952896118164
1.9538413286209106
2.174808979034424
2.3825767040252686
2.678995370864868
3.016040325164795
0
0
0
0
3.409003496170044
3.3802714347839355
3.3518428802490234
3.3062171936035156
3.2589471340179443
3.249889373779297
3.2140626907348633
3.195539712905884
3.18102765083313
3.1456329822540283
3.127333641052246
1.6839364767074585
1.6156349182128906
1.5999372005462646
1.5667003393173218
1.5782898664474487
1.565930962562561
1.5641250610351562
1.5582621097564697
1.5748894214630127
1.6092560291290283
1.6379045248031616
2.9605863094329834
2.936218738555908
2.9396603107452393
2.9061777591705322
2.9220082759857178
2.9265663623809814
2.9103293418884277
2.9224984645843506
2.9071130752563477
2.90627384185791
2.896054267883301
2.9234719276428223
2.913271188735962
2.932342767715454
2.9010446071624756
2.9457292556762695
2.92815899848938
2.9507908821105957
2.9518635272979736
2.9524123668670654
2.9677000045776367
2.9872777462005615
2.9855422973632812
3.0049917697906494
0
0
0
0
0
0
0
0
0
0
0
0
0
0
0
0
3.39910626411438
3.3608782291412354
3.3563942909240723
3.36944842338562
3.4234981536865234
0
0
0
0
0
0
0
0
0
0
3.2187156677246094
3.1812665462493896
3.139521360397339
3.15030574798584
3.1595253944396973
3.221517562866211
0
0
0
0
0
0
0
0
0
0
0
