0
0
0
0
0
0
0
0
0
0
0
0
0
0
0
0
0
0
0
0
0
0
0
0
0
0
0
2.742443561553955
2.65614914894104
1.2330965995788574
1.2163997888565063
1.1749624013900757
1.1655024290084839
1.1631031036376953
1.162937045097351
1.1563441753387451
1.1552950143814087
1.1536509990692139
1.1590228080749512
1.1782467365264893
1.1936936378479004
1.2137959003448486
1.242526888847351
0
0
0
0
0
0
0
0
0
0
0
0
0
0
0
0
0
0
0
0
0
0
0
0
2.902790069580078
2.8517134189605713
2.8645241260528564
2.845720052719116
2.87353253364563
2.91676664352417
0
0
0
0
0
1.3478600978851318
1.3021970987319946
1.2874692678451538
1.2642629146575928
1.2610632181167603
1.2697041034698486
1.268648624420166
1.2591034173965454
1.291351556777954
1.2882270812988281
1.3156163692474365
1.3596726655960083
0
0
0
0
0
0
0
0
0
0
0
0
0
0
0
0
2.596914768218994
2.5687220096588135
2.548029661178589
2.541828155517578
2.5335898399353027
2.5686469078063965
2.6107444763183594
0
0
0
0
0
0
0
0
0
0
0
0
3.3741486072540283
3.33587908744812
3.325864553451538
3.3705384731292725
3.4445550441741943
0
0
0
0
0
0
0
0
0
0
0
0
0
0
0
0
0
0
0
2.3618180751800537
2.2725207805633545
2.2568745613098145
2.2388322353363037
2.2539095878601074
2.2507009506225586
2.285613536834717
2.329571485519409
0
0
0
0
0
0
0
0
0
0
0
0
0
0
0
0
3.46947979927063
3.4420220851898193
0.6190009117126465
0.5668845772743225
0.543183445930481
0.5427881479263306
0.5194051265716553
0.5102905035018921
0.5128681659698486
0.504427969455719
0.5042399764060974
0.48133745789527893
0.4828121066093445
0.49954116344451904
0.48904353380203247
0.4839203953742981
0.4819085896015167
0.4876185357570648
0.4925541877746582
0.49054840207099915
0.5001163482666016
0.4744713008403778
0.4942864179611206
0.5028460025787354
0.49219730496406555
0.5241739749908447
0.5150060057640076
0.5300349593162537
0.5367758274078369
0.550047755241394
0.5904222130775452
0
0
0
0
0
0
0
0
0
0
0
0
0
0
0
0
0
0
0
0
0
0
0
0
0
0
0
0
0
0
0
0
0
0
0
0
0
0
0
0
0
0
0
0
0
0
0
0
2.294790506362915
2.229264497756958
2.1940462589263916
2.1952946186065674
2.191791296005249
2.1919829845428467
2.182504653930664
2.2449095249176025
0
0
0
0
0
0
0
0
0
0
0
0
0
0
0
0
0
0
0
0
0
0
0
0.8139528632164001
0.761418879032135
0.7537754774093628
0.7184801697731018
0.7185448408126831
0.7099838852882385
0.7192695736885071
0.7099608778953552
0.6954892873764038
0.6924992799758911
0.709272563457489
0.6847473978996277
0.700495183467865
0.6824955940246582
0.6737820506095886
0.706026554107666
0.7132196426391602
0.7193827033042908
0.7247358560562134
0.7627432942390442
0.7651217579841614
0.8136993050575256
0
0
0
0
0
0
0
0
0
0
0
0
0
0
0
0
0
0
0
0
0
0
0
0
0
0
0
0
0
0
1.382606029510498
1.3420963287353516
1.326470136642456
1.3034303188323975
1.281964659690857
1.2613134384155273
1.2666105031967163
1.2934865951538086
1.2734334468841553
1.3071116209030151
1.2879984378814697
1.315273642539978
1.348528504371643
0
0
0
0
0
0
0
0
0
0
0
0
