0
0
0
0
0
0
0
0
0
0
0
0
0
0
0
0
0
0
0
0
0
0
0
0
0
1.8269822597503662
1.796798586845398
1.7579598426818848
1.760142207145691
1.7651211023330688
1.750289797782898
1.7716290950775146
1.7632216215133667
1.8056252002716064
1.8794128894805908
0
0
0
0
0
0
0
0
0
0
0
0
0
0
0
0
0
0
0
0
0
0
0
0
0
0
0
0
2.4263181686401367
2.3641371726989746
2.3671228885650635
2.3653619289398193
2.3721654415130615
2.365647792816162
2.3993420600891113
0
0
0
0
0
0
0
0
0
0
0
0
0
0
1.3067556619644165
1.2462416887283325
1.2218681573867798
1.2139650583267212
1.1723215579986572
1.190287470817566
1.1794588565826416
1.184243083000183
1.1564066410064697
1.1876275539398193
1.2064839601516724
1.2176107168197632
1.2317103147506714
1.2795722484588623
0
0
3.3943676948547363
3.328453779220581
3.3311705589294434
2.2070069313049316
2.1786351203918457
2.1353976726531982
2.158564567565918
2.152992010116577
2.17060923576355
2.2026851177215576
2.261075019836426
0
0
0
0
0
0
0
0
0
0
0
0
0
0
0
0
0
0
0.37469613552093506
0.33932578563690186
0.3143858313560486
0.31535983085632324
0.3016592562198639
0.2996632158756256
0.28096628189086914
0.2923218309879303
0.27843934297561646
0.26502642035484314
0.26922735571861267
0.265010803937912
0.28338560461997986
0.24968953430652618
0.2749788165092468
0.2596362829208374
0.24793538451194763
0.24975529313087463
0.27151286602020264
0.26666539907455444
0.2657702565193176
0.2682255506515503
0.23931729793548584
0.24841316044330597
0.2703491151332855
0.25341200828552246
0.2598251402378082
0.2584696114063263
0.26146629452705383
0.27955490350723267
0.26760631799697876
0.2619858682155609
0.2616959512233734
0.26335886120796204
0.2687559127807617
0.27711859345436096
0.2760615944862366
0.27539297938346863
0.28854799270629883
0.2923116683959961
0.2842257022857666
0.3294156789779663
0.3171028196811676
0.33379149436950684
0.3570363521575928
0
0
0
0
0
0
0
0
0
0
0
0
0
0
0
0
0
0
0
0
2.837733030319214
2.7933595180511475
2.7748982906341553
2.782033681869507
2.808961868286133
2.8809285163879395
0
0
0
0
0
0
0
0
0
0
0
0
0
0
0
3.324024200439453
3.2646632194519043
3.2371630668640137
3.2280397415161133
3.285261869430542
0
0
0
0
0
0
0
0
0
0
0
0
1.8118414878845215
1.7886109352111816
1.7823461294174194
1.7624410390853882
1.7336045503616333
1.7627862691879272
1.7686980962753296
1.7866026163101196
1.8234376907348633
0
0
0
0
0
0
0
0
0
0
0
0
0
0
0
0
0
0
0
0
0
0
0
0
0
0
0
0
2.656851053237915
2.606161594390869
2.5943665504455566
2.574547529220581
2.598705768585205
2.628122091293335
2.6932597160339355
0
0
0
0
0
0
0
0
0
0
0.9309971928596497
0.88053959608078
0.8685838580131531
0.8460449576377869
0.8152149319648743
0.818906307220459
0.8075113892555237
0.7908846735954285
0.8028188943862915
0.8146258592605591
0.8403434753417969
0.8184176087379456
0.7985435724258423
0.8042794466018677
0.8196698427200317
0.8364547491073608
0.8337636590003967
0.8728022575378418
0.8867623805999756
0.9479001760482788
0
0
0
0
0
0
0
0
0
0
0
0
2.7932238578796387
2.747497320175171
2.722520112991333
2.72991681098938
2.731006383895874
2.784775972366333
0
0
0
0
0
0
0
0
0
0
0
0
0
0
0
0
0
0
0
0
0
0
0
0
3.4520976543426514
3.4485042095184326
3.4495692253112793
3.4756908416748047
0
0
0
0
0
0
0
0
