1678453596962 0.45834222435951233 0
1678453600453 0.8343660831451416 1
1678453604040 0.8777866959571838 2
1678453607619 0.8943287134170532 3
1678453611203 0.8949252367019653 4
1678453614853 0.8939547538757324 5
1678453618334 0.9126157164573669 6
1678453621951 0.9217414259910583 7
1678453625722 0.9288461804389954 8
1678453630794 0.9312589168548584 9
1678453636914 0.9369925260543823 10
1678453644267 0.9375445246696472 11
1678453648455 0.9267717003822327 12
1678453653547 0.9428507685661316 13
1678453656973 0.949821949005127 14
1678453660889 0.9573895931243896 15
1678453667086 0.9580751657485962 16
1678453674032 0.9543269276618958 17
1678453680718 0.9611823558807373 18
1678453685491 0.9572471380233765 19
1678453688976 0.9424590468406677 20
1678453692439 0.9603187441825867 21
1678453699315 0.9672453999519348 22
1678453704126 0.9705751538276672 23
1678453710734 0.9616186022758484 24
1678453716004 0.9700765609741211 25
1678453721132 0.969577968120575 26
1678453725103 0.9689458608627319 27
1678453729654 0.9739405512809753 28
1678453735156 0.9663194417953491 29
1678453739173 0.975017786026001 30
1678453744807 0.971794843673706 31
1678453752183 0.9785078167915344 32
1678453756187 0.9683671593666077 33
1678453763415 0.9719996452331543 34
1678453771031 0.9752581715583801 35
1678453777909 0.965705156326294 36
1678453785827 0.975970447063446 37
1678453792859 0.9804665446281433 38
1678453799260 0.9738693237304688 39
1678453804667 0.9797008633613586 40
1678453809375 0.9816417098045349 41
1678453815671 0.9808938503265381 42
1678453822545 0.9807425141334534 43
1678453830426 0.9826388955116272 44
1678453839565 0.9802617430686951 45
1678453848224 0.984018862247467 46
1678453852486 0.9853543639183044 47
1678453857167 0.9801459908485413 48
1678453861323 0.9829860925674438 49
1678453865445 0.9814725518226624 50
1678453869372 0.9852920174598694 51
1678453872993 0.9867788553237915 52
1678453876650 0.9701477885246277 53
1678453880182 0.9815794229507446 54
1678453883973 0.9869301915168762 55
1678453888254 0.9883636236190796 56
1678453892036 0.9839565753936768 57
1678453895955 0.979825496673584 58
1678453899379 0.9844907522201538 59
1678453902924 0.9842948913574219 60
1678453906246 0.9855947494506836 61
1678453909792 0.9793091416358948 62
1678453913587 0.9828347563743591 63
1678453917186 0.9878383278846741 64
1678453920926 0.9885060787200928 65
1678453924971 0.9851139783859253 66
1678453928625 0.9858707189559937 67
1678453932809 0.9867610335350037 68
1678453936663 0.9886841177940369 69
1678453940342 0.9882567524909973 70
1678453944065 0.9883279800415039 71
1678453947804 0.9873753786087036 72
1678453951374 0.9635505676269531 73
1678453954667 0.9832977056503296 74
1678453958107 0.987971842288971 75
1678453961483 0.9856481552124023 76
1678453964763 0.9855858087539673 77
1678453968603 0.9860131740570068 78
1678453975166 0.9867521524429321 79
1678453981526 0.990642786026001 80
1678453988932 0.9901976585388184 81
1678453993037 0.9900640845298767 82
1678453998137 0.9901264309883118 83
1678454004863 0.9907229542732239 84
1678454011924 0.9895922541618347 85
1678454017969 0.9911235570907593 86
1678454021772 0.9913550615310669 87
1678454025290 0.9852920174598694 88
1678454031563 0.9874287843704224 89
1678454035877 0.9863693118095398 90
1678454042057 0.990268886089325 91
1678454046082 0.9923700094223022 92
1678454050068 0.990268886089325 93
1678454053921 0.9823272824287415 94
1678454057484 0.9893607497215271 95
1678454061298 0.9899928569793701 96
1678454064872 0.9892004728317261 97
1678454068470 0.9917111992835999 98
1678454071912 0.9893251657485962 99
1678454075344 0.9891560077667236 100
1678454078726 0.9888799786567688 101
1678454082116 0.987304151058197 102
1678454085619 0.9916132688522339 103
1678454088961 0.9920228123664856 104
1678454092415 0.9928686022758484 105
1678454095843 0.9932870268821716 106
1678454099161 0.9935095906257629 107
1678454102649 0.9914975166320801 108
1678454105996 0.9939013719558716 109
1678454109476 0.9914262890815735 110
1678454112860 0.9886574149131775 111
1678454116157 0.9881766438484192 112
1678454119534 0.9921296238899231 113
1678454123014 0.9936164617538452 114
1678454128806 0.9943109154701233 115
1678454135364 0.9942930936813354 116
1678454140554 0.9949073791503906 117
1678454144479 0.993732213973999 118
1678454148054 0.9919337630271912 119
1678454151568 0.9921207427978516 120
1678454155023 0.9937055110931396 121
1678454158561 0.9901976585388184 122
1678454162279 0.9898415207862854 123
1678454166343 0.9879184365272522 124
1678454170263 0.9915598034858704 125
1678454174327 0.9898236989974976 126
1678454179200 0.977688729763031 127
