1678451244849 0.19272415339946747 0
1678451247716 0.11481183767318726 1
1678451251035 0.10113660246133804 2
1678451254296 0.0869818776845932 3
1678451257601 0.07031282037496567 4
1678451260786 0.0640067458152771 5
1678451264005 0.054103802889585495 6
1678451267223 0.0481848269701004 7
1678451270293 0.05132485553622246 8
1678451273454 0.04420113563537598 9
1678451276604 0.043017059564590454 10
1678451279901 0.039286576211452484 11
1678451283294 0.03508065640926361 12
1678451286497 0.03253868594765663 13
1678451289651 0.030821671709418297 14
1678451292991 0.03460783138871193 15
1678451295953 0.03290485590696335 16
1678451299072 0.029611915349960327 17
1678451302247 0.03253794461488724 18
1678451305460 0.029069503769278526 19
1678451308600 0.0262395441532135 20
1678451311782 0.02176276594400406 21
1678451315054 0.023131052032113075 22
1678451318187 0.033177345991134644 23
1678451321330 0.04008673131465912 24
1678451324455 0.027944747358560562 25
1678451327611 0.022618576884269714 26
1678451330760 0.019186800345778465 27
1678451333716 0.01784803532063961 28
1678451336611 0.020293384790420532 29
1678451339499 0.018340902402997017 30
1678451342434 0.016379177570343018 31
1678451345322 0.015028287656605244 32
1678451348215 0.014801016077399254 33
1678451351127 0.01510101743042469 34
1678451354615 0.0237644761800766 35
1678451358127 0.02429325133562088 36
1678451361336 0.020662013441324234 37
1678451364588 0.016032904386520386 38
1678451367844 0.01715637557208538 39
1678451371074 0.013998634181916714 40
1678451374306 0.012966911308467388 41
1678451377418 0.012736969627439976 42
1678451380513 0.0198993980884552 43
1678451383608 0.015490999445319176 44
1678451386697 0.012850330211222172 45
1678451389794 0.012765576131641865 46
1678451392974 0.013567337766289711 47
1678451396422 0.01179778017103672 48
1678451399842 0.010472994297742844 49
1678451403172 0.010675730183720589 50
1678451406391 0.013788795098662376 51
1678451409674 0.013117510825395584 52
1678451412829 0.016155540943145752 53
1678451416193 0.0129604022949934 54
1678451420274 0.010377972386777401 55
1678451423790 0.009630205109715462 56
1678451427386 0.010128176771104336 57
1678451430684 0.009425078518688679 58
1678451433884 0.012356330640614033 59
1678451437038 0.020686045289039612 60
1678451440267 0.026532020419836044 61
1678451443411 0.015863092616200447 62
1678451446804 0.012782811187207699 63
1678451450326 0.01058262214064598 64
1678451453604 0.009103202261030674 65
1678451456528 0.009633166715502739 66
1678451459724 0.008683294989168644 67
1678451462953 0.009017156437039375 68
1678451466354 0.009214857593178749 69
1678451469792 0.009031062014400959 70
1678451473153 0.007539113983511925 71
1678451476447 0.008630864322185516 72
1678451479643 0.0077245342545211315 73
1678451482821 0.00797741673886776 74
1678451486047 0.007761126849800348 75
1678451489353 0.00776636740192771 76
1678451492663 0.007068003062158823 77
1678451495839 0.006915576756000519 78
1678451498884 0.006903854664415121 79
1678451501870 0.008109210059046745 80
1678451504773 0.016627011820673943 81
1678451507738 0.018992813304066658 82
1678451510655 0.01145988516509533 83
1678451513627 0.009443836286664009 84
1678451516532 0.00706607848405838 85
1678451519402 0.006855467334389687 86
1678451522318 0.006202722899615765 87
1678451525198 0.016445906832814217 88
1678451528367 0.031106267124414444 89
1678451531953 0.01837190054357052 90
1678451535098 0.01342505682259798 91
1678451538112 0.010554421693086624 92
1678451541041 0.008756465278565884 93
1678451543923 0.009238296188414097 94
1678451546749 0.009116662666201591 95
1678451549616 0.010050294920802116 96
1678451552512 0.007852151989936829 97
1678451555362 0.007353668101131916 98
1678451558229 0.006657825782895088 99
1678451561316 0.00643205177038908 100
1678451564247 0.005500574130564928 101
1678451567665 0.00527239590883255 102
1678451571025 0.004835339728742838 103
1678451574232 0.004861881025135517 104
1678451577523 0.005335579160600901 105
1678451580799 0.0061690350994467735 106
1678451584035 0.005758204031735659 107
1678451587258 0.006123895291239023 108
1678451590522 0.0048351408913731575 109
1678451593718 0.004698353819549084 110
1678451597014 0.004399323370307684 111
1678451600192 0.0048009054735302925 112
1678451603332 0.00413279514759779 113
1678451606481 0.003988681826740503 114
1678451609629 0.004219493363052607 115
1678451612838 0.004117459990084171 116
1678451616203 0.004203383810818195 117
1678451619685 0.004107838496565819 118
1678451622917 0.004174079746007919 119
1678451626254 0.0034813685342669487 120
1678451629434 0.00367962708696723 121
1678451632638 0.0038035507313907146 122
1678451635815 0.004345366265624762 123
1678451638996 0.003854424925521016 124
1678451642201 0.0035850554704666138 125
1678451645342 0.003431305754929781 126
1678451648453 0.003279498079791665 127
