1679908048325 0.2194824516773224 0
1679908053526 0.17799116671085358 1
1679908057105 0.09691519290208817 2
1679908060232 0.07517968118190765 3
1679908063379 0.06552963703870773 4
1679908066892 0.05621480196714401 5
1679908070282 0.05737439915537834 6
1679908073367 0.0501486137509346 7
1679908076608 0.04868048429489136 8
1679908079786 0.04601594805717468 9
1679908083267 0.04174121469259262 10
1679908086389 0.04033806920051575 11
1679908089371 0.03652048483490944 12
1679908092371 0.036096084862947464 13
1679908095307 0.03789883852005005 14
1679908098433 0.036148346960544586 15
1679908101432 0.03731529414653778 16
1679908104504 0.03487102687358856 17
1679908107586 0.039958637207746506 18
1679908110593 0.037975627928972244 19
1679908113699 0.03420645371079445 20
1679908116785 0.030699778348207474 21
1679908119794 0.029911188408732414 22
1679908122733 0.0291533712297678 23
1679908125717 0.02952415496110916 24
1679908128790 0.02931363135576248 25
1679908131770 0.026442881673574448 26
1679908134658 0.025943292304873466 27
1679908137572 0.03026960790157318 28
1679908140551 0.025710610672831535 29
1679908143715 0.025556616485118866 30
1679908146654 0.025122879073023796 31
1679908149790 0.023170066997408867 32
1679908152789 0.02282354049384594 33
1679908155762 0.021081702783703804 34
1679908158748 0.02015921287238598 35
1679908161852 0.019070835784077644 36
1679908164925 0.023618387058377266 37
1679908167954 0.021037884056568146 38
1679908171027 0.019059009850025177 39
1679908174121 0.018886450678110123 40
1679908177131 0.019408725202083588 41
1679908180306 0.016564970836043358 42
1679908183309 0.015203699469566345 43
1679908186319 0.015839289873838425 44
1679908189418 0.019216280430555344 45
1679908192467 0.013996624387800694 46
1679908195588 0.013050057925283909 47
1679908198616 0.013437741436064243 48
1679908201678 0.01210135966539383 49
1679908204756 0.013006391003727913 50
1679908207738 0.012419122271239758 51
1679908210869 0.010643675923347473 52
1679908213818 0.012981399893760681 53
1679908216748 0.015244569629430771 54
1679908219652 0.015216314233839512 55
1679908222723 0.011236094869673252 56
1679908225876 0.009975179098546505 57
1679908228799 0.01805015653371811 58
1679908231912 0.025975722819566727 59
1679908234924 0.016996026039123535 60
1679908237888 0.01483058463782072 61
1679908240903 0.013219189830124378 62
1679908244041 0.014085247181355953 63
