1679908048325 0.0005787037080153823 0
1679908053526 0.3227653205394745 1
1679908057105 0.7475961446762085 2
1679908060232 0.7972221970558167 3
1679908063379 0.8272792100906372 4
1679908066892 0.8579415678977966 5
1679908070282 0.8528044819831848 6
1679908073367 0.8782140016555786 7
1679908076608 0.8839654326438904 8
1679908079786 0.8928329944610596 9
1679908083267 0.9033030867576599 10
1679908086389 0.9091435074806213 11
1679908089371 0.9198806881904602 12
1679908092371 0.9237446784973145 13
1679908095307 0.9176459908485413 14
1679908098433 0.9242254495620728 15
1679908101432 0.9202368259429932 16
1679908104504 0.9254273772239685 17
1679908107586 0.9165242314338684 18
1679908110593 0.9221777319908142 19
1679908113699 0.9281962513923645 20
1679908116785 0.9361289143562317 21
1679908119794 0.9377315044403076 22
1679908122733 0.9405537843704224 23
1679908125717 0.9397792220115662 24
1679908128790 0.940108597278595 25
1679908131770 0.9461894631385803 26
1679908134658 0.9469373226165771 27
1679908137572 0.9384704232215881 28
1679908140551 0.9477652907371521 29
1679908143715 0.9483439922332764 30
1679908146654 0.9500890374183655 31
1679908149790 0.953952968120575 32
1679908152789 0.9531695246696472 33
1679908155762 0.9581552743911743 34
1679908158748 0.9603988528251648 35
1679908161852 0.9627314805984497 36
1679908164925 0.9532407522201538 37
1679908167954 0.9577546119689941 38
1679908171027 0.9621973037719727 39
1679908174121 0.9614405035972595 40
1679908177131 0.9616096615791321 41
1679908180306 0.967601478099823 42
1679908183309 0.9703169465065002 43
1679908186319 0.9687588810920715 44
1679908189418 0.962580144405365 45
1679908192467 0.9726584553718567 46
1679908195588 0.9747061729431152 47
1679908198616 0.973655641078949 48
1679908201678 0.9767183065414429 49
1679908204756 0.9745815396308899 50
1679908207738 0.9765580296516418 51
1679908210869 0.9798521995544434 52
1679908213818 0.9746794700622559 53
1679908216748 0.9716256856918335 54
1679908219652 0.9702368378639221 55
1679908222723 0.9786502718925476 56
1679908225876 0.9808404445648193 57
1679908228799 0.9661235809326172 58
1679908231912 0.9501513242721558 59
1679908234924 0.9671029448509216 60
1679908237888 0.9703525900840759 61
1679908240903 0.9744836091995239 62
1679908244041 0.973041296005249 63
