1680885833807 0.040521059185266495 0
1680885837656 0.03811994567513466 1
1680885840932 0.035962507128715515 2
1680885843575 0.033301059156656265 3
1680885846506 0.02979844994843006 4
1680885849788 0.026169223710894585 5
1680885857147 0.02348732203245163 6
1680885861678 0.022050460800528526 7
1680885865478 0.02144300565123558 8
1680885868282 0.021446257829666138 9
1680885870838 0.021464001387357712 10
1680885873382 0.020676815882325172 11
1680885875881 0.0205851960927248 12
1680885878417 0.019530849531292915 13
1680885880815 0.019374428316950798 14
1680885883284 0.01916169561445713 15
1680885885835 0.019085699692368507 16
1680885888266 0.019743910059332848 17
1680885890647 0.019574595615267754 18
1680885893013 0.019076203927397728 19
1680885895415 0.018734809011220932 20
1680885897864 0.018352223560214043 21
1680885900257 0.018003705888986588 22
1680885902725 0.018179189413785934 23
1680885905191 0.016732484102249146 24
1680885907542 0.0172798540443182 25
1680885909883 0.015128702856600285 26
1680885912237 0.014170375652611256 27
1680885914563 0.012996159493923187 28
1680885916913 0.012071062810719013 29
1680885919244 0.011182156391441822 30
1680885921717 0.009810233488678932 31
1680885924029 0.008773747831583023 32
1680885926350 0.00880422256886959 33
1680885928743 0.008043373934924603 34
1680885931107 0.007676127832382917 35
1680885933456 0.007741168607026339 36
1680885935794 0.007319414988160133 37
1680885938117 0.006933633703738451 38
1680885940598 0.007070539984852076 39
1680885942942 0.007795070298016071 40
1680885945335 0.008067041635513306 41
1680885947652 0.007025725673884153 42
1680885950008 0.006706452928483486 43
1680885952335 0.006635731086134911 44
1680885954714 0.006272109691053629 45
1680885957190 0.006331956014037132 46
1680885959529 0.006555542815476656 47
1680885961863 0.006334458943456411 48
1680885964192 0.006646968424320221 49
1680885966521 0.006142548285424709 50
1680885968846 0.005997044499963522 51
1680885971168 0.005761782173067331 52
1680885973497 0.005512733478099108 53
1680885975907 0.005984964314848185 54
1680885978282 0.005210849456489086 55
1680885980611 0.005746989045292139 56
1680885982934 0.005641693249344826 57
1680885985338 0.00587186124175787 58
1680885987686 0.005624205339699984 59
1680885990002 0.005768808536231518 60
1680885992292 0.005435826722532511 61
1680885994676 0.005733765196055174 62
1680885997005 0.005126324016600847 63
1680885999327 0.005340359639376402 64
1680886001693 0.005131822545081377 65
1680886004011 0.005050944164395332 66
1680886006380 0.005212552845478058 67
1680886008724 0.005423280410468578 68
1680886011020 0.004833669401705265 69
1680886013453 0.004884194582700729 70
1680886015800 0.004705020226538181 71
1680886018101 0.0052330223843455315 72
1680886020487 0.005706103518605232 73
1680886022799 0.0051858676597476006 74
1680886025110 0.005062153097242117 75
1680886027423 0.004795387852936983 76
1680886029723 0.004848763346672058 77
1680886032083 0.00494613079354167 78
1680886034414 0.005342343356460333 79
1680886036702 0.0055333832278847694 80
1680886038994 0.004992012865841389 81
1680886041291 0.005345004145056009 82
1680886043622 0.004799818154424429 83
1680886045930 0.004391323309391737 84
1680886048275 0.004809643607586622 85
1680886050651 0.0045852456241846085 86
1680886052980 0.004894091282039881 87
1680886055285 0.004627593792974949 88
1680886057624 0.004890787415206432 89
1680886059927 0.004813149571418762 90
1680886062314 0.004598431289196014 91
1680886064679 0.00445780111476779 92
1680886066982 0.004730512388050556 93
1680886069373 0.005004459992051125 94
1680886071701 0.00450817821547389 95
1680886074108 0.0042826528660953045 96
1680886076406 0.00477264542132616 97
1680886078693 0.00446711340919137 98
1680886080994 0.004437886644154787 99
1680886083292 0.004616745747625828 100
1680886085609 0.004426954779773951 101
1680886087996 0.0041565243154764175 102
1680886090323 0.0042191422544419765 103
1680886092684 0.004499496426433325 104
1680886094972 0.004499614238739014 105
1680886097259 0.004331658128648996 106
1680886099558 0.004258471075445414 107
1680886101860 0.004070908762514591 108
1680886104207 0.0043558296747505665 109
1680886106630 0.004363757558166981 110
1680886108920 0.004022521898150444 111
1680886111236 0.004107112530618906 112
1680886113554 0.004194279666990042 113
1680886115872 0.004248375538736582 114
1680886118186 0.0037390482611954212 115
1680886120551 0.0044267261400818825 116
1680886122898 0.004312756936997175 117
1680886125277 0.004011399578303099 118
1680886127625 0.00428119907155633 119
1680886129925 0.0038595390506088734 120
1680886132252 0.003919426817446947 121
1680886134591 0.004397111013531685 122
1680886136890 0.004088091664016247 123
1680886139200 0.00437054643407464 124
1680886141567 0.0040819826535880566 125
1680886143872 0.003629781771451235 126
1680886146199 0.004149976186454296 127
1680886148553 0.003838970325887203 128
1680886150845 0.00395099027082324 129
1680886153153 0.004341811873018742 130
1680886155470 0.004079464357346296 131
1680886157768 0.004293613135814667 132
1680886160079 0.004122755490243435 133
1680886162430 0.0039429087191820145 134
1680886164748 0.004115907009691 135
1680886167094 0.00422328058630228 136
1680886169396 0.0039759050123393536 137
1680886171735 0.003887441474944353 138
1680886174059 0.003720796899870038 139
1680886176346 0.004035597201436758 140
1680886178823 0.0041765132918953896 141
1680886181119 0.004131681751459837 142
1680886183439 0.003945912234485149 143
1680886185730 0.003979478497058153 144
1680886188028 0.0037378259003162384 145
1680886190338 0.003948855679482222 146
1680886192647 0.003765657776966691 147
1680886194944 0.0037295122165232897 148
1680886197319 0.00395233603194356 149
1680886199626 0.003443690948188305 150
1680886201943 0.0037499191239476204 151
1680886204281 0.0038402804639190435 152
1680886206632 0.0038576447404921055 153
1680886208936 0.0036556993145495653 154
1680886211243 0.003841708181425929 155
1680886213624 0.003699784865602851 156
1680886215956 0.0038508314173668623 157
1680886218241 0.0037098200991749763 158
1680886220538 0.003540309378877282 159
1680886222851 0.003900678362697363 160
1680886225139 0.003716199891641736 161
1680886227439 0.003961001057177782 162
1680886229792 0.0038244249299168587 163
1680886232200 0.004013036377727985 164
1680886234516 0.0035965375136584044 165
1680886236911 0.0032902152743190527 166
1680886239216 0.003678298322483897 167
1680886241526 0.0037457835860550404 168
1680886243829 0.003603906836360693 169
1680886246136 0.0033231163397431374 170
1680886248507 0.0033836429938673973 171
1680886250806 0.0037030018866062164 172
1680886253090 0.0038531520403921604 173
1680886255395 0.003831740003079176 174
1680886257717 0.003526488086208701 175
1680886260011 0.0036252837162464857 176
1680886262329 0.0038857380859553814 177
1680886264648 0.0034115207381546497 178
1680886267081 0.0038041388615965843 179
1680886269424 0.0037575941532850266 180
1680886271805 0.003603949211537838 181
1680886274119 0.003722141496837139 182
1680886276427 0.003403084585443139 183
1680886278724 0.0034472637344151735 184
1680886281080 0.00355136813595891 185
1680886283456 0.0033851577900350094 186
1680886285753 0.0036724277306348085 187
1680886288068 0.0037361972499638796 188
1680886290364 0.003796403994783759 189
1680886292649 0.003708643140271306 190
1680886294956 0.003834929782897234 191
1680886297247 0.0036220874171704054 192
1680886299573 0.003448252100497484 193
1680886301928 0.00393764628097415 194
1680886304257 0.004043275490403175 195
1680886306566 0.0037441658787429333 196
1680886308850 0.0033711930736899376 197
1680886311143 0.0038276282139122486 198
1680886313448 0.0035670516081154346 199
1680886315760 0.003850857727229595 200
1680886318063 0.0033826706930994987 201
1680886320417 0.0032341305632144213 202
1680886322736 0.0036939941346645355 203
1680886325034 0.003594186156988144 204
1680886327394 0.003922958858311176 205
1680886329777 0.00342656672000885 206
1680886332081 0.003389368299394846 207
1680886334384 0.0035778784658759832 208
1680886336689 0.0034281997941434383 209
1680886339090 0.0035729706287384033 210
1680886341437 0.0034506090451031923 211
1680886343722 0.0038349844980984926 212
1680886346014 0.0035123664420098066 213
1680886348302 0.0032182601280510426 214
1680886350594 0.003484207671135664 215
1680886352899 0.003400176763534546 216
1680886355184 0.0034824558533728123 217
1680886357578 0.00335626769810915 218
1680886359869 0.0033140217419713736 219
1680886362171 0.003255279269069433 220
1680886364463 0.00317681604065001 221
1680886366750 0.0035370965488255024 222
1680886369078 0.0035606243181973696 223
1680886371375 0.0032929826993495226 224
1680886373662 0.0035009749699383974 225
1680886376036 0.0032603933941572905 226
1680886378341 0.0032554229255765676 227
1680886380649 0.0034489952959120274 228
1680886382931 0.003133439924567938 229
1680886385269 0.0033659962937235832 230
1680886387576 0.0034862759057432413 231
1680886389858 0.003197592683136463 232
1680886392142 0.0031810763757675886 233
1680886394492 0.0032591684721410275 234
1680886396818 0.0033591692335903645 235
1680886399101 0.0035096360370516777 236
1680886401382 0.0031525876838713884 237
1680886403673 0.0032978816889226437 238
1680886406039 0.0035785429645329714 239
1680886408376 0.003386161057278514 240
1680886410740 0.003312864573672414 241
1680886413105 0.0029887889977544546 242
1680886415424 0.003395376494154334 243
1680886417713 0.0032040798105299473 244
1680886420022 0.0032061534002423286 245
1680886422339 0.0030843489803373814 246
1680886424631 0.003054519882425666 247
1680886426920 0.0035538016818463802 248
1680886429283 0.003273391630500555 249
1680886431641 0.003418456530198455 250
1680886433942 0.003015096765011549 251
1680886436275 0.003255982883274555 252
1680886438569 0.0031233804766088724 253
1680886440868 0.003201310755684972 254
1680886443189 0.0035290149971842766 255
1680886445548 0.0033213761635124683 256
1680886447851 0.003449653275310993 257
1680886450212 0.003550528548657894 258
1680886452549 0.003110608784481883 259
1680886454826 0.003301443299278617 260
1680886457141 0.0032244306057691574 261
1680886459423 0.0032073110342025757 262
1680886461716 0.0032884811516851187 263
1680886464027 0.0031811075750738382 264
1680886466391 0.003174803452566266 265
1680886468761 0.003388423239812255 266
1680886471068 0.003436204046010971 267
1680886473369 0.0032951952889561653 268
1680886475713 0.0031292533967643976 269
1680886478026 0.0030860232654958963 270
1680886480318 0.0027831813786178827 271
1680886482606 0.0031803646124899387 272
1680886484887 0.0036494520027190447 273
1680886487246 0.003428590251132846 274
1680886489542 0.003519857069477439 275
1680886491835 0.0033589182421565056 276
1680886494148 0.0032963284756988287 277
1680886496461 0.0031275665387511253 278
1680886498759 0.003116035368293524 279
1680886501045 0.0033236925955861807 280
1680886503334 0.0035573213826864958 281
1680886505693 0.0031247090082615614 282
1680886508014 0.0032941715326160192 283
1680886510340 0.0032254396937787533 284
1680886512700 0.003217737888917327 285
1680886515033 0.0032679305877536535 286
1680886517444 0.003540758742019534 287
1680886519760 0.0032266853377223015 288
1680886522127 0.0030858914833515882 289
1680886524427 0.003440330270677805 290
1680886526746 0.003155494574457407 291
1680886529062 0.003415381535887718 292
1680886531415 0.0032005372922867537 293
1680886533706 0.003336841007694602 294
1680886535997 0.0033354710321873426 295
1680886538289 0.0032118994276970625 296
1680886540669 0.003143321257084608 297
1680886542970 0.002898277947679162 298
1680886545265 0.0030884265433996916 299
1680886547568 0.003201876999810338 300
1680886549855 0.00310894544236362 301
1680886552144 0.0029039608780294657 302
1680886554511 0.003123900620266795 303
1680886556880 0.003323615761473775 304
1680886559253 0.0029923031106591225 305
1680886561550 0.0029828657861799 306
1680886563843 0.0028865442145615816 307
1680886566136 0.0032707799691706896 308
1680886568430 0.0030403274577111006 309
1680886570721 0.0031208370346575975 310
1680886573022 0.003192456904798746 311
1680886575305 0.003100752830505371 312
1680886577652 0.0028601298108696938 313
1680886579963 0.0033292178995907307 314
1680886582257 0.003285455284640193 315
1680886584545 0.00338823813945055 316
1680886586893 0.002794851316139102 317
1680886589194 0.002983320038765669 318
1680886591519 0.0028905512299388647 319
1680886593811 0.0032317142467945814 320
1680886596180 0.0030768122524023056 321
1680886598468 0.0031823227182030678 322
1680886600762 0.0031260051764547825 323
1680886603066 0.003249953966587782 324
1680886605357 0.003034655936062336 325
1680886607645 0.0027539925649762154 326
1680886609974 0.0030953388195484877 327
1680886612270 0.0035451012663543224 328
1680886614637 0.00336244935169816 329
1680886616928 0.0028698884416371584 330
1680886619246 0.0032321198377758265 331
1680886621528 0.002855452010408044 332
1680886623869 0.0035716225393116474 333
1680886626147 0.003156880382448435 334
1680886628471 0.0034372173249721527 335
1680886630770 0.0031520791817456484 336
1680886633144 0.002795829437673092 337
1680886635444 0.003442925401031971 338
1680886637749 0.0028461464680731297 339
1680886640070 0.0030406105797737837 340
1680886642396 0.003175421617925167 341
1680886644756 0.0028736412059515715 342
1680886647056 0.0032059496734291315 343
1680886649466 0.0031164169777184725 344
1680886651742 0.002885080175474286 345
1680886654081 0.0029923361726105213 346
1680886656365 0.0030537014827132225 347
1680886658659 0.00299647799693048 348
1680886660959 0.002831784775480628 349
1680886663251 0.003165855538100004 350
1680886665548 0.0027897453401237726 351
1680886667917 0.00296938163228333 352
1680886670221 0.0030793764162808657 353
1680886672519 0.0030431963969022036 354
1680886674847 0.0030776828061789274 355
1680886677127 0.0030029367189854383 356
1680886679456 0.00290334178134799 357
1680886681738 0.0032080053351819515 358
1680886684038 0.0028530305717140436 359
1680886686450 0.002991931978613138 360
1680886688754 0.003058824222534895 361
1680886691037 0.0027987631037831306 362
1680886693346 0.003417612286284566 363
1680886695631 0.0032211169600486755 364
1680886697922 0.002920870203524828 365
1680886700270 0.002925826469436288 366
1680886702564 0.0032228666823357344 367
1680886704922 0.002896753838285804 368
1680886707202 0.0025437558069825172 369
1680886709539 0.0030906691681593657 370
1680886711842 0.002893388271331787 371
1680886714144 0.0030809768941253424 372
1680886716446 0.002964552491903305 373
1680886718748 0.003011122578755021 374
1680886721155 0.0027951346710324287 375
1680886723524 0.0028680891264230013 376
1680886725831 0.0027809562161564827 377
1680886728271 0.0028623505495488644 378
1680886730717 0.0027882202994078398 379
1680886733017 0.002907085930928588 380
1680886735302 0.002836039988324046 381
1680886737598 0.0029139809776097536 382
1680886739982 0.0033651101402938366 383
1680886742285 0.002673847833648324 384
1680886744600 0.0030197559390217066 385
1680886746891 0.003112742444500327 386
1680886749203 0.0030830001924186945 387
1680886751498 0.0027211690321564674 388
1680886753827 0.002640909980982542 389
1680886756104 0.0029479097574949265 390
1680886758469 0.002843898255378008 391
1680886760769 0.0030776073690503836 392
1680886763052 0.0033258593175560236 393
1680886765417 0.0028992672450840473 394
1680886767717 0.003294355468824506 395
1680886770046 0.0030327097047120333 396
1680886772331 0.0028135725297033787 397
1680886774619 0.002678727498278022 398
1680886776984 0.002926667220890522 399
1680886779286 0.003289220156148076 400
1680886781576 0.002828113967552781 401
1680886783874 0.0031408146023750305 402
1680886786164 0.0031264766585081816 403
1680886788469 0.002887495793402195 404
1680886790808 0.003166768467053771 405
1680886793093 0.0030513631645590067 406
1680886795471 0.0029848346021026373 407
1680886797758 0.002664365340024233 408
1680886800036 0.003201774088665843 409
1680886802377 0.0026253825053572655 410
1680886804699 0.0026238178834319115 411
1680886806977 0.003105144714936614 412
1680886809268 0.002914989134296775 413
1680886811565 0.002885444089770317 414
1680886813938 0.0029061727691441774 415
1680886816236 0.0031249772291630507 416
1680886818519 0.0028639212250709534 417
1680886820852 0.002879608189687133 418
1680886823159 0.0028486980590969324 419
1680886825455 0.0030396112706512213 420
1680886827769 0.002846860559657216 421
1680886830130 0.00287843169644475 422
1680886832439 0.002868843963369727 423
1680886834726 0.002871706150472164 424
1680886837028 0.0031407445203512907 425
1680886839334 0.002787955105304718 426
1680886841741 0.0030873646028339863 427
1680886844071 0.002798303496092558 428
1680886846368 0.002629177877679467 429
1680886848725 0.0028424267657101154 430
1680886851028 0.00288943899795413 431
1680886853377 0.0028987317346036434 432
1680886855716 0.0027661200147122145 433
1680886858033 0.0030994729604572058 434
1680886860336 0.0035172791685909033 435
1680886862642 0.0029928898438811302 436
1680886864945 0.0027928431518375874 437
1680886867303 0.0028112654108554125 438
1680886869649 0.002721513854339719 439
1680886871998 0.002738025039434433 440
1680886874283 0.002883651526644826 441
1680886876596 0.0027077968697994947 442
1680886878892 0.0028504219371825457 443
1680886881177 0.0028255414217710495 444
1680886883466 0.0025540958158671856 445
1680886885817 0.002652827650308609 446
1680886888123 0.0028999641072005033 447
1680886890428 0.0028763674199581146 448
1680886892728 0.0030276605393737555 449
1680886895089 0.0028076665475964546 450
1680886897408 0.0028786722104996443 451
1680886899730 0.002919150283560157 452
1680886902019 0.0030143819749355316 453
1680886904387 0.0027299909852445126 454
1680886906679 0.002628338523209095 455
1680886909000 0.00274509284645319 456
1680886911302 0.0028682644478976727 457
1680886913613 0.002372185466811061 458
1680886915915 0.002981477417051792 459
1680886918239 0.002595003228634596 460
1680886920568 0.0028927552048116922 461
1680886922963 0.0029906483832746744 462
1680886925278 0.0025814303662627935 463
1680886927571 0.0027956657577306032 464
1680886929899 0.0027293746825307608 465
1680886932240 0.0032415795139968395 466
1680886934554 0.0026198928244411945 467
1680886936842 0.0027853117790073156 468
1680886939209 0.0028439946472644806 469
1680886941495 0.002579011954367161 470
1680886943828 0.002988803433254361 471
1680886946115 0.0026558004319667816 472
1680886948393 0.002656186232343316 473
1680886950708 0.002701818011701107 474
1680886953001 0.0028670020401477814 475
1680886955283 0.002708106767386198 476
1680886957702 0.0028931249398738146 477
1680886960036 0.0028131587896496058 478
1680886962331 0.0026736371219158173 479
1680886964623 0.0027944014873355627 480
1680886966912 0.0029264893382787704 481
1680886969224 0.0027722115628421307 482
1680886971517 0.0025380332954227924 483
1680886973825 0.0027994962874799967 484
1680886976183 0.0026064079720526934 485
1680886978472 0.0028582781087607145 486
1680886980778 0.0025721958372741938 487
1680886983071 0.0023715649731457233 488
1680886985354 0.0028834939002990723 489
1680886987633 0.002467336365953088 490
1680886989924 0.0025355180259793997 491
1680886992210 0.002865365706384182 492
1680886994573 0.0028451213147491217 493
1680886996850 0.0028163697570562363 494
1680886999148 0.0028570201247930527 495
1680887001433 0.002782351104542613 496
1680887003715 0.00263390620239079 497
1680887006032 0.003163514891639352 498
1680887008387 0.002619312610477209 499
1680887010672 0.0028186975978314877 500
1680887013069 0.002762865973636508 501
1680887015361 0.0027216444723308086 502
1680887017684 0.002837536856532097 503
1680887019997 0.002541874535381794 504
1680887022287 0.002578913467004895 505
1680887024590 0.0026158487889915705 506
1680887026938 0.0025767572224140167 507
1680887029224 0.0026865580584853888 508
1680887031638 0.0025912863202393055 509
1680887034006 0.002782087540253997 510
1680887036300 0.0027107258792966604 511
1680887038591 0.0025315294042229652 512
1680887040897 0.0026588274631649256 513
1680887043184 0.0029130822513252497 514
1680887045532 0.0028240946121513844 515
1680887047889 0.002886347007006407 516
1680887050175 0.0030687102116644382 517
1680887052489 0.0027438108809292316 518
1680887054778 0.002708947518840432 519
1680887057063 0.0029977380763739347 520
1680887059341 0.002857743063941598 521
1680887061636 0.0027897381223738194 522
1680887063937 0.0026526388246566057 523
1680887066316 0.0026468064170330763 524
1680887068669 0.0026136927772313356 525
1680887070974 0.0029539603274315596 526
1680887073327 0.002641455503180623 527
1680887075612 0.0027735147159546614 528
1680887077925 0.0027773682959377766 529
1680887080202 0.0029817402828484774 530
1680887082509 0.002792512299492955 531
1680887084859 0.0026967537123709917 532
1680887087145 0.0024861516430974007 533
1680887089440 0.0028792836237698793 534
1680887091733 0.002836692612618208 535
1680887094016 0.0027022426947951317 536
1680887096426 0.0028623745311051607 537
1680887098729 0.0025546809192746878 538
1680887101033 0.003197192447260022 539
1680887103390 0.002873416990041733 540
1680887105697 0.0026729286182671785 541
1680887108006 0.0029460196383297443 542
1680887110302 0.0026617601979523897 543
1680887112608 0.002644112566486001 544
1680887114901 0.0029301668982952833 545
1680887117212 0.002492321655154228 546
1680887119525 0.0029548259917646646 547
1680887121880 0.0027565541677176952 548
1680887124177 0.0028307591564953327 549
1680887126477 0.0029802441131323576 550
1680887128785 0.00280999718233943 551
1680887131126 0.0028653841000050306 552
1680887133407 0.0029194133821874857 553
1680887135718 0.002756830770522356 554
1680887138038 0.0027735866606235504 555
1680887140399 0.002463109092786908 556
1680887142682 0.002568027935922146 557
1680887145007 0.002997454721480608 558
1680887147307 0.0026746855583041906 559
1680887149590 0.0027360841631889343 560
1680887151917 0.002541543450206518 561
1680887154202 0.0025772894732654095 562
1680887156526 0.002815553452819586 563
1680887158941 0.002663334831595421 564
1680887161215 0.002581035252660513 565
1680887163508 0.002372942166402936 566
1680887165877 0.002754337154328823 567
1680887168160 0.0026640137657523155 568
1680887170448 0.002381806029006839 569
1680887172747 0.002368892775848508 570
1680887175060 0.002602105727419257 571
1680887177427 0.0025219290982931852 572
1680887179723 0.0027594396378844976 573
1680887182061 0.0025432377588003874 574
1680887184406 0.0029019329231232405 575
1680887186688 0.00247559929266572 576
1680887188978 0.0028224640991538763 577
1680887191273 0.0025548727717250586 578
1680887193633 0.0025758903939276934 579
1680887195937 0.00256490521132946 580
1680887198235 0.0027822728734463453 581
1680887200524 0.002750844694674015 582
1680887202812 0.002691218163818121 583
1680887205111 0.0026214411482214928 584
1680887207402 0.0024014832451939583 585
1680887209710 0.002891786629334092 586
1680887212083 0.00238364702090621 587
1680887214365 0.002810743171721697 588
1680887216720 0.0025767411570996046 589
1680887219027 0.002617910737171769 590
1680887221323 0.00275926711037755 591
1680887223614 0.0024669552221894264 592
1680887225937 0.0025685408618301153 593
1680887228236 0.002372595714405179 594
1680887230625 0.002508165081962943 595
1680887232916 0.00246453657746315 596
1680887235227 0.0025992393493652344 597
1680887237539 0.002512415638193488 598
1680887239845 0.002700946293771267 599
1680887242136 0.0025703166611492634 600
1680887244425 0.0025094780139625072 601
1680887246711 0.0028021596372127533 602
1680887249086 0.0025914828293025494 603
1680887251371 0.002709169639274478 604
1680887253700 0.0022464070934802294 605
1680887256000 0.002476657973602414 606
1680887258342 0.0025505321100354195 607
1680887260630 0.0028516948223114014 608
1680887262940 0.0024504191242158413 609
1680887265234 0.0024026967585086823 610
1680887267587 0.0025489756371825933 611
1680887269875 0.0024339172523468733 612
1680887272204 0.0027468656189739704 613
1680887274483 0.0024994711857289076 614
1680887276777 0.0024114702828228474 615
1680887279081 0.0026051837485283613 616
1680887281405 0.002651659306138754 617
1680887283714 0.002621638821437955 618
1680887286122 0.0026212444063276052 619
1680887288419 0.0025343215093016624 620
1680887290707 0.002861551009118557 621
1680887293037 0.0024719845969229937 622
1680887295345 0.002575773512944579 623
1680887297707 0.0027707740664482117 624
1680887299988 0.0026569818146526814 625
1680887302353 0.0025432987604290247 626
1680887304659 0.002718073083087802 627
1680887306942 0.002498416928574443 628
1680887309298 0.0025015186984091997 629
1680887311577 0.00259406422264874 630
1680887313889 0.002386081265285611 631
1680887316179 0.0025558338966220617 632
1680887318478 0.0026615969836711884 633
1680887320881 0.002479518996551633 634
1680887323227 0.002685200423002243 635
1680887325520 0.0025006874930113554 636
1680887327862 0.0024156675208359957 637
1680887330138 0.0025464051868766546 638
1680887332433 0.0021522478200495243 639
1680887334714 0.0025317862164229155 640
1680887337075 0.0024987305514514446 641
1680887339369 0.0026054393965750933 642
1680887341663 0.002753432374447584 643
1680887343944 0.0030118946451693773 644
1680887346239 0.002454867120832205 645
1680887348532 0.0026778066530823708 646
1680887350832 0.0023664808832108974 647
1680887353133 0.0027213513385504484 648
1680887355518 0.00291387434117496 649
1680887357811 0.002431765664368868 650
1680887360111 0.002481762319803238 651
1680887362396 0.00214665406383574 652
1680887364707 0.00238882377743721 653
1680887366987 0.002401671838015318 654
1680887369287 0.002561087952926755 655
1680887371570 0.0024507467169314623 656
1680887373931 0.0027462246362119913 657
1680887376216 0.0023837678600102663 658
1680887378518 0.0025201565586030483 659
1680887380820 0.0026182651054114103 660
1680887383114 0.0024703643284738064 661
1680887385412 0.0026720711030066013 662
1680887387707 0.0024515590630471706 663
1680887390013 0.002583612222224474 664
1680887392355 0.0023604610469192266 665
1680887394643 0.0023456125054508448 666
1680887396953 0.002503141760826111 667
1680887399259 0.0024637423921376467 668
1680887401603 0.002472706139087677 669
1680887403929 0.0027136695571243763 670
1680887406231 0.0024299758952111006 671
1680887408578 0.002415144583210349 672
1680887410928 0.0027460765559226274 673
1680887413232 0.0027420574333518744 674
1680887415532 0.0022614330518990755 675
1680887417845 0.0025316067039966583 676
1680887420144 0.002479861257597804 677
1680887422467 0.002241461770609021 678
1680887424824 0.0024452614597976208 679
1680887427194 0.002483177464455366 680
1680887429525 0.002177849179133773 681
1680887431825 0.0025088111869990826 682
1680887434125 0.002445071469992399 683
1680887436408 0.002417307812720537 684
1680887438688 0.0025842690374702215 685
1680887440990 0.002354205120354891 686
1680887443305 0.002626850502565503 687
1680887445680 0.002545445691794157 688
1680887447961 0.002218447392806411 689
1680887450242 0.002579945372417569 690
1680887452536 0.002339979400858283 691
1680887454827 0.002457910217344761 692
1680887457134 0.002629171358421445 693
1680887459416 0.002683861181139946 694
1680887461705 0.0026871671434491873 695
1680887464055 0.0025777998380362988 696
1680887466340 0.0025651257019490004 697
1680887468636 0.002544719260185957 698
1680887470946 0.002524602459743619 699
1680887473229 0.002611920703202486 700
1680887475508 0.0024736211635172367 701
1680887477838 0.002626352244988084 702
1680887480138 0.0025408852379769087 703
1680887482494 0.0024590648245066404 704
1680887484781 0.002089457819238305 705
1680887487112 0.002384138759225607 706
1680887489458 0.0023935006465762854 707
1680887491841 0.0026836416218429804 708
1680887494123 0.002242626156657934 709
1680887496402 0.0027064140886068344 710
1680887498781 0.002281233901157975 711
1680887501127 0.002498997375369072 712
1680887503405 0.0026322603225708008 713
1680887505697 0.0023377721663564444 714
1680887508055 0.0025972372386604548 715
1680887510354 0.002344481647014618 716
1680887512666 0.0022607706487178802 717
1680887515039 0.002726093865931034 718
1680887517404 0.0025900076143443584 719
1680887519728 0.0023812639992684126 720
1680887522013 0.002235699910670519 721
1680887524370 0.0023274109698832035 722
1680887526670 0.002941784216091037 723
1680887528956 0.002512926934286952 724
1680887531272 0.0027641132473945618 725
1680887533553 0.0026190555654466152 726
1680887535907 0.0023056005593389273 727
1680887538184 0.002696864539757371 728
1680887540522 0.0022431728430092335 729
1680887542886 0.00229826127178967 730
1680887545182 0.0023667700588703156 731
1680887547481 0.0025766692124307156 732
1680887549766 0.002534756902605295 733
1680887552125 0.0022940640337765217 734
1680887554409 0.0025186275597661734 735
1680887556697 0.002463868586346507 736
1680887559064 0.0022579103242605925 737
1680887561351 0.0026605897583067417 738
1680887563698 0.002604779787361622 739
1680887565976 0.0027235415764153004 740
1680887568264 0.0025474601425230503 741
1680887570660 0.0024258901830762625 742
1680887572978 0.0023940722458064556 743
1680887575265 0.002354162512347102 744
1680887577611 0.0022462254855781794 745
1680887579891 0.0026851766742765903 746
1680887582176 0.0027258177287876606 747
1680887584458 0.0023992853239178658 748
1680887586758 0.002831274876371026 749
1680887589097 0.0025619741063565016 750
1680887591423 0.0023094851057976484 751
1680887593759 0.002440934767946601 752
1680887596133 0.002536739921197295 753
1680887598432 0.0025979867205023766 754
1680887600749 0.002363666193559766 755
1680887603029 0.002386985346674919 756
1680887605384 0.0025409716181457043 757
1680887607674 0.0024777278304100037 758
1680887609974 0.002560677705332637 759
1680887612267 0.0024115487467497587 760
1680887614546 0.002592839300632477 761
1680887616836 0.0026440629735589027 762
1680887619146 0.0024442437570542097 763
1680887621439 0.002383565064519644 764
1680887623824 0.002095077885314822 765
1680887626114 0.0023453037720173597 766
1680887628404 0.0024145597126334906 767
1680887630695 0.0024848436005413532 768
1680887632994 0.0024174614809453487 769
1680887635320 0.002283465815708041 770
1680887637617 0.002127418527379632 771
1680887639979 0.0027734001632779837 772
1680887642254 0.0024858375545591116 773
1680887644541 0.0022197826765477657 774
1680887646847 0.002283007837831974 775
1680887649171 0.0025089136324822903 776
1680887651466 0.0026756208389997482 777
1680887653800 0.002619112143293023 778
1680887656091 0.002635825891047716 779
1680887658441 0.0022854767739772797 780
1680887660745 0.0023396459873765707 781
1680887663037 0.002523273229598999 782
1680887665342 0.002488070400431752 783
1680887667631 0.0021645454689860344 784
1680887669930 0.002195777138695121 785
1680887672223 0.0024473078083246946 786
1680887674512 0.0023955993819981813 787
1680887676866 0.002466407138854265 788
1680887679148 0.0023726129438728094 789
1680887681450 0.0024314606562256813 790
1680887683737 0.0023396876640617847 791
1680887686029 0.0026713896077126265 792
1680887688327 0.002267498290166259 793
1680887690612 0.0023786749225109816 794
1680887692946 0.002309312578290701 795
1680887695235 0.002427281579002738 796
1680887697602 0.0023903693072497845 797
1680887699883 0.0023194923996925354 798
1680887702223 0.0024315579794347286 799
1680887704517 0.0023489987943321466 800
1680887706816 0.0022878418676555157 801
1680887709154 0.0023159985430538654 802
1680887711482 0.0026193936355412006 803
1680887713764 0.0023694897536188364 804
1680887716171 0.002410217421129346 805
1680887718467 0.0022950281854718924 806
1680887720760 0.002743256278336048 807
1680887723056 0.0026390242855995893 808
1680887725337 0.0022068731486797333 809
1680887727651 0.002138987183570862 810
1680887729936 0.002236264990642667 811
1680887732231 0.0023399624042212963 812
1680887734600 0.002454086672514677 813
1680887736890 0.0023972224444150925 814
1680887739193 0.002401326084509492 815
1680887741486 0.002399661811068654 816
1680887743778 0.0022857198491692543 817
1680887746111 0.002356954850256443 818
1680887748392 0.002646803855895996 819
1680887750667 0.002385638887062669 820
1680887753028 0.0023318659514188766 821
1680887755368 0.0025111164432018995 822
1680887757660 0.00239902944304049 823
1680887759953 0.0022171393502503633 824
1680887762238 0.0026530453469604254 825
1680887764543 0.0021506838966161013 826
1680887766830 0.002127010840922594 827
1680887769177 0.0023615150712430477 828
1680887771456 0.002653988543897867 829
1680887773764 0.0023120222613215446 830
1680887776077 0.0023211978841573 831
1680887778355 0.0022691763006150723 832
1680887780634 0.00224078306928277 833
1680887782906 0.002462156815454364 834
1680887785192 0.0021617671009153128 835
1680887787502 0.0023541247937828302 836
1680887789868 0.002258137334138155 837
1680887792204 0.002317536622285843 838
1680887794496 0.0024158202577382326 839
1680887796784 0.002105686580762267 840
1680887799063 0.0024954562541097403 841
1680887801404 0.002515727886930108 842
1680887803690 0.0024995682761073112 843
1680887806003 0.0025597175117582083 844
1680887808365 0.0023378669284284115 845
1680887810652 0.0026349748950451612 846
1680887812957 0.0021983706392347813 847
1680887815326 0.0024539956357330084 848
1680887817613 0.002173559507355094 849
1680887819939 0.0020507120061665773 850
1680887822228 0.0022083409130573273 851
1680887824618 0.0021077783312648535 852
1680887826975 0.002357729244977236 853
1680887829249 0.0023133328650146723 854
1680887831533 0.0022474161814898252 855
1680887833813 0.0024027088657021523 856
1680887836127 0.002101033926010132 857
1680887838418 0.002174783032387495 858
1680887840702 0.0025048682000488043 859
1680887843060 0.0024134712293744087 860
1680887845377 0.0024269886780530214 861
1680887847657 0.0025928819086402655 862
1680887849941 0.0025162415113300085 863
1680887852242 0.002481764415279031 864
1680887854530 0.002502386225387454 865
1680887856807 0.002506658900529146 866
1680887859102 0.0024494880344718695 867
1680887861480 0.0024610564578324556 868
1680887863772 0.002267797477543354 869
1680887866058 0.002697093179449439 870
1680887868339 0.002064294880256057 871
1680887870634 0.0022773747332394123 872
1680887873009 0.0022748096380382776 873
1680887875298 0.0022910095285624266 874
1680887877583 0.002200659830123186 875
1680887879934 0.0020122176501899958 876
1680887882221 0.0023586584720760584 877
1680887884525 0.002455388428643346 878
1680887886844 0.0026160043198615313 879
1680887889157 0.002305265748873353 880
1680887891447 0.002162494696676731 881
1680887893810 0.002673314418643713 882
1680887896101 0.00219583953730762 883
1680887898467 0.0023747049272060394 884
1680887900758 0.0023086126893758774 885
1680887903053 0.002220477443188429 886
1680887905377 0.002475396730005741 887
1680887907668 0.0021983571350574493 888
1680887909958 0.0021908520720899105 889
1680887912247 0.002394047100096941 890
1680887914584 0.0023034231271594763 891
1680887916940 0.0022440252359956503 892
1680887919220 0.0024771520402282476 893
1680887921560 0.0024473376106470823 894
1680887923917 0.002513258485123515 895
1680887926218 0.002303737448528409 896
1680887928537 0.002084235893562436 897
1680887931087 0.002346952212974429 898
1680887933389 0.002374238334596157 899
1680887935753 0.002388667082414031 900
1680887938064 0.0024114081170409918 901
1680887940437 0.00224956963211298 902
1680887942758 0.0019088754197582603 903
1680887945113 0.002268764888867736 904
1680887947393 0.00243455171585083 905
1680887949682 0.002368564484640956 906
1680887952092 0.0024250990245491266 907
1680887954488 0.002335480647161603 908
1680887956767 0.002396555617451668 909
1680887959040 0.002150884596630931 910
1680887961348 0.0027992355171591043 911
1680887963680 0.0023489652667194605 912
1680887965951 0.0023385402746498585 913
1680887968308 0.00217591249383986 914
1680887970625 0.0024136602878570557 915
1680887972970 0.0021796890068799257 916
1680887975281 0.0019900149200111628 917
1680887977559 0.0024726386182010174 918
1680887979893 0.0025564359966665506 919
1680887982179 0.002383326180279255 920
1680887984475 0.0024934879038482904 921
1680887986833 0.002587071619927883 922
1680887989129 0.002345022279769182 923
1680887991408 0.0024140183813869953 924
1680887993700 0.0024383855052292347 925
1680887996000 0.0020663668401539326 926
1680887998327 0.0023723638150840998 927
1680888000617 0.0022171346936374903 928
1680888002895 0.002521296963095665 929
1680888005270 0.0024109287187457085 930
1680888007575 0.002269736723974347 931
1680888009888 0.0024878191761672497 932
1680888012218 0.0022928148973733187 933
1680888014497 0.0022861931938678026 934
1680888016804 0.00247196014970541 935
1680888019101 0.0024722537491470575 936
1680888021438 0.0023106036242097616 937
1680888023840 0.002266806783154607 938
1680888026130 0.0020066366996616125 939
1680888028430 0.002068200148642063 940
1680888030707 0.0023739614989608526 941
1680888033035 0.0024957277346402407 942
1680888035324 0.0025001182220876217 943
1680888037713 0.002375194337219 944
1680888040113 0.002441499149426818 945
1680888042430 0.0022769642528146505 946
1680888044728 0.002395019168034196 947
1680888047032 0.0024635742884129286 948
1680888049319 0.002160334959626198 949
1680888051608 0.002294231904670596 950
1680888053889 0.0023549895267933607 951
1680888056175 0.0023272335529327393 952
1680888058547 0.0023756884038448334 953
1680888060823 0.002437685849145055 954
1680888063121 0.002468524035066366 955
1680888065400 0.0023970853071659803 956
1680888067687 0.0023431412409991026 957
1680888069972 0.0023049479350447655 958
1680888072283 0.0024722167290747166 959
1680888074561 0.002398834563791752 960
1680888076982 0.0023974417708814144 961
1680888079324 0.0023110865149646997 962
1680888081634 0.002408863278105855 963
1680888083913 0.002226233948022127 964
1680888086219 0.0025838837027549744 965
1680888088519 0.002400268567726016 966
1680888090842 0.002210720209404826 967
1680888093164 0.0023393367882817984 968
1680888095526 0.002160985255613923 969
1680888097823 0.002178571652621031 970
1680888100134 0.0022253235802054405 971
1680888102416 0.0022141439840197563 972
1680888104700 0.002299087354913354 973
1680888107006 0.002315343590453267 974
1680888109310 0.002499544294551015 975
1680888111585 0.0023738991003483534 976
1680888113981 0.002154340036213398 977
1680888116256 0.0020026296842843294 978
1680888118542 0.002427976345643401 979
1680888120837 0.002427706029266119 980
1680888123120 0.0018709064461290836 981
1680888125398 0.002102241152897477 982
1680888127708 0.0023783016949892044 983
1680888130015 0.0022083816584199667 984
1680888132380 0.0023253983817994595 985
1680888134651 0.0023985784500837326 986
1680888136948 0.002344097476452589 987
1680888139223 0.002105115680024028 988
1680888141525 0.00228786189109087 989
1680888143810 0.002217608969658613 990
1680888146108 0.0021526122000068426 991
1680888148483 0.0022049332037568092 992
1680888150860 0.0022677655797451735 993
1680888153190 0.0023642827291041613 994
1680888155480 0.002087713684886694 995
1680888157756 0.0022310111671686172 996
1680888160043 0.002055831253528595 997
1680888162323 0.0020040269009768963 998
1680888164625 0.0023824896197766066 999
1680888166992 0.0022892567794770002 1000
1680888169271 0.00207720254547894 1001
1680888171576 0.0020903232507407665 1002
1680888173869 0.0023614815436303616 1003
1680888176163 0.0021556965075433254 1004
1680888178437 0.002372963121160865 1005
1680888180744 0.002050039591267705 1006
1680888183061 0.0021253726445138454 1007
1680888185412 0.002318726619705558 1008
1680888187692 0.002143374877050519 1009
1680888189968 0.0018607181264087558 1010
1680888192323 0.002318879123777151 1011
1680888194604 0.002096663461998105 1012
1680888196886 0.0019826472271233797 1013
1680888199185 0.00239951116964221 1014
1680888201479 0.0023942941334098577 1015
1680888203827 0.0021086386404931545 1016
1680888206136 0.0022008786909282207 1017
1680888208423 0.002241398673504591 1018
1680888210715 0.0022652125917375088 1019
1680888213015 0.0022728967014700174 1020
1680888215307 0.0019724401645362377 1021
1680888217595 0.002418856369331479 1022
1680888219905 0.002154508838430047 1023
