[-0.072, 2.151, 0.187]
[-0.145, 2.161, 0.187]
[-0.216, 2.149, 0.187]
[-0.291, 2.162, 0.187]
[-0.372, 2.205, 0.187]
[-0.554, 2.723, 0.187]
[-0.634, 2.662, 0.187]
[-0.713, 2.604, 0.187]
[-0.806, 2.597, 0.187]
[-0.889, 2.559, 0.187]
[-0.987, 2.562, 0.187]
[-1.1  , 2.594, 0.187]
[-0.658, 1.418, 0.187]
[-0.697, 1.379, 0.187]
[-0.738, 1.347, 0.187]
[-0.761, 1.285, 0.187]
[-0.805, 1.261, 0.187]
[-0.856, 1.247, 0.187]
[-0.888, 1.205, 0.187]
[-0.931, 1.179, 0.187]
[-1.004, 1.188, 0.187]
[-1.045, 1.156, 0.187]
[-1.112, 1.15 , 0.187]
[-1.777, 1.719, 0.187]
[-1.844, 1.668, 0.187]
[-0.74 , 0.625, 0.187]
[-0.736, 0.581, 0.187]
[-0.735, 0.541, 0.187]
[-0.747, 0.513, 0.187]
[-0.729, 0.465, 0.187]
[-0.754, 0.447, 0.187]
[-0.773, 0.424, 0.187]
[-0.775, 0.392, 0.187]
[-0.784, 0.364, 0.187]
[-0.807, 0.342, 0.187]
[-0.807, 0.311, 0.187]
[-0.825, 0.287, 0.187]
[-0.851, 0.264, 0.187]
[-0.85 , 0.233, 0.187]
[-0.864, 0.206, 0.187]
[-0.883, 0.179, 0.187]
[-0.916, 0.154, 0.187]
[-0.952, 0.128, 0.187]
[-1.941, 0.195, 0.187]
[-1.903, 0.127, 0.187]
[-1.881, 0.063, 0.187]
[-1.88 ,-0.   , 0.187]
[-1.886,-0.063, 0.187]
[-1.861,-0.125, 0.187]
[-1.885,-0.19 , 0.187]
[-1.895,-0.255, 0.187]
[-1.94 ,-0.327, 0.187]
[-3.04 ,-0.618, 0.187]
[-3.395,-0.809, 0.187]
[-3.376,-0.925, 0.187]
[-3.343,-1.037, 0.187]
[-3.029,-1.052, 0.187]
[-2.957,-1.139, 0.187]
[-1.212,-0.514, 0.187]
[-1.176,-0.546, 0.187]
[-1.143,-0.577, 0.187]
[-1.094,-0.599, 0.187]
[-1.05 ,-0.622, 0.187]
[-1.025,-0.654, 0.187]
[-1.007,-0.691, 0.187]
[-0.975,-0.719, 0.187]
[-0.945,-0.746, 0.187]
[-0.93 ,-0.786, 0.187]
[-0.897,-0.811, 0.187]
[-0.872,-0.843, 0.187]
[-0.845,-0.873, 0.187]
[-0.825,-0.912, 0.187]
[-0.801,-0.947, 0.187]
[-0.783,-0.992, 0.187]
[-0.764,-1.037, 0.187]
[-0.751,-1.094, 0.187]
[-0.743,-1.164, 0.187]
[-0.683,-1.154, 0.187]
[-0.638,-1.165, 0.187]
[-0.579,-1.146, 0.187]
[-0.537,-1.157, 0.187]
[-0.489,-1.154, 0.187]
[-0.454,-1.178, 0.187]
[-0.41 ,-1.182, 0.187]
[-0.374,-1.207, 0.187]
[-0.333,-1.217, 0.187]
[-0.291,-1.219, 0.187]
[-0.253,-1.243, 0.187]
[-0.213,-1.264, 0.187]
[-0.171,-1.274, 0.187]
[-0.13 ,-1.292, 0.187]
[-0.088,-1.319, 0.187]
[-0.045,-1.356, 0.187]
[ 0.   ,-1.389, 0.187]
[ 0.063,-1.894, 0.187]
[ 0.121,-1.815, 0.187]
[ 0.179,-1.775, 0.187]
[ 0.23 ,-1.709, 0.187]
[ 0.281,-1.666, 0.187]
[ 0.333,-1.641, 0.187]
[ 0.384,-1.613, 0.187]
[ 0.437,-1.595, 0.187]
[ 0.482,-1.555, 0.187]
[ 0.527,-1.517, 0.187]
[ 0.582,-1.511, 0.187]
[ 0.627,-1.48 , 0.187]
[ 0.677,-1.46 , 0.187]
[ 0.72 ,-1.425, 0.187]
[ 0.773,-1.41 , 0.187]
[ 0.819,-1.382, 0.187]
[ 0.872,-1.366, 0.187]
[ 0.918,-1.338, 0.187]
[ 0.972,-1.32 , 0.187]
[ 1.014,-1.284, 0.187]
[ 1.073,-1.27 , 0.187]
[ 1.127,-1.246, 0.187]
[ 1.176,-1.216, 0.187]
[ 1.254,-1.212, 0.187]
[ 1.318,-1.192, 0.187]
[ 1.382,-1.169, 0.187]
[ 1.48 ,-1.168, 0.187]
[ 1.344,-0.99 , 0.187]
[ 1.314,-0.902, 0.187]
[ 1.332,-0.85 , 0.187]
[ 1.341,-0.794, 0.187]
[ 1.345,-0.737, 0.187]
[ 1.355,-0.685, 0.187]
[ 1.381,-0.641, 0.187]
[ 1.384,-0.587, 0.187]
[ 1.414,-0.544, 0.187]
[ 1.417,-0.492, 0.187]
[ 1.438,-0.446, 0.187]
[ 1.474,-0.404, 0.187]
[ 1.467,-0.35 , 0.187]
[ 1.517,-0.308, 0.187]
[ 1.526,-0.257, 0.187]
[ 1.546,-0.208, 0.187]
[ 1.602,-0.161, 0.187]
[ 1.648,-0.11 , 0.187]
[ 1.736,-0.058, 0.187]
[2.299,0.   ,0.187]
[2.302,0.077,0.187]
[1.026,0.069,0.187]
[0.957,0.096,0.187]
[0.938,0.126,0.187]
[0.944,0.159,0.187]
[0.932,0.189,0.187]
[0.901,0.215,0.187]
[0.894,0.245,0.187]
[0.871,0.27 ,0.187]
[0.878,0.305,0.187]
[0.851,0.328,0.187]
[0.847,0.359,0.187]
[0.839,0.389,0.187]
[0.829,0.419,0.187]
[0.83 ,0.455,0.187]
[0.822,0.487,0.187]
[0.83 ,0.53 ,0.187]
[0.833,0.572,0.187]
[2.48 ,1.828,0.187]
[2.384,1.883,0.187]
[2.323,1.964,0.187]
[2.253,2.038,0.187]
[2.2  ,2.128,0.187]
[2.205,2.279,0.187]
[1.384,1.53 ,0.187]
[1.304,1.542,0.187]
[1.233,1.561,0.187]
[1.174,1.594,0.187]
[1.125,1.639,0.187]
[1.064,1.667,0.187]
[1.016,1.715,0.187]
[0.979,1.787,0.187]
[0.636,1.258,0.187]
[0.578,1.246,0.187]
[0.535,1.262,0.187]
[0.493,1.279,0.187]
[0.444,1.278,0.187]
[0.4  ,1.29 ,0.187]
[0.357,1.304,0.187]
[0.314,1.316,0.187]
[0.272,1.34 ,0.187]
[0.228,1.349,0.187]
[0.188,1.398,0.187]
[0.141,1.397,0.187]
[0.147,2.196,0.187]
[0.073,2.177,0.187]
[0.   ,2.139,0.187]
