header: 
  stamp: 
    sec: 5580
    nanosec: 434000000
  frame_id: odom
child_frame_id: base_footprint 
pose: 
  pose: 
    position: 
      x: -0.14203745500338727
      y: -1.1635433528275356
      z: 0.008523077672774994
    orientation: 
      x: 0.0002337903328398176
      y: 0.0029126680023282476
      z: 0.00034365413355282867
      w: 0.9999956717951459
  covariance: [1.e-05 0.e+00 0.e+00 0.e+00 0.e+00 0.e+00 0.e+00 1.e-05 0.e+00 0.e+00
 0.e+00 0.e+00 0.e+00 0.e+00 1.e+12 0.e+00 0.e+00 0.e+00 0.e+00 0.e+00
 0.e+00 1.e+12 0.e+00 0.e+00 0.e+00 0.e+00 0.e+00 0.e+00 1.e+12 0.e+00
 0.e+00 0.e+00 0.e+00 0.e+00 0.e+00 1.e-03]
twist: 
  twist: 
    linear: 
      x: -9.847543918289997e-06
      y: 8.293236479428064e-06
      z: 0.0
  angular: 
      x: 0.0
      y: 0.0
      z: -2.844692010386105e-07
  covariance: [1.e-05 0.e+00 0.e+00 0.e+00 0.e+00 0.e+00 0.e+00 1.e-05 0.e+00 0.e+00
 0.e+00 0.e+00 0.e+00 0.e+00 1.e+12 0.e+00 0.e+00 0.e+00 0.e+00 0.e+00
 0.e+00 1.e+12 0.e+00 0.e+00 0.e+00 0.e+00 0.e+00 0.e+00 1.e+12 0.e+00
 0.e+00 0.e+00 0.e+00 0.e+00 0.e+00 1.e-03]
