header: 
  stamp: 
    sec: 5580
    nanosec: 128000000
  frame_id: odom
child_frame_id: base_footprint 
pose: 
  pose: 
    position: 
      x: -0.14203752347225376
      y: -1.163543352206534
      z: 0.008530451897772018
    orientation: 
      x: 0.00023379061361142675
      y: 0.0029129457494767477
      z: 0.0003436328331618078
      w: 0.9999956709933726
  covariance: [1.e-05 0.e+00 0.e+00 0.e+00 0.e+00 0.e+00 0.e+00 1.e-05 0.e+00 0.e+00
 0.e+00 0.e+00 0.e+00 0.e+00 1.e+12 0.e+00 0.e+00 0.e+00 0.e+00 0.e+00
 0.e+00 1.e+12 0.e+00 0.e+00 0.e+00 0.e+00 0.e+00 0.e+00 1.e+12 0.e+00
 0.e+00 0.e+00 0.e+00 0.e+00 0.e+00 1.e-03]
twist: 
  twist: 
    linear: 
      x: -3.4219293197083753e-06
      y: 8.281772883607446e-06
      z: 0.0
  angular: 
      x: 0.0
      y: 0.0
      z: -2.765223016815453e-07
  covariance: [1.e-05 0.e+00 0.e+00 0.e+00 0.e+00 0.e+00 0.e+00 1.e-05 0.e+00 0.e+00
 0.e+00 0.e+00 0.e+00 0.e+00 1.e+12 0.e+00 0.e+00 0.e+00 0.e+00 0.e+00
 0.e+00 1.e+12 0.e+00 0.e+00 0.e+00 0.e+00 0.e+00 0.e+00 1.e+12 0.e+00
 0.e+00 0.e+00 0.e+00 0.e+00 0.e+00 1.e-03]
