0
0
0
0
0
0
0
0
0
0
0
0
2.1974802017211914
2.130730152130127
2.116364002227783
2.0748484134674072
2.0705361366271973
2.0620689392089844
2.0957906246185303
2.1092164516448975
2.173396348953247
0
0
0
0
0
0
0
0
0
0
0
0
0
0
0
0
0
0
0
0
0
3.0235815048217773
2.9869801998138428
2.991248607635498
2.9671664237976074
2.991788625717163
3.0672786235809326
0
0
0
0
0
0
0
0
0
0
0
0
0
0
0
0
0
0
0
0
0
0
0
0
0
0
0
0
1.1203619241714478
1.0668085813522339
1.0246248245239258
1.0082556009292603
1.0114930868148804
1.0104714632034302
0.9985379576683044
1.0021549463272095
0.986501932144165
0.9833001494407654
0.988430380821228
1.0098532438278198
1.020224690437317
1.0316568613052368
1.0278388261795044
1.0951933860778809
0
2.8866233825683594
2.883167028427124
2.844010829925537
2.835965633392334
2.824618339538574
2.813605546951294
2.800226926803589
2.781656265258789
2.7309865951538086
2.7523021697998047
2.740778684616089
2.722951889038086
2.710533857345581
2.690640449523926
2.6779026985168457
2.6666178703308105
2.655484676361084
2.6715028285980225
2.6424453258514404
2.641021728515625
2.636784553527832
3.311980962753296
0
0
0
0
0
0
0
0
0
0
0
0
0
0
0
0
0
0
0
0
0
0
0
0
0
0
0
0
0
0
0
0
0
0
0
0
0
0
0
0
0
0
0
0
0
0
0
0
2.852299213409424
2.777458906173706
2.7753305435180664
2.777218818664551
2.7900846004486084
2.80078387260437
0
0
0
0
0
0
0
0
0
0
0
0
0
0
0
0
0
0
0
0
0
0
0
0
0
0
0
0
0
0
0
0
0
0
0
0
0
0
0
0
0
0
0
0
0
0
0
0
0
0
0
0
0
0
0
0
0
2.8893895149230957
2.8533878326416016
2.8339004516601562
2.848879098892212
2.873253107070923
1.9470030069351196
1.9174730777740479
1.8622357845306396
1.8103160858154297
1.795647382736206
1.8123048543930054
1.818347692489624
1.8408889770507812
1.8668605089187622
1.9056396484375
1.9454786777496338
1.9626237154006958
2.002509355545044
2.062971830368042
2.0831379890441895
2.132981061935425
2.187572717666626
1.0623908042907715
1.0317742824554443
1.0101066827774048
0.9836587905883789
0.9708384275436401
0.9686792492866516
0.9856792688369751
0.9835571646690369
0.9769843220710754
0.9578344821929932
0.9674504399299622
0.9898053407669067
0.9800552129745483
1.002312421798706
1.0112643241882324
1.0485540628433228
2.89573073387146
2.813899040222168
2.779379367828369
2.7287778854370117
2.6725776195526123
2.630903720855713
2.579540967941284
2.5358572006225586
2.471492052078247
2.4647157192230225
2.4057514667510986
2.362931251525879
2.3550171852111816
2.3158509731292725
2.289124011993408
2.233060836791992
2.2206239700317383
2.1902496814727783
2.147686243057251
2.1527011394500732
2.124976634979248
2.1074025630950928
2.081711769104004
2.0527381896972656
2.043558359146118
2.027106761932373
2.017688274383545
1.9940375089645386
1.9736573696136475
1.9716289043426514
1.952736735343933
1.9293309450149536
1.917499303817749
1.9242991209030151
1.8866854906082153
1.8727401494979858
1.8959815502166748
1.8901946544647217
1.8573795557022095
1.8619623184204102
1.8619798421859741
1.8641395568847656
1.825600504875183
1.8593732118606567
1.8310551643371582
1.8145545721054077
1.818547248840332
1.8100261688232422
1.831871747970581
1.8172014951705933
1.8173149824142456
1.8200308084487915
1.8356435298919678
1.8210513591766357
1.814457654953003
1.8035706281661987
1.8294631242752075
1.8189342021942139
1.8290801048278809
0
0
0
0
3.494697093963623
3.4992470741271973
0
0
0
0
0
0
0
0
0
0
0
0
0
0
0
0
0
0
2.33357834815979
2.2226812839508057
2.1874821186065674
2.1802709102630615
2.170699119567871
2.163057804107666
2.1640892028808594
2.1903128623962402
2.269221782684326
0
0
0
0
