0
0
0
0
0.797954261302948
0.7657808661460876
0.7398565411567688
0.7421678900718689
0.7228323221206665
0.7143188118934631
0.7100131511688232
0.6997745037078857
0.7015104293823242
0.6887100338935852
0.6932679414749146
0.6978804469108582
0.7078123688697815
0.7131982445716858
0.7067813277244568
0.7085272073745728
0.7300819158554077
0.7359594702720642
0.7421942353248596
0.7521483898162842
0.7704910635948181
2.4072067737579346
2.3827779293060303
2.3665661811828613
2.347517967224121
2.330986261367798
2.2827470302581787
2.2703709602355957
2.2555487155914307
2.2144315242767334
2.217156410217285
2.2023749351501465
2.1908090114593506
2.1788854598999023
2.1383631229400635
2.137587070465088
2.13560152053833
2.099924087524414
2.108433961868286
2.0887296199798584
2.102374792098999
2.0874054431915283
2.0690360069274902
2.0637643337249756
2.04148268699646
2.037557601928711
2.045680522918701
2.040137529373169
2.038743019104004
2.0369157791137695
2.0190746784210205
2.009003162384033
2.007140636444092
2.0265378952026367
2.023923873901367
2.02017879486084
2.001586675643921
2.0030040740966797
2.008317232131958
2.0026695728302
2.01438045501709
2.0409669876098633
2.0252718925476074
2.0251777172088623
2.0305135250091553
2.057196855545044
2.056912899017334
2.0601484775543213
2.0573983192443848
2.082191228866577
2.0729100704193115
2.0896012783050537
2.1041879653930664
2.1166298389434814
2.1233136653900146
2.129960060119629
2.162532091140747
2.187124252319336
2.1964588165283203
2.216750144958496
2.21032977104187
2.2558844089508057
2.2709908485412598
2.2873635292053223
2.286623001098633
2.3459746837615967
2.348175525665283
2.3720109462738037
2.423417806625366
2.4249837398529053
2.4686739444732666
2.4825973510742188
2.5340888500213623
2.5558722019195557
2.6029579639434814
2.6509647369384766
2.6749749183654785
2.719163656234741
2.772627592086792
2.804638385772705
2.8909108638763428
0
0
0
0
0
0
0
0
0
0
0
0
0
0
0
0
0
1.3127727508544922
1.287049651145935
1.2678618431091309
1.2280774116516113
1.1830699443817139
1.1613837480545044
1.149827241897583
1.1158452033996582
1.1348143815994263
1.1516581773757935
1.1749334335327148
1.1864280700683594
1.1973222494125366
1.202724814414978
1.2460356950759888
1.2634434700012207
1.2753231525421143
1.3067169189453125
1.3485180139541626
1.363939881324768
1.3909865617752075
1.435263991355896
1.480961561203003
1.4830331802368164
1.5467109680175781
1.577536940574646
1.617429494857788
1.671069622039795
1.7167789936065674
1.7723546028137207
1.8308920860290527
1.8843680620193481
1.9433777332305908
2.017341136932373
2.1238551139831543
2.185373544692993
2.285228967666626
2.382763624191284
2.504943370819092
2.631587028503418
2.75405216217041
2.9205715656280518
3.0996086597442627
3.3109567165374756
0
0
0
0
0
0
3.4287326335906982
3.3851044178009033
3.3626036643981934
3.3828372955322266
3.4650604724884033
0
0
0
0
0
0
0
0
1.7834439277648926
1.7051546573638916
1.7087674140930176
1.6839790344238281
1.6790366172790527
1.6718772649765015
1.6763455867767334
1.684557318687439
1.7127429246902466
1.7844399213790894
0
0
0
0
0
0
0
0
0
0
0
0
0
0
0
0
0
0
0
0
0
0
0
3.0753893852233887
3.062055826187134
3.0282094478607178
3.057816505432129
3.095351457595825
0
0
0
0
0
0
0
0
1.447004795074463
1.414795160293579
1.387846827507019
1.3933517932891846
1.381715178489685
1.3845771551132202
1.3767856359481812
1.3964310884475708
1.4024673700332642
1.412381887435913
1.4419971704483032
3.1338086128234863
3.1434452533721924
3.181710720062256
3.2024664878845215
3.217188835144043
3.2346644401550293
3.2583625316619873
3.286379337310791
3.3099122047424316
3.337273359298706
3.3660855293273926
3.4128804206848145
3.4163782596588135
3.47807240486145
3.5
0
0
0
0
0
0
0
0
0
0
0
0
0
0
0
0
0
0
0
0
0
0
0
2.2478764057159424
2.196669340133667
2.1565184593200684
2.144254207611084
2.134294033050537
2.140371799468994
2.1690266132354736
2.1891791820526123
0
0
0
0
0
0
0
0
0
0
0
0
0
0
0
0
0
0
0
0
1.9317957162857056
1.8809300661087036
1.8762835264205933
1.880711555480957
1.896835207939148
1.8826184272766113
1.9056943655014038
1.933789610862732
1.9837117195129395
0
2.9847593307495117
2.9608263969421387
2.9546549320220947
2.959704637527466
2.974094867706299
3.0669286251068115
0
0
0
0
0
0
0
0
0
0
0
0
0
0
0
0
0
0
0
0
0
0
0
0
0
0
0
0
0
0
0
0
0
0
0
0
