1.0252269506454468
1.0188316106796265
1.0198370218276978
1.0440256595611572
1.017346739768982
1.0195719003677368
1.0254966020584106
1.0238862037658691
1.0380513668060303
1.044806957244873
1.0487706661224365
1.0498077869415283
1.044732689857483
1.034723162651062
0.9773502945899963
0.9154732823371887
0.8484052419662476
0.8270030617713928
0.7676715850830078
0.7237303853034973
0.6945328116416931
0.6519708037376404
0.6440002918243408
0.6350867748260498
0
0
0
0
0
0
0
0
0
0
0
0
0
0
0
0
0
0
0
0
0
0
0
2.653548240661621
2.6797075271606445
2.7432918548583984
2.8010053634643555
2.858839511871338
2.906620502471924
2.8462045192718506
2.829425811767578
2.7808146476745605
2.755195140838623
2.7160043716430664
2.6839680671691895
2.6399986743927
2.6210215091705322
2.6191020011901855
2.5703132152557373
2.5465121269226074
2.536646604537964
2.11965274810791
2.202824831008911
2.295527219772339
2.044710636138916
2.11324143409729
2.2302701473236084
2.318727493286133
2.4063751697540283
2.4120802879333496
2.3924710750579834
2.3685226440429688
2.3710527420043945
2.369140625
2.3738608360290527
2.3468663692474365
2.337480306625366
2.3323922157287598
2.3275890350341797
2.314882516860962
2.320727586746216
2.2969725131988525
2.3125407695770264
2.2859864234924316
2.3207294940948486
2.3197317123413086
2.300732374191284
2.3055546283721924
2.3084640502929688
2.2516229152679443
1.93385648727417
2.9444448947906494
2.958502769470215
2.980652332305908
2.950111150741577
2.966586112976074
2.9913201332092285
2.9973363876342773
2.976273536682129
2.9999048709869385
3.030463695526123
3.0280439853668213
3.052520990371704
3.079327344894409
3.086146831512451
3.112983226776123
3.1338913440704346
3.1527233123779297
3.179555892944336
3.1852686405181885
3.207534074783325
3.241997241973877
0
3.4386749267578125
3.330366611480713
3.3670506477355957
3.402271270751953
3.420705556869507
3.498009443283081
0
0
0
0
0
0
0
1.3287204504013062
1.3142669200897217
1.3370542526245117
0
0
0
0
0
0
0
0
0
0
0
0
0
0
0
0
0
2.890860080718994
2.854326009750366
2.7578065395355225
2.734626293182373
2.6739273071289062
3.202366828918457
3.242034673690796
3.273160696029663
3.352201461791992
3.3882672786712646
3.473323106765747
0
0
3.465604782104492
3.399770736694336
3.382075548171997
3.323866367340088
0
0
0
0
0
0
0
0
0
0
0
0
1.8012962341308594
1.8242636919021606
1.9041621685028076
1.9840447902679443
2.05853533744812
2.1427078247070312
2.14766263961792
2.1130127906799316
2.1236350536346436
2.10630464553833
2.1086068153381348
2.068775177001953
2.0714595317840576
2.061197519302368
2.0428483486175537
2.044417381286621
2.051015615463257
2.033600091934204
2.0171566009521484
2.0351014137268066
2.0130157470703125
1.9968886375427246
2.0051610469818115
1.9972141981124878
2.005992889404297
2.00858211517334
2.014798402786255
1.993125319480896
2.013003349304199
2.0160231590270996
1.6071616411209106
0
0
0
0
0
0
0
0
0
0
0
0
0
0
0
0
0
0
0
0
0
0
0
0
0
0
0
0
0
0
0
0
0
0
0
0
0
0
0
0
0
0
0
0
0
3.3833062648773193
0
3.3998942375183105
0
0
0
0
0
0
0
0
0
0
0
0
0
0
3.314166784286499
0
0
0
0
2.1388447284698486
1.9427767992019653
1.9243781566619873
1.9558961391448975
1.94230318069458
1.9468554258346558
1.9753581285476685
1.9673964977264404
1.9911730289459229
2.0069010257720947
1.9974557161331177
2.03131365776062
2.023219347000122
1.9276612997055054
1.866220235824585
1.77243971824646
1.728511095046997
1.6306909322738647
1.6004754304885864
2.056326150894165
2.0870580673217773
2.1045286655426025
2.1289877891540527
2.1480655670166016
2.155626058578491
2.198758840560913
2.2150774002075195
2.2262814044952393
2.285224676132202
2.318117618560791
2.3471322059631348
2.3677663803100586
2.401998519897461
2.419480800628662
0.9608766436576843
0.9297818541526794
0.9109129905700684
0.916595995426178
0.9015357494354248
0.8816822171211243
0.8422707915306091
0.842460572719574
0.8350663185119629
0.8226897120475769
0.7952539324760437
0.7858476042747498
0.7703539729118347
0.780532717704773
0.7661835551261902
0.7700960040092468
0.7569653987884521
0.7285493612289429
0.7354401350021362
0.7182331681251526
0.7189171314239502
0.7226881980895996
0.7100859880447388
0.7161633968353271
0.7532607913017273
0.7755849957466125
0.8185602426528931
0.6320239901542664
0.622521698474884
0.6211119890213013
0.6928814649581909
0.724854052066803
0.7440836429595947
0.8059508204460144
0.8621881008148193
0.9273905158042908
1.0055766105651855
1.045865535736084
1.0293797254562378
1.0560085773468018
1.021385669708252
1.0465303659439087
1.0470699071884155
1.0288928747177124
1.0326166152954102
1.0424166917800903
1.0154165029525757
1.0390063524246216
1.0260919332504272
