2.1308019161224365
2.125945806503296
2.1057398319244385
2.1294848918914795
2.1009392738342285
2.109513759613037
2.114924907684326
2.1099154949188232
2.109375238418579
2.110882520675659
2.1188840866088867
2.108952283859253
2.1191956996917725
2.143991470336914
2.134263038635254
2.159114360809326
1.9909155368804932
1.8207272291183472
1.7620630264282227
3.1273200511932373
3.1743805408477783
3.2261383533477783
3.2731246948242188
3.317667007446289
3.2807857990264893
3.233646869659424
3.1684210300445557
3.129767656326294
3.0778160095214844
3.0450940132141113
2.981933832168579
2.43359637260437
2.496979236602783
2.5320611000061035
2.6116409301757812
2.6680285930633545
2.736360549926758
0
0
0
0
0
0
0
2.8578319549560547
2.831500768661499
2.816847085952759
2.7836976051330566
2.7471587657928467
2.737287998199463
2.7143397331237793
2.6965653896331787
1.0905336141586304
1.0722075700759888
2.6620447635650635
2.6403374671936035
2.616271734237671
2.6184916496276855
2.597109317779541
2.599879264831543
2.5614161491394043
2.5629425048828125
2.5569677352905273
2.5550570487976074
2.5506391525268555
2.5510973930358887
2.5356409549713135
2.5489823818206787
2.532650947570801
2.5247116088867188
2.5317130088806152
2.2722792625427246
2.279440402984619
2.2722549438476562
2.2804627418518066
2.274627208709717
2.2861008644104004
2.2987313270568848
2.2943389415740967
2.2989981174468994
2.3166720867156982
2.3279314041137695
2.3007967472076416
2.34922194480896
2.3285775184631348
2.3607850074768066
2.368621587753296
2.3806843757629395
2.3961431980133057
2.4008305072784424
2.405371904373169
2.4178006649017334
2.436999797821045
2.3190581798553467
2.234330892562866
2.1560752391815186
2.096647262573242
2.218688726425171
2.1377248764038086
2.0691378116607666
2.542248249053955
2.5402064323425293
2.600290536880493
2.610354423522949
2.637542963027954
2.6749517917633057
2.7079763412475586
2.747629404067993
2.7856128215789795
2.8191473484039307
2.8692753314971924
2.8953654766082764
2.8518083095550537
2.807739496231079
2.7322871685028076
2.6835289001464844
2.6431376934051514
2.809352397918701
2.722038745880127
2.7098798751831055
3.3472509384155273
3.4368391036987305
3.5
0
1.495543122291565
1.4248089790344238
1.3983154296875
1.3391433954238892
1.3032478094100952
1.2721669673919678
1.2345943450927734
1.1946375370025635
1.1862447261810303
1.701500415802002
1.7204164266586304
1.739578127861023
1.7537435293197632
1.7853615283966064
1.8378018140792847
1.8496984243392944
1.8704538345336914
1.9033385515213013
1.9307225942611694
1.977825403213501
2.0155296325683594
2.05379056930542
2.0894689559936523
2.0462310314178467
2.0247769355773926
2.002454996109009
1.9667949676513672
1.9393694400787354
1.9204127788543701
1.906049370765686
1.8731188774108887
1.8598873615264893
3.475633144378662
3.429340124130249
3.4126994609832764
3.3795487880706787
3.3454723358154297
3.3371849060058594
3.3186867237091064
3.4590413570404053
0
0
0
0
0
0
0
0
1.6837682723999023
1.6688212156295776
1.6955994367599487
1.676595687866211
1.2317942380905151
1.208713412284851
1.228074073791504
1.2306902408599854
1.2475402355194092
1.2436461448669434
1.2584737539291382
1.260599970817566
1.2805018424987793
1.289745569229126
1.2966911792755127
1.3168295621871948
1.3092912435531616
1.3235952854156494
1.3486889600753784
1.3631163835525513
1.3732675313949585
1.3643512725830078
1.3977779150009155
1.675498604774475
1.6338937282562256
1.6069841384887695
1.5539672374725342
1.542371392250061
1.4909776449203491
1.461693525314331
2.0318756103515625
2.05851674079895
2.0919010639190674
2.124138355255127
2.162630796432495
2.1911251544952393
2.250774621963501
2.299776792526245
2.327893018722534
2.4004604816436768
2.359874963760376
2.3348300457000732
2.2920687198638916
2.2845964431762695
2.2544310092926025
2.2418956756591797
2.2087056636810303
2.188987970352173
2.321589469909668
2.3204898834228516
2.286921977996826
2.359866142272949
2.4426186084747314
2.5303871631622314
2.621260166168213
0
0
0
0
0
0
0
0
0
0
0
0
0
0
0
0
0.9558614492416382
0.9564261436462402
0.9672977924346924
0.9420914649963379
0.9596505165100098
0.9547922015190125
0.9687878489494324
0.9634023904800415
0.9533898830413818
0.9629238247871399
0.9739169478416443
0.9567961692810059
0.9630641341209412
0.9656044244766235
0.972798764705658
0.9785052537918091
0.9764698147773743
0.9585149884223938
0.9744330048561096
0.9678544402122498
0.9740279912948608
0.9833475351333618
0.9847347140312195
1.5672633647918701
1.482784628868103
1.4972047805786133
1.5164309740066528
1.5418280363082886
1.5098778009414673
1.2942209243774414
1.2487306594848633
1.186971664428711
1.1533606052398682
1.1027936935424805
1.04691743850708
1.0208455324172974
0.9901608228683472
0.9611408710479736
0.9411765336990356
0.9365817308425903
1.4655910730361938
1.4796507358551025
1.4917927980422974
1.503078818321228
1.5218695402145386
1.570111870765686
1.5320050716400146
1.4932695627212524
1.443175196647644
1.432316780090332
1.3945153951644897
1.3638980388641357
1.3257852792739868
1.3317798376083374
1.2893108129501343
1.2850008010864258
1.2542310953140259
1.2563952207565308
1.256847620010376
0
0
0
0
0
0
0
0
0
0
0
0
0
0
0
0
3.4916391372680664
3.457134962081909
3.4412975311279297
3.414368152618408
3.4046194553375244
3.382652759552002
3.3699984550476074
3.354975461959839
3.324018716812134
3.314392566680908
3.2990939617156982
3.2946834564208984
3.2749440670013428
3.247227430343628
3.2596867084503174
3.2488667964935303
3.234835386276245
3.2524070739746094
3.233243465423584
3.2567121982574463
3.204224109649658
3.2150444984436035
3.2225654125213623
3.228522300720215
3.2274978160858154
3.2277235984802246
3.236877202987671
3.250232458114624
3.2370781898498535
3.2525441646575928
1.8014647960662842
1.9096662998199463
2.0483005046844482
2.1735880374908447
2.136805534362793
2.1505954265594482
2.130232095718384
2.118799924850464
2.149409294128418
2.1240768432617188
2.1316158771514893
2.118579864501953
