0
0
0
0
0
0
0
0
1.262797474861145
1.2531347274780273
0
0
0
0
0
3.4113855361938477
3.3408257961273193
3.3193140029907227
3.3365440368652344
3.3461177349090576
3.408546209335327
0
0
0
0
0
0
0
0
0
0
0
0
0
0
0
0
0
0
0
0
0
0
0
0
0
0
0
1.9730485677719116
1.9334794282913208
1.9085451364517212
1.8991962671279907
1.8904565572738647
1.8900909423828125
1.910767912864685
1.92900550365448
1.9795558452606201
3.4477219581604004
3.444108486175537
0
0
0
0
0
0
0
0
0
0
0
0
0
0
0
0
0
0
0
0
0
0
0
0
0
0
0
0
0
0
0
0
0
0
0
0
0
0
0
0
0
0
0
2.5726866722106934
0
0
0
0
0
0
0
0
0
0
0
0
0
0
0
0
0
0.7153729796409607
0.6796720623970032
0.6669448018074036
0.672498345375061
0.6612681746482849
0.6386555433273315
0.6563873291015625
0.6424949765205383
0.6369426250457764
0.6314724683761597
0.6230776309967041
0.6168845891952515
0.6251406073570251
0.6179603338241577
0.6258325576782227
0.6349925994873047
0.6266508102416992
0.6296670436859131
0.6384078860282898
0.655256450176239
0.663707435131073
0.6947343349456787
0.7287399768829346
0
2.164640188217163
0
0
0
0
0
0
0
0
0
0
0
0
0
0
0
0
0
0
0
0
0
0
0
0
0
0
3.3206496238708496
0
0
0
0
0
0
0
0
0
0
0
0
0
0
0
0
0
3.422147750854492
3.377924680709839
3.376472234725952
3.3955562114715576
3.4747931957244873
0
0
0
0
0
0
0
0
0
0
0
0
0
0
0
0
0
0
0
0
0
0
0
0
0
0
0
0
2.0683388710021973
2.0287671089172363
2.02199649810791
1.9967820644378662
2.002370595932007
2.005807876586914
2.0451886653900146
2.088407039642334
0
0
0
0
0
0
0
0
0
0
0
0
0
0
0
0
0
0
0
0
0
0
2.151658058166504
0
0
0
0
0
0
0
0
0
0
0
0
0
0
0
0
0
0
0
0
3.3319509029388428
3.2659921646118164
3.2538516521453857
3.2988009452819824
3.3210129737854004
0
0
0
0
0
0
0
0
0
0
0
0
0
0
0
0
0
0
0
0
1.9998279809951782
1.9819990396499634
1.9746322631835938
1.9398800134658813
1.9414877891540527
1.9495126008987427
1.9609882831573486
2.006169557571411
0
0
0
0
0
0
0
0
0
0
0
0
0
0
0
0
0
0
0
0
0
0
0
0
0
0
0
0
0
0
0
0
0
0
0
0
0
0
0
0
0
0
0
0
0
0
0
0
0
0
0
0
0
0
