1.648707389831543
1.6342414617538452
1.617051124572754
1.6137135028839111
1.6103179454803467
1.6340181827545166
1.647922396659851
1.6846147775650024
0
0
0
1.3328368663787842
1.302583932876587
1.3034605979919434
1.2656886577606201
1.2628058195114136
1.2752840518951416
1.268019676208496
1.2649751901626587
1.2761272192001343
1.2805211544036865
1.3052791357040405
1.320806860923767
1.3722429275512695
0
0
0
0
0
0
0
1.6283226013183594
1.591776967048645
1.5554835796356201
1.5488866567611694
1.535496711730957
1.5250282287597656
1.5316414833068848
1.5227150917053223
1.535459280014038
1.562004566192627
1.614990472793579
0
0
0
0
0
0
0
0
0
0
0
0
0
0
0
0
0
0
0
0
0
0
0
0
0
0
0
0
0
0
0
0
0
0
0
0
0
0
0
0
0
0
0
0
0
0
0
0
0
0
0
0
0
0
0
0
0
0
0
0
0
0
0
0
0
0
0
0
0
0
0
0
0
0
0
0
0
0
0
0
0
0
0
0
0
0
0
0
0
0
0
0
0
0
0
0
0
0
0
0
0
0
0
0
0
0
0
0
0
0
0
0
0
0
0
0
0
0
0
0
0
0
0
0
0
0
0
0
0
0
0
0
0
0
0
0
0
0
0
0
0
0
0
0
0
0
0
0
0
0
0
0
0
0
0
0
0
0
0
0
0
0
0
0
0
0
0
0
0
0
0
0
0
0
0
0
0
0
0
0
0
0
0
3.079909086227417
3.013824224472046
3.0140676498413086
3.040431261062622
3.0412349700927734
3.1045799255371094
3.4874045848846436
1.0759179592132568
1.0478875637054443
1.0170187950134277
1.0018513202667236
0.9852858185768127
0.9877216219902039
0.9843220710754395
0.9742839336395264
0.9607643485069275
0.9716916680335999
0.9738684296607971
0.9865678548812866
0.9974572062492371
1.0126875638961792
1.018123745918274
1.0636420249938965
0
0
0
0
0
0
0
0
0
0
0
0
0
2.6583614349365234
2.640324592590332
0.831273078918457
0.7883234024047852
0.7682044506072998
0.7406715154647827
0.7333567142486572
0.7139632105827332
0.7312702536582947
0.7127610445022583
0.6958406567573547
0.7154562473297119
0.708241879940033
0.7114242911338806
0.7233837246894836
0.7252101898193359
0.738179087638855
0.7370187640190125
0.7320188283920288
0.7522746324539185
0.7578291296958923
0.7877181768417358
0.8172470927238464
1.1947451829910278
1.197980284690857
1.205898642539978
1.201763391494751
1.1860110759735107
1.223168134689331
1.2325478792190552
1.2319860458374023
1.2850735187530518
0
0
0
0
0
0
0
0
0
0
3.470468282699585
3.473309278488159
3.4611976146698
0
0
0
0
0
0
0
0
0
0
0
0
0
0
0
0
0
0
0
0
0
0
0
0
0
0
0
0
0
0
0
0
0
0
0
0
0
0
0
0
0
0
0
0
0
0
0
0
0
0
0
1.7030508518218994
1.6583809852600098
1.641680121421814
