0
0
0
0
0
0
0
0
0
0
0
0
0
0
0
0
0
0
0
0
0
0
0
0
0
0
0
0
0
0
0
0
0
0
0
0
0
0
3.4845893383026123
0
0
0
0
0
0
0
0
1.689534306526184
1.7054368257522583
1.7207695245742798
1.7584432363510132
1.7872339487075806
1.813066840171814
1.8565897941589355
1.8666713237762451
1.9108089208602905
1.9554303884506226
1.9320100545883179
1.9067400693893433
1.8694078922271729
1.851675033569336
1.8391598463058472
1.795102834701538
1.7613404989242554
1.7531882524490356
1.7588919401168823
1.7246192693710327
1.7166939973831177
1.6930632591247559
1.6800516843795776
1.6617852449417114
1.6530176401138306
1.6338220834732056
1.6327556371688843
1.5998245477676392
1.573900580406189
1.5963839292526245
1.1488192081451416
1.177522897720337
1.2284655570983887
1.3109056949615479
1.4178903102874756
1.123415231704712
1.137189269065857
1.2481567859649658
1.322893500328064
1.450987696647644
1.5097732543945312
1.5155904293060303
1.4977277517318726
1.4885528087615967
1.5003454685211182
1.4798030853271484
1.4946590662002563
1.5044279098510742
1.4772886037826538
1.483361005783081
1.4879307746887207
1.4816169738769531
1.487431287765503
1.4935343265533447
1.4984307289123535
1.4915276765823364
1.5115599632263184
1.498940348625183
1.4974586963653564
1.497513771057129
1.5201168060302734
1.510337471961975
1.5231845378875732
1.5333974361419678
1.5418373346328735
1.5359677076339722
1.5438337326049805
1.5815049409866333
1.5527088642120361
1.575634479522705
1.5718635320663452
1.5903170108795166
1.590854287147522
1.5465333461761475
1.4849433898925781
1.421519160270691
1.3762820959091187
1.321219801902771
1.2845379114151
1.237988829612732
0
0
0
0
0
0
0
0
0
0
0
0
0
0
0
0
0
0
2.8893918991088867
0
0
0
0
0
0
0
0
0
0
0
0
0
0
0
0
0
0
0
0
0
0
0
0
0
0
0
3.1489107608795166
0
0
0
0
0
0.7334352731704712
0.7383098602294922
0.7182014584541321
0.7341066002845764
0.7315999865531921
0.7201080322265625
0.7281904220581055
0.7221026420593262
0.7245986461639404
0.7109556794166565
0.7230296730995178
0.7216905951499939
0.7187975645065308
0.7280181050300598
0.7371610999107361
0.742957353591919
0.7435852289199829
0.7181974053382874
0.7533304691314697
0.7501859664916992
0.7440711259841919
0.7537980675697327
0.7536988258361816
0.7425690293312073
0.761114776134491
0.7400646209716797
0.76416015625
0.7597014307975769
0.7738783359527588
0.7746796607971191
0.790685772895813
1.1960629224777222
1.2239558696746826
1.2455074787139893
1.2390096187591553
1.2616130113601685
1.2573754787445068
1.2856183052062988
1.2933316230773926
1.3014979362487793
1.3106095790863037
1.3247512578964233
1.3538298606872559
0
0
0
2.4854912757873535
2.5192630290985107
2.5488123893737793
2.5925683975219727
2.6202166080474854
2.66381573677063
2.724419116973877
2.6966891288757324
2.6444473266601562
2.590416669845581
2.5565319061279297
2.5170400142669678
2.4752092361450195
2.4540538787841797
2.4106626510620117
2.376244068145752
2.3597073554992676
1.824710488319397
1.8817771673202515
1.9270868301391602
1.977625846862793
2.0528745651245117
2.0892605781555176
2.273434638977051
2.2387115955352783
2.208012580871582
2.736392021179199
2.6945433616638184
2.675158739089966
2.672212839126587
2.657965898513794
0
0
0
0
0
0
0
0
0
0
0
0
0
0
0
0
0
0
0
0
0
0
0
0
0
0
0
0
0
3.2154476642608643
0
0
0
0
0
0
0
0
0
0
0
0
0
0
0
0
0
0
0
0
0
0
0
2.5870354175567627
2.6027426719665527
2.6068949699401855
1.7041398286819458
1.702077865600586
1.7057191133499146
1.7307571172714233
1.7143107652664185
1.7556906938552856
1.7457998991012573
1.740617036819458
1.7567157745361328
1.7678422927856445
1.7754391431808472
1.7856318950653076
1.7932205200195312
0
0
0
0
0
0
0
0
0
3.47298526763916
3.457041025161743
3.407219409942627
0
0
0
0
0
0
0
0
0
0
0
0
0
0
0
0
0
0
0
0
0
0
0
