0.25815922021865845
0.4252616763114929
0.408376544713974
0.42284417152404785
0.4039730429649353
0.39195820689201355
0.40284034609794617
0.4022948741912842
0.38705208897590637
0.37331217527389526
0.3622787892818451
0.35451510548591614
0.3496759235858917
0.359520822763443
0.34233149886131287
0.3488169312477112
0.3366907835006714
0.332060843706131
0.3453766703605652
1.1633036136627197
1.1857495307922363
1.2359434366226196
1.280658483505249
1.3235259056091309
1.3134609460830688
1.2940233945846558
1.279695987701416
1.265576720237732
1.2490280866622925
1.2714210748672485
1.242568850517273
1.2296323776245117
1.2311344146728516
1.2195899486541748
1.2209678888320923
1.2100145816802979
1.2194175720214844
1.2135800123214722
1.2218314409255981
1.2097463607788086
1.2218670845031738
2.4233829975128174
2.4962873458862305
2.5490293502807617
2.6366424560546875
0
0
0
0
0
0
0
0
0
0
0
0
0
0
0
0
0
0
0
0
0
0
0
0
0
0
0
0
0
0
3.046910047531128
2.3903450965881348
2.370856523513794
2.375366449356079
2.373502016067505
2.3912765979766846
2.384437322616577
2.394397735595703
2.405919313430786
2.4150679111480713
2.4459192752838135
0
0
0
0
0
0
0
0
0
3.37433123588562
3.4385180473327637
0
0
0
0
0
3.4742329120635986
3.448004961013794
3.3923890590667725
3.3529815673828125
3.327763557434082
3.2921011447906494
2.8058366775512695
2.908216953277588
2.997568130493164
2.6928083896636963
2.80320143699646
2.9165031909942627
3.045914649963379
3.0309090614318848
3.014688730239868
3.002063274383545
2.9598405361175537
2.9650464057922363
2.9274790287017822
2.9158456325531006
2.913647174835205
2.8856117725372314
2.875516176223755
2.8679630756378174
2.859010934829712
2.863816499710083
2.846296548843384
2.843250036239624
2.4244544506073
2.7687313556671143
2.980348825454712
2.9788050651550293
2.959040403366089
2.973588466644287
1.5113506317138672
1.4627386331558228
1.4297025203704834
1.3842980861663818
1.3665798902511597
1.3417338132858276
1.303139567375183
1.2673380374908447
1.2441223859786987
1.2230106592178345
1.1800509691238403
1.175214171409607
1.805809736251831
1.7876356840133667
1.7613011598587036
1.7494264841079712
1.7056825160980225
1.6565388441085815
1.65629243850708
1.6244598627090454
1.594928503036499
1.5887142419815063
1.5529148578643799
1.5405863523483276
1.5391044616699219
0
0
0
0
0
0
0
0
0
0
0
0
0
0
0
0
0
0
0
0
0
0
0
0
0
0
0
0
0
0
0
0
2.8455307483673096
2.824134588241577
2.795344591140747
2.7471492290496826
2.7295010089874268
2.6997640132904053
2.6738390922546387
2.6888492107391357
2.7661292552948
2.530637502670288
2.492840051651001
2.4916326999664307
2.4774322509765625
2.4503045082092285
2.4439470767974854
2.4117743968963623
2.398094892501831
3.3340930938720703
3.3170623779296875
3.3105599880218506
3.3101179599761963
3.2821786403656006
0
0
0
0
0
0
0
0
0
0
0
0
0
0
0
0
0
0
0
0
0
0
0
0
0
0
0
0
0
0
0
0
0
0
0
0
0
0
0
0
0
0
0
0
0
0
2.9956893920898438
2.755485773086548
2.764241933822632
2.788304328918457
0.29542654752731323
0.2772648334503174
0.29957130551338196
0.25842854380607605
0.29135262966156006
0.28141504526138306
0.26343369483947754
0.263785183429718
0.25552189350128174
0.2618778347969055
0.24317528307437897
0.22477078437805176
0.2391182780265808
0.24159932136535645
0.21540628373622894
0.22158949077129364
0.22576598823070526
0.2198108583688736
0.21797896921634674
0.22207920253276825
0.20968462526798248
0.2014213651418686
0.22376632690429688
0.18486711382865906
0.2086455374956131
0.19861792027950287
0.1978273242712021
0.212943434715271
0.1959153264760971
0.2147897183895111
0.1795974224805832
0.1972411572933197
0.19189034402370453
0.2025241255760193
0.21277162432670593
0.16709540784358978
0.1994720697402954
0.18562765419483185
0.18619143962860107
0.1997503936290741
0.1783839464187622
0.18553130328655243
0.19296957552433014
0.175276517868042
0.1858455091714859
0.20100350677967072
0.17871901392936707
0.18196572363376617
0.18581025302410126
0.17891035974025726
0.19753965735435486
0.1854795515537262
0.1982927918434143
0.1816612333059311
0.17169924080371857
0.1740640103816986
0.1819373518228531
0.1811913102865219
0.1746981143951416
0.20272670686244965
0.17877653241157532
0.19246906042099
0.18055827915668488
0.1803482323884964
0.19265085458755493
0.18154793977737427
0.1728430986404419
0.19393393397331238
0.1711648404598236
0.1989918202161789
0.2025899887084961
0.199971005320549
0.20302608609199524
0.18773816525936127
0.20226621627807617
0.20916981995105743
0.19856218993663788
0.2067219763994217
0.2088821530342102
0.2106577455997467
0.20925214886665344
0.22268089652061462
0.2190033197402954
0.1965067982673645
0.21416161954402924
0.1913374811410904
0.21299710869789124
0.22155971825122833
0.22774673998355865
0.215069979429245
0.21695001423358917
0.22931312024593353
0.23483121395111084
0.2370588332414627
0.23232728242874146
