0
0
0
0
0
0
0
0
0
0
0
0
0
0
0
0
0
0
0
0
0
0
0
0
0
0
0
2.712456703186035
2.666757822036743
1.247796893119812
1.2124123573303223
1.2049314975738525
1.1849437952041626
1.1534463167190552
1.1567962169647217
1.138183832168579
1.1466124057769775
1.171166181564331
1.170496940612793
1.181871771812439
1.1941882371902466
1.2005116939544678
1.2451465129852295
0
0
0
0
0
0
0
0
0
0
0
0
0
0
0
0
0
0
0
0
0
0
0
0
2.8814680576324463
2.8625104427337646
2.831448793411255
2.870598077774048
2.875302314758301
2.910935878753662
0
0
0
0
0
1.351133108139038
1.329851508140564
1.2964633703231812
1.2990654706954956
1.2761454582214355
1.2611407041549683
1.2764889001846313
1.2608484029769897
1.2857435941696167
1.2909433841705322
1.3173280954360962
1.358581781387329
0
0
0
0
0
0
0
0
0
0
0
0
0
0
0
0
2.6006877422332764
2.5745739936828613
2.5565052032470703
2.5320286750793457
2.5336906909942627
2.571241855621338
2.621844530105591
0
0
0
0
0
0
0
0
0
0
0
0
3.355173349380493
3.3034753799438477
3.315904140472412
3.354599952697754
3.4424703121185303
0
0
0
0
0
0
0
0
0
0
0
0
0
0
0
0
0
0
0
2.3644979000091553
2.282303810119629
2.2472925186157227
2.232300281524658
2.2287867069244385
2.2416574954986572
2.277977466583252
2.328594446182251
0
0
0
0
0
0
0
0
0
0
0
0
0
0
0
0
3.476423978805542
3.459162473678589
0.6137442588806152
0.5723567605018616
0.5485279560089111
0.5357850193977356
0.5230764746665955
0.5111660957336426
0.5063531994819641
0.5044358372688293
0.5038290619850159
0.4734460711479187
0.48932603001594543
0.48158854246139526
0.47209951281547546
0.48602917790412903
0.4795287251472473
0.4836989641189575
0.49863356351852417
0.48145848512649536
0.5043591260910034
0.4775224030017853
0.4905690848827362
0.5183079838752747
0.529967188835144
0.5087287425994873
0.5225178599357605
0.5123177170753479
0.5429987907409668
0.58207106590271
0.5903000235557556
0
0
0
0
0
0
0
0
0
0
0
0
0
0
0
0
0
0
0
0
0
0
0
0
0
0
0
0
0
0
0
0
0
0
0
0
0
0
0
0
0
0
0
0
0
0
0
0
2.297581195831299
2.2175636291503906
2.1924431324005127
2.175675868988037
2.1818015575408936
2.199336290359497
2.2103707790374756
2.2550578117370605
0
0
0
0
0
0
0
0
0
0
0
0
0
0
0
0
0
0
0
0
0
0
0
0.8205742835998535
0.7848954200744629
0.7365981340408325
0.7336655259132385
0.7142911553382874
0.7219921350479126
0.7039898037910461
0.6927072405815125
0.6938344836235046
0.6981406807899475
0.6910325288772583
0.7048285007476807
0.7075107097625732
0.6889538168907166
0.7179915904998779
0.7085850238800049
0.7381719350814819
0.722223699092865
0.735032856464386
0.7534645795822144
0.7607784271240234
0.8000986576080322
0
0
0
0
0
0
0
0
0
0
0
0
0
0
0
0
0
0
0
0
0
0
0
0
0
0
0
0
0
0
1.387778401374817
1.3181864023208618
1.2979357242584229
1.291175127029419
1.2795571088790894
1.2818632125854492
1.286402940750122
1.2845035791397095
1.2621420621871948
1.2969481945037842
1.2992581129074097
1.3134008646011353
1.3773247003555298
0
0
0
0
0
0
0
0
0
0
0
0
