1.3231648206710815
1.2850900888442993
1.2644842863082886
1.263993263244629
1.2439671754837036
1.2236589193344116
1.18986976146698
1.1763458251953125
0.6662277579307556
0.6677810549736023
0.6804238557815552
0.6869506239891052
0.6982463002204895
0.7100973129272461
0.7314069271087646
0.765597403049469
0.8063810467720032
0.8002774715423584
0.8392341732978821
0.8605967164039612
0.8821942210197449
0.9373899698257446
0.9611777067184448
2.6387343406677246
2.674025535583496
2.6834142208099365
2.6774394512176514
2.6699814796447754
2.680835008621216
2.698732376098633
2.7022597789764404
2.703834056854248
2.7227084636688232
2.750520706176758
2.767123222351074
2.769923448562622
2.7622439861297607
2.7940895557403564
2.8043999671936035
2.7803454399108887
2.6382596492767334
2.5346131324768066
2.473864793777466
2.6391468048095703
2.5401666164398193
2.98272705078125
3.0186033248901367
3.0281929969787598
3.050142765045166
3.0770702362060547
3.1191041469573975
3.1419873237609863
3.156954526901245
3.2254366874694824
3.2499494552612305
3.293715476989746
3.2557694911956787
3.2032833099365234
3.1297242641448975
3.0810415744781494
3.0274648666381836
3.1810457706451416
3.1329410076141357
3.0850160121917725
0
0
0
0
0
0
0
0
0
0
2.0502138137817383
1.9770811796188354
1.9383330345153809
1.9001719951629639
1.8182108402252197
1.7660223245620728
1.7265121936798096
1.7154176235198975
1.6665985584259033
1.6461418867111206
1.5885964632034302
1.5604126453399658
1.546095609664917
1.5078623294830322
1.4846744537353516
1.4559088945388794
1.4273149967193604
1.4009454250335693
1.3698766231536865
1.3889954090118408
1.422836422920227
1.4747563600540161
1.4725124835968018
1.532785415649414
1.5816936492919922
1.6284003257751465
1.6661291122436523
1.6773985624313354
3.0687084197998047
3.0562191009521484
3.0480141639709473
3.0322463512420654
3.0394127368927
3.0577054023742676
3.0298919677734375
3.042692184448242
3.0345816612243652
3.048687219619751
3.0264976024627686
3.029515027999878
3.046193838119507
2.705205202102661
3.190380573272705
3.2103586196899414
2.906156063079834
2.642338514328003
3.043168306350708
3.0564451217651367
3.0975592136383057
3.092867136001587
3.1005494594573975
3.124768018722534
3.1464710235595703
3.1639504432678223
3.171184539794922
3.1935267448425293
3.2250421047210693
3.2562897205352783
3.276094436645508
3.296313524246216
3.2169814109802246
3.091207504272461
2.9839231967926025
0
0
0
0
0
0
0
0
0
0
0
0
0
0
0
2.4057130813598633
2.384014368057251
2.383391857147217
2.3737850189208984
2.34291672706604
2.34256911277771
2.321711540222168
2.3436129093170166
2.324676513671875
2.342664957046509
2.3002641201019287
2.792482614517212
0
0
0
0
0
0
0
0
0
0
0
0
0
0
0
0
0
0
0
0
0
0
0
0
0
0
0
0
0
0
0
0.48437386751174927
0.4807675778865814
0.4848836362361908
0.49184030294418335
0.5085218548774719
0.4950539469718933
0.48942580819129944
0.4840969443321228
0.48435595631599426
0.47212284803390503
0.4967067837715149
0.4901239573955536
0.4985843002796173
0.4947168827056885
0.5085693597793579
0.47591811418533325
0.49288371205329895
0.4899230897426605
0.498651921749115
0.49789929389953613
0.5001777410507202
0.5053092241287231
0.5004816055297852
0.5058690905570984
0.5212522745132446
0.5335869789123535
0.5189212560653687
0.5449098944664001
0.5282824039459229
0.5297393798828125
0.5394325852394104
0.5752949714660645
0.5416579246520996
0.5622513294219971
0.5645570755004883
0.5672398805618286
0.5637199878692627
0.5888322591781616
0.578457236289978
0.5927500128746033
0.5975080728530884
0.764010488986969
0.7502188086509705
0.7127572298049927
0.7273509502410889
0.7178269624710083
0.6964446306228638
0.6624011397361755
0.6665843725204468
0.674894392490387
0.7087118029594421
0.439007431268692
0.4252789616584778
0.4110811948776245
0.4202268421649933
0.43135687708854675
0.4190100133419037
0.4107283353805542
0.412038654088974
0.3993067443370819
0.37799325585365295
0.3757573366165161
0.3611152172088623
0.38044115900993347
0.3761437237262726
0.37819626927375793
0.37358278036117554
0.3554958999156952
0.348938524723053
0.3412712812423706
0.35520830750465393
0.33839836716651917
0.3414180278778076
0.33637750148773193
0.32486245036125183
0.32131555676460266
0.3522872030735016
0.31831949949264526
0.3463565707206726
0.3217381238937378
0.3312697410583496
0.32066699862480164
0.33413243293762207
0.3122107684612274
0.3317969739437103
0.3344036340713501
0.32398688793182373
0.32536566257476807
0.3473564386367798
0.32751891016960144
0.3293405771255493
0.3273898661136627
0.3408657908439636
0.3191526234149933
0.32514816522598267
0.33034783601760864
0.32759225368499756
0.32924970984458923
0.3221070468425751
0.3347705006599426
0.31748706102371216
0.3071441650390625
0.31100794672966003
0.3389280140399933
0.3260258436203003
0.3199346959590912
0.3224118947982788
0.33560895919799805
0.32514914870262146
0.3371694087982178
0.3265610635280609
0.3255295753479004
0.33838608860969543
0.3489118814468384
0.3383203148841858
0.3286973536014557
0.3460085690021515
0.3648086190223694
0.35582080483436584
0
0
0
0
0
0
0
0
2.751601457595825
0
0
0
0
0
0
0
0
0
0
0
0
0
0
1.405961513519287
1.4058173894882202
1.413189172744751
1.4304474592208862
1.4395785331726074
1.4514856338500977
1.46589994430542
1.485503077507019
1.494993805885315
1.5098581314086914
1.5249264240264893
1.5474231243133545
1.559741497039795
1.5712544918060303
1.5870260000228882
1.5369912385940552
1.4953739643096924
1.4477647542953491
1.423783540725708
1.4056340456008911
1.379866600036621
1.3379420042037964
1.3280553817749023
