1.638460397720337
1.6482847929000854
1.6376498937606812
1.6427276134490967
1.6353691816329956
1.648099422454834
1.6546461582183838
1.648351788520813
1.655721664428711
1.6631944179534912
1.657581090927124
1.657596468925476
1.65546452999115
1.6932928562164307
1.9354896545410156
1.8032015562057495
1.6740978956222534
1.6735892295837402
2.151036262512207
2.144993782043457
2.165729284286499
2.1853349208831787
2.1868133544921875
2.2007253170013428
2.2093875408172607
2.2095890045166016
2.133441686630249
2.0670008659362793
1.9838727712631226
1.9425976276397705
1.860182285308838
1.837530255317688
0
0
0
0
0
0
0
0
0
0
0
0
0
0
0
0
0
0
0
0
0
0
3.2303624153137207
3.300969362258911
3.160543441772461
3.2497150897979736
3.3254506587982178
3.414992094039917
3.473867416381836
3.4413318634033203
3.4006588459014893
3.3561649322509766
3.3380255699157715
3.3067116737365723
3.2896950244903564
3.2692692279815674
3.2540252208709717
3.220416784286499
3.170370578765869
3.166494607925415
2.7697360515594482
2.951554775238037
0
0
0
0
0
0
0
0
0
0
0
1.689513921737671
1.6900274753570557
0
0
0
0
0
0
0
0
0
0
0
0
0
0
0
0
0
0
0
0
0
0
0
0
0
0
0
0
0
0
0
0
0
0
0
0
0
0
0
2.4577558040618896
2.2779786586761475
2.701791524887085
2.724734306335449
2.7307896614074707
2.7453219890594482
2.7779440879821777
2.7921741008758545
2.8050150871276855
2.8114171028137207
2.8532450199127197
2.864194393157959
1.058295488357544
1.068800926208496
1.0848302841186523
1.0858941078186035
1.0866953134536743
1.1079236268997192
1.1174205541610718
1.1237421035766602
1.1364237070083618
1.1536593437194824
1.138870120048523
1.1606431007385254
1.1976290941238403
1.203338861465454
1.1980432271957397
1.229732632637024
1.2725225687026978
1.277268409729004
1.238347053527832
1.2232223749160767
1.171752691268921
1.1484692096710205
1.1531442403793335
1.1278542280197144
1.1097204685211182
1.1015762090682983
1.065473198890686
1.0559730529785156
1.0441750288009644
1.03390634059906
1.0118284225463867
1.0078909397125244
0.9724025726318359
0.9603877663612366
0.9563900828361511
0.9530907273292542
0.9375094175338745
0.9368102550506592
0.9134589433670044
0.9011876583099365
0.8982546329498291
0.8910545706748962
0.8657271862030029
0.8686147928237915
0.8703520894050598
0.8704513907432556
0.8647520542144775
0.8702035546302795
0.830924391746521
0.8493489027023315
0.8323983550071716
0.8235167860984802
0.830043375492096
0.8239574432373047
0.4028680622577667
0.40726786851882935
0.41759049892425537
0.4507561922073364
0.5119601488113403
0.5172398686408997
0.6116469502449036
0.7020091414451599
3.413292169570923
3.4547269344329834
3.463552474975586
3.4983651638031006
0
0
0
0
3.4017271995544434
3.3055241107940674
0
0
0
0
0
0
0
0
0
0
0
0
0
0
0
0
0
0
0
0
0
0
0
0
0
0
0
0
0
0
0
0
0
0
0
0
0
0
0
0
0
0
0
2.669273853302002
2.8003923892974854
2.99347186088562
3.058803081512451
3.0280354022979736
3.0365378856658936
3.0102171897888184
3.0160627365112305
2.9796929359436035
2.981266736984253
2.978985071182251
2.981631278991699
2.979597568511963
2.9710142612457275
2.9669551849365234
2.9776930809020996
2.969863176345825
2.986246347427368
2.96384596824646
2.894336462020874
3.064953327178955
3.068598747253418
2.6029999256134033
3.010546922683716
3.0179052352905273
3.010483503341675
3.01933217048645
3.0472419261932373
3.0472142696380615
3.0755858421325684
3.094025135040283
3.1019861698150635
3.104886770248413
3.134284019470215
3.1471598148345947
3.174208402633667
3.2038304805755615
3.2071361541748047
3.107647180557251
2.9779679775238037
2.8627407550811768
0
0
0
0
0
0
0
0
0
0
0
0
0
0
2.0639145374298096
2.0093955993652344
1.9757105112075806
1.9432148933410645
1.8985786437988281
1.8762377500534058
1.8154851198196411
1.7941609621047974
1.8004637956619263
1.8102911710739136
1.8499345779418945
1.869949460029602
1.9187685251235962
1.9752172231674194
2.020704984664917
2.063046455383301
2.0978074073791504
2.1546404361724854
2.0282678604125977
1.9922503232955933
1.979995846748352
1.9392484426498413
1.9300657510757446
1.9102215766906738
1.8998302221298218
1.888232707977295
1.86663019657135
1.8591502904891968
2.7956290245056152
2.781543254852295
2.7735636234283447
2.739260196685791
2.7479217052459717
2.736403226852417
2.6913576126098633
2.7125909328460693
0
0
0
0
0
0
0
0
0
0
0
0
0
0
0
1.629390835762024
