0
0
0
0
0
1.5053691864013672
1.4844543933868408
1.4820793867111206
1.4819473028182983
1.475658893585205
1.460912823677063
1.4788247346878052
1.4634459018707275
1.4763462543487549
1.462160587310791
1.4697355031967163
1.463196873664856
1.4790334701538086
1.4580988883972168
1.4543696641921997
1.472701072692871
0
0
0
0
0
3.383568525314331
3.3444786071777344
3.334167957305908
3.3410685062408447
3.373025894165039
0
0
0
0
0
0
0
1.6881028413772583
1.6417279243469238
1.589093804359436
1.5934487581253052
1.555006504058838
1.5759061574935913
1.5538090467453003
1.5678149461746216
1.593969702720642
1.6062414646148682
1.6316319704055786
0
0
0
0
0
0
0
2.7667202949523926
2.703752279281616
2.7043874263763428
2.7047159671783447
2.711442708969116
2.7424163818359375
0
0
0
0
0
0
0
0
0
0
0.642978310585022
0.6162808537483215
0.6071904301643372
0.5922586917877197
0.6140845417976379
0.5942227840423584
0.5793885588645935
0.5712513327598572
0.5733479261398315
0.5710498690605164
0.572058379650116
0.5664275288581848
0.5811076760292053
0.5634446144104004
0.5714547038078308
0.5611046552658081
0.5832701921463013
0.5666738748550415
0.5655182003974915
0.5866409540176392
0.5954934358596802
0.5938634276390076
0.624781608581543
0.6294739842414856
0.6738879084587097
3.111114263534546
0
0
0
0
0
0
0
0
0
0
0
0
0
0
0
0
0
0
0
0
0
0
0
0
0
0
2.139004945755005
2.066990852355957
2.0542213916778564
2.034290075302124
2.040337562561035
2.0347142219543457
2.0594003200531006
2.07403302192688
0
0
0
0
0
0
0
0
0
0
0
0
0
0
0
0
0
2.88625168800354
2.8443493843078613
2.8317465782165527
2.854743003845215
2.8734240531921387
0
0
0
0
0
0
0
0
0
0
0
0
0
0
0
1.7178221940994263
1.6645394563674927
1.618270754814148
1.606589436531067
1.602994680404663
1.5910032987594604
1.5806937217712402
1.610140085220337
1.6171954870224
1.6718909740447998
0
2.8060271739959717
2.7461585998535156
2.7287776470184326
2.741443157196045
2.740609884262085
2.7758665084838867
0
2.021099090576172
2.0212841033935547
2.022700071334839
1.993039608001709
1.9968163967132568
2.00628399848938
2.0305943489074707
1.9939923286437988
2.001753807067871
2.013719320297241
1.9915611743927002
2.009220600128174
0
0
0
0
0
0
0
0
0
0
0
0
0
0
0
0
0
0
0
0
0
0
0
0
0
0
0
0
0
0
0
0
0
0
0
0
0
0
0
0
0
0
0
0
0
0
0
0
0
0
0
0
0
0
0
0
0
0
0
0
0
0
0
0
0
0
0
0
0
0
0
0
0
0
0
0
0
0
0
0
0
0
0
0
0
0
0
0
0
0
0
0
0
0
0
0
0
0
0
0
0
0
0
0
0
0
0
0
0
0
0
0
0
0
0
0
0
0
0
0
0
0
0
0
0
0
0
0
0
0
0
0
0
0
0
0
0
0
0
0
0
0
0
0
0
0
0
0
0
0
0
0
0
0
0
0
0
0
0
0
0
