0
0
0
0
0
0
0
0
0
0
0
0
0
0
0
0
0
0
2.071558713912964
2.0192551612854004
2.0020010471343994
2.001692056655884
1.9854134321212769
1.9808759689331055
1.991822600364685
2.0143465995788574
2.0748658180236816
0
0
0
0
0
0
0
0
0
0
0
0
0
0
0
0
0
0
3.1949777603149414
3.1241626739501953
3.092416286468506
3.1105620861053467
3.1218457221984863
3.194037914276123
0
0
0
0
0
0
0
0
0
0
0
0
0
0
0
0
0
0
0
0
0
0
0
0
0
0
0
0
0
3.4713878631591797
3.450507402420044
3.458481550216675
3.5
0
0
0
0
0
0
0
0
0
0
0
0
0
0
0
0
0
0
0
0
0
0
0
0
0
0
0
0
0
0
0
0
0
0
0
0
0
0
0
0
0
0
0
0
0
0
0
0
0
0
0
0
0
0
0
0
0
0
0
0
0
1.8933861255645752
1.8535981178283691
1.8323787450790405
1.8057173490524292
1.79151451587677
1.7932699918746948
1.795558214187622
1.8245325088500977
1.8540323972702026
3.1752421855926514
3.164992570877075
3.1418745517730713
3.1266307830810547
3.0997540950775146
3.07564377784729
3.051624298095703
3.036531925201416
3.0225422382354736
3.001518726348877
2.9818570613861084
2.9835927486419678
2.9764809608459473
2.9523048400878906
2.9428205490112305
2.9108006954193115
2.9259018898010254
2.9037978649139404
2.902954578399658
2.899726152420044
2.879448413848877
2.884920835494995
2.889204263687134
0
2.877617597579956
2.853212833404541
2.8509905338287354
2.8508687019348145
2.8553550243377686
2.836768627166748
2.8651533126831055
2.8679254055023193
2.8966031074523926
2.8844523429870605
2.886334180831909
2.8943886756896973
2.898021936416626
2.908409595489502
2.9245705604553223
2.9493937492370605
2.930612802505493
2.961289644241333
2.9826653003692627
3.0062074661254883
3.0041937828063965
3.032088041305542
3.0537195205688477
3.066037178039551
3.095792293548584
3.101543664932251
3.1267004013061523
3.172476053237915
3.205641984939575
3.214721202850342
3.2526001930236816
3.2868168354034424
3.303818941116333
3.3352160453796387
3.377655029296875
3.4222097396850586
0.7168740630149841
0.6831881999969482
0.684968888759613
0.673741340637207
0.6720579266548157
0.6568827033042908
0.6431540250778198
0.62421053647995
0.6462029814720154
0.628689706325531
0.6385679244995117
0.6299545168876648
0.6424107551574707
0.6350883841514587
0.6425610780715942
0.6240655183792114
0.6515190005302429
0.6608837246894836
0.6535515785217285
0.6811531186103821
0.6928108334541321
0.6937678456306458
0.749136745929718
0
0
0
0
0
0
0
0
0
0
0
0
0
0
0
0
0
0
0
0
0
0
0
0
0
0
0
0
0
0
0
0
0
0
0
2.491986036300659
2.4339542388916016
2.389183521270752
2.380384683609009
2.4023237228393555
2.3975107669830322
2.446349620819092
2.904024124145508
2.887030839920044
2.870393753051758
2.882535219192505
2.8815062046051025
2.542081356048584
2.4480202198028564
2.411669969558716
2.422452211380005
2.4069631099700928
2.4089291095733643
2.4414734840393066
2.525938034057617
0
0
0
0
0
0
0
0
3.289623498916626
3.235471248626709
3.227419376373291
3.2346386909484863
3.2639293670654297
3.328320264816284
0
0
0
0
0
0
0
0
0
0
0
0
0
0
0
1.9211125373840332
1.841768741607666
1.7921069860458374
1.7973946332931519
1.7831895351409912
1.797715663909912
1.7941426038742065
1.8127321004867554
1.8301554918289185
1.886889100074768
0
0
0
0
0
0
0
0
0
0
0
0
0
0
0
0
0
0
0
0
0
0
0
0
0
0
0
0
0
