1.3824124336242676
1.3983218669891357
1.385749340057373
1.3670623302459717
1.378205418586731
1.396257996559143
1.398738980293274
1.4061840772628784
1.4006359577178955
1.3951934576034546
1.4101839065551758
1.4277764558792114
1.405618667602539
1.4411944150924683
1.4413255453109741
1.4285317659378052
1.441059947013855
1.4465137720108032
1.4728760719299316
1.4831961393356323
1.468660831451416
1.4917449951171875
1.4998656511306763
1.5107879638671875
1.5155088901519775
1.5324329137802124
1.5317412614822388
1.5592060089111328
1.5653835535049438
1.5817844867706299
1.5852235555648804
1.6249847412109375
1.6444779634475708
1.6527286767959595
1.6670435667037964
1.7008060216903687
1.7073150873184204
1.7373465299606323
1.7667384147644043
1.791678547859192
1.814064621925354
1.8342745304107666
1.868855595588684
1.8885987997055054
1.9266302585601807
1.959171175956726
2.007195234298706
2.0385098457336426
2.0776352882385254
2.110741138458252
2.194605588912964
2.2386574745178223
2.2830138206481934
2.318376302719116
2.3898918628692627
2.455106258392334
2.511577844619751
2.569232225418091
2.6547634601593018
2.728793144226074
2.8054897785186768
2.9057559967041016
2.9883131980895996
3.0824601650238037
3.19980525970459
3.330589771270752
3.439470052719116
0
0
0
0
0
0
0
0
0
0
0
0
0
0
0
0
0
0
0
0
0
0
0
0
0
0
0
0
0
0
0
0
0
0
0
0
0
0
0
0
0
0
0
0
0
0
0
0
0
0
0
0
0
0
0
1.0477030277252197
1.0036171674728394
0.9963364601135254
1.0136841535568237
0
0
0
0
0
3.074218273162842
3.004103660583496
2.9894683361053467
2.967280149459839
2.9874351024627686
3.016115665435791
0
0
0
0
0
0
0
0
0
0
0
0
0
0
0
0
0
0
0
0
0
0
0
0
0
0
0
2.8777389526367188
2.7892961502075195
2.7691948413848877
2.7529561519622803
2.7636284828186035
2.795413017272949
0
0
0
0
0
0
0
0
0
0
1.1477580070495605
1.1066665649414062
1.0798548460006714
1.0622925758361816
1.0572541952133179
1.049001932144165
1.0512781143188477
1.0566126108169556
1.0646778345108032
1.0592286586761475
1.0630043745040894
1.077301025390625
1.1101551055908203
1.1321144104003906
1.1699297428131104
0
0
0
0
0
0
0
0
2.776454448699951
0
0
0
0
0
0
0
0
0
0
0
0
0
0
0
0
0
0
0
0
0
0
0
0
0
0
0
0
0
0
0
2.1684141159057617
2.1277101039886475
2.092698335647583
2.085822105407715
2.0951008796691895
2.0981760025024414
2.1279654502868652
2.1482038497924805
0
0
0
0
0
0
0
0
0
0
0
0
0
0
0
0
0
0
0
0
0
0
0
0
0
0
0
3.3968851566314697
3.3582587242126465
3.346388101577759
3.3407042026519775
3.3643455505371094
0
0
0
0
0
0
0
0
0
0
0
0
0
0
0
0
0
0
3.493856906890869
3.3427414894104004
3.253603458404541
3.117337226867676
3.0262913703918457
2.905780553817749
2.830073595046997
2.7446165084838867
2.6576390266418457
2.5908751487731934
2.537118911743164
2.4429852962493896
2.3926591873168945
2.341779947280884
2.2838616371154785
2.2262048721313477
2.1847660541534424
2.145814895629883
2.091400146484375
2.063755512237549
2.022186279296875
1.978392243385315
1.9444056749343872
1.9107444286346436
1.8903971910476685
1.846621036529541
1.8091917037963867
1.7924375534057617
1.7386677265167236
1.746970534324646
1.7247451543807983
1.7027127742767334
1.6703300476074219
1.6634082794189453
1.6206132173538208
1.633568286895752
1.5913854837417603
1.5838731527328491
1.5631577968597412
1.5583175420761108
1.5358082056045532
1.5419182777404785
1.5199285745620728
1.5086714029312134
1.5051487684249878
1.4957274198532104
1.4841614961624146
1.4875026941299438
1.4687657356262207
1.444384217262268
1.4200454950332642
1.4634406566619873
1.442779779434204
1.423826813697815
1.4187437295913696
1.4166687726974487
1.4147518873214722
1.399987816810608
1.4059127569198608
1.3818321228027344
1.3921546936035156
1.3695532083511353
1.405096173286438
1.390698790550232
1.3990012407302856
1.3783835172653198
1.383337140083313
