2.684356451034546
2.742783308029175
0
0
0
0
0
0
0
0
0
0
0
0
0
0
1.5006084442138672
1.4246001243591309
1.4137094020843506
1.3904238939285278
1.3657119274139404
1.369753360748291
1.3850181102752686
1.3875795602798462
1.3852088451385498
1.3765462636947632
1.399833083152771
1.4457247257232666
1.5040174722671509
2.6597628593444824
2.6561648845672607
2.6492257118225098
2.6439061164855957
2.6636898517608643
2.7673914432525635
0
0
0
0
0
0
0
0
0
0
0
0
0
0
0
0
0
0
0
0
0
0
0
1.3032549619674683
1.316016674041748
1.2986887693405151
1.3214119672775269
1.3169529438018799
1.3315894603729248
1.3365230560302734
1.362633466720581
1.3590195178985596
1.3753306865692139
1.3729043006896973
1.382800579071045
1.4128618240356445
1.4003819227218628
1.4283533096313477
1.3998863697052002
1.3856801986694336
1.3607059717178345
1.3026646375656128
1.2659809589385986
1.2267005443572998
1.2008025646209717
1.1864113807678223
0.47782930731773376
0.4632224142551422
0.4574309289455414
0.470752477645874
0.468522310256958
0.47655028104782104
0.42407163977622986
0.4239920973777771
0.4107198119163513
0.44120678305625916
0.45339852571487427
0.45762690901756287
0.4693940579891205
0.47111549973487854
0.47792214155197144
0.4945799708366394
0.4902459681034088
0.5160611867904663
0.5159081220626831
0.5408329963684082
0.5588502883911133
0.5827867984771729
0.580736517906189
0.5900332927703857
0.6190775632858276
0.6303125023841858
0.6457768082618713
0.6914618611335754
0.697086751461029
0.7147620916366577
0.7511071562767029
0.7213143706321716
0.7386468648910522
0.710533857345581
0.7110891342163086
0.739460825920105
0.726223886013031
0.7099713087081909
0.7139884829521179
0.6974930167198181
0.704218327999115
0.711155116558075
0.6983048319816589
0.6880807876586914
0.6916381120681763
0.6608127951622009
0.6889105439186096
0.684390127658844
0.6848423480987549
0.6887325644493103
0.6787043213844299
0.6756073832511902
0.6909294128417969
0.7002403140068054
0.6854444742202759
0.6682749390602112
0.6943044066429138
0.6887115240097046
0.6730755567550659
0.6672179698944092
0.6895729899406433
0.6958028674125671
0.6957016587257385
0.6948768496513367
0.6864996552467346
0.7327569127082825
0.6958610415458679
0.685879647731781
0.7087158560752869
0.7086705565452576
0.6920956373214722
0.7208173871040344
0.7299091815948486
0.7154361605644226
0.7432337999343872
0.7389594316482544
0.7399908304214478
0.7420808672904968
0.7385686635971069
0.76752108335495
0.7680993676185608
0.7725233435630798
0.7799736261367798
0.75465327501297
0.8050277233123779
0.799252986907959
0.8052217364311218
0.827357828617096
0.8309733867645264
0.8319979310035706
0.8411792516708374
0.8613254427909851
0.8775986433029175
0.8795103430747986
0.8823076486587524
0.8655396699905396
0.861501932144165
0.8390030860900879
0.8161018490791321
0.795659601688385
0.7787216305732727
0.8104604482650757
0.7652314305305481
0.7640284895896912
0.7664923071861267
0.7356505393981934
0.7240107655525208
0.7066543102264404
0.7153441309928894
0.711652934551239
0.6861546039581299
0.7066034078598022
0.6705653071403503
0.6668347716331482
0.6682427525520325
0.6705194115638733
0.6497465968132019
0.642627477645874
0.7136073708534241
0.7030251622200012
0.6920483708381653
1.665743350982666
1.6684764623641968
1.6406288146972656
1.6577175855636597
1.6279457807540894
1.635162591934204
1.6081912517547607
1.609371542930603
1.588234543800354
1.5914616584777832
1.5832011699676514
1.576083779335022
1.5813870429992676
0
0
0
2.4088497161865234
2.354494094848633
2.318521022796631
2.3074045181274414
2.3049204349517822
2.298574447631836
2.340282678604126
2.409916639328003
0
0
0
0
0
0
0
2.4096081256866455
2.360729932785034
2.3239874839782715
2.3301451206207275
2.3058359622955322
2.3336198329925537
2.362764596939087
2.4382030963897705
0
1.3467282056808472
1.3191808462142944
1.3002516031265259
1.2735563516616821
1.2572427988052368
1.260091781616211
1.2444586753845215
1.2606052160263062
1.2669421434402466
1.259724497795105
1.271020531654358
1.2897112369537354
1.3207576274871826
0
0
0
0
0
0
0
3.0732522010803223
3.0284886360168457
3.026034355163574
3.0367555618286133
3.052107572555542
3.141202211380005
0
3.4610393047332764
0
0
0
0
0
0
0
0
3.491671562194824
3.4529178142547607
3.405977964401245
3.3743748664855957
2.9185705184936523
2.8333024978637695
2.9382755756378174
2.183746337890625
2.121108293533325
2.069577217102051
2.0648841857910156
2.0536129474639893
2.045469045639038
2.0581789016723633
2.0972321033477783
2.1629905700683594
2.984990358352661
2.987924098968506
2.9635396003723145
2.939770460128784
2.9426095485687256
0.47016072273254395
0.4740552306175232
0.42188918590545654
0.4404931366443634
0.4230594038963318
0.4321598410606384
0.43264397978782654
0.40438246726989746
0.4120921194553375
0.4097840189933777
0.3967074155807495
0.3982064127922058
0.4023847281932831
0.3947262763977051
0.38571909070014954
0.4061078727245331
0.39510563015937805
0.4059784710407257
0.3830423057079315
0.4017874598503113
0.3914429247379303
0.4096691310405731
0.38189342617988586
0.41490793228149414
0.4131923317909241
0.4197271764278412
0.41028451919555664
0.4197262227535248
0.43325433135032654
0.4349403977394104
0.4429318308830261
0.47018182277679443
0.4690689146518707
0.5070705413818359
2.0288827419281006
2.020516872406006
2.017310380935669
2.070172071456909
2.0755226612091064
2.1316866874694824
3.077744960784912
3.126476526260376
3.1271908283233643
3.1564106941223145
3.1404316425323486
3.0547006130218506
2.9550342559814453
2.8693158626556396
0
0
0
0
0
0
0
2.7212536334991455
2.675400972366333
2.6473872661590576
2.6477599143981934
2.664668560028076
2.6843812465667725
