1.8722140789031982
1.8738247156143188
1.848584771156311
1.852408528327942
1.8459073305130005
1.855972170829773
1.8408969640731812
1.8574901819229126
1.8425219058990479
1.8412460088729858
1.8345985412597656
1.8330214023590088
1.8293496370315552
1.8492146730422974
1.860620379447937
1.835045337677002
1.8491625785827637
1.8739533424377441
1.8586735725402832
1.667191743850708
1.5140471458435059
1.4739192724227905
0
0
0
0
0
0
0
0
0
0
2.0090489387512207
1.9184455871582031
1.8600897789001465
1.7798625230789185
1.705102562904358
1.6722208261489868
2.1141531467437744
2.140345811843872
2.147505521774292
2.1688148975372314
2.2031431198120117
2.2099947929382324
2.2559404373168945
2.2713351249694824
2.2987213134765625
2.3483171463012695
2.3630683422088623
2.3835320472717285
2.4414472579956055
2.4745020866394043
2.4584476947784424
2.4356820583343506
2.3652291297912598
2.3412744998931885
2.3101418018341064
2.245711088180542
2.2194509506225586
0
0
0
0
0
0
0
3.278815746307373
3.248669147491455
3.189249277114868
3.174701452255249
3.147578239440918
3.1024370193481445
0
0
0
0
0
0
2.162259101867676
2.128636598587036
2.0779592990875244
2.0835041999816895
2.089440107345581
2.088876247406006
2.0954103469848633
2.1456940174102783
0
0
0
0
0
0
0
0
0
0
0
0
0
0.5636537075042725
0.5612167119979858
0.5450676083564758
0.5274024605751038
0.5202586650848389
0.5177037715911865
0.5023216009140015
0.5093309879302979
0.5029374957084656
0.4991203546524048
0.4821353852748871
0.488280326128006
0.48924127221107483
0.49042558670043945
0.47597649693489075
0.4794371426105499
0.4927322268486023
0.49527791142463684
0.49754104018211365
0.4973163604736328
0.504430890083313
0.520763099193573
0.4999491572380066
0.5001283884048462
0.5231035947799683
0.5390570759773254
0.5608221888542175
0.5522720217704773
0.6161250472068787
3.0665245056152344
2.1437153816223145
3.0532188415527344
3.0991878509521484
3.1054184436798096
0
0
0
0
0
0
0
0
0
0
0
0
0
0
0
0
0
0
0
0
0
0
0
3.1589231491088867
3.1644294261932373
0
0
0
0
0
0
0
0
0
0
0
0
0
0
0
0
0
0
0
0
0
0
0
0
0
1.882029414176941
1.9009286165237427
0
0
0
0
0
0
0
0
0
0
0
0
0
0
0
0
0
0
0
0
0
0
0
0
2.707862138748169
2.685426712036133
2.6282448768615723
2.6412367820739746
2.6594409942626953
2.688014030456543
0
0
0
0
0
0
0
0
0
0
0
0
0
0
0
0
0
0
0
0
0
0
0
0
0
0
0
0
0
0
0
0
1.186977744102478
1.2001371383666992
1.228096842765808
3.0805246829986572
3.078106641769409
3.093579053878784
3.153838872909546
0
0
0
0
0
0
0
0
0
0
0
0
0
0
0
0
0
0
0
0
0
3.4138643741607666
3.3911678791046143
3.375786066055298
3.408224582672119
3.5
0
0
0
0
0
0
0
0
0
0
0
0
0
0
0
0
0
0
2.8580830097198486
2.808899164199829
2.762160062789917
2.7946577072143555
2.7979848384857178
2.805687189102173
0
0
0
0
0
0
0
0
0
0
0
2.4506313800811768
2.4698374271392822
2.5168697834014893
2.554277181625366
2.5719704627990723
2.631042003631592
2.653700590133667
2.7084550857543945
2.6356160640716553
2.5967752933502197
2.5631537437438965
2.5023365020751953
2.4662253856658936
2.4432437419891357
2.3972678184509277
2.362940788269043
2.3134841918945312
1.7926265001296997
1.8421448469161987
1.8844661712646484
1.9416391849517822
2.0083751678466797
2.0402469635009766
2.098890781402588
0
0
0
0
0
0
0
1.5819810628890991
1.628010630607605
1.6877646446228027
1.7665634155273438
1.886558175086975
1.9312251806259155
1.923202395439148
1.9137343168258667
1.9055020809173584
1.9210225343704224
1.8980145454406738
1.8805299997329712
1.8779181241989136
1.8837300539016724
