1.7985731363296509
0
0
0
0
0
0
0
0
0
0
0
0
0
0
0
0
0
0
0
0
0
0
0
0
0
0
0
1.945258617401123
1.9193956851959229
1.9136343002319336
1.8853648900985718
1.8752135038375854
1.897114634513855
1.8963474035263062
1.9115421772003174
1.9882783889770508
0
0
0
0
0
0
0
0
0
0
0
0
0
0
0
0
0
0
0
0
0
0
0
0
0
0
0
0.6027583479881287
0.5221103429794312
0.5050787925720215
0.4997043013572693
0.4780389964580536
0.47022712230682373
0.4615442752838135
0.4516567587852478
0.469687283039093
0.44558852910995483
0.4406394958496094
0.4524161219596863
0.441901296377182
0.4409891963005066
0.4324548542499542
0.43999040126800537
0.4508240222930908
0.4294351637363434
0.4460192918777466
0.43990737199783325
0.4507109224796295
0.4440900385379791
0.45345160365104675
0.4582308530807495
0.45175671577453613
0.4648932218551636
0.4733380079269409
0.4999660551548004
0.47968238592147827
0.5134888291358948
0.5458247661590576
0
0
0
0
0
0
0
0
0
0
0
0
0
0
0
0
0
0
0
0
0
0
1.9412325620651245
1.9329007863998413
1.8900718688964844
1.8800134658813477
1.8894459009170532
1.8921751976013184
1.9003559350967407
1.9190720319747925
1.9712352752685547
0
0
0
0
0
0
0
0
0
0
0
0
0
0
0
0
0
0
0
0
0
0
0
0
0
0
0
0
0
0
0
0
0
0
0
0
0
3.2537930011749268
3.1616787910461426
3.1441869735717773
3.130584478378296
3.1554386615753174
3.262568712234497
0
0
0
0
0
0
0
0
0
0
1.3160557746887207
1.2545490264892578
1.2650822401046753
1.2423683404922485
1.2109959125518799
1.227852463722229
1.2156444787979126
1.2316789627075195
1.2284294366836548
1.2326691150665283
1.2337408065795898
1.2552932500839233
1.2752794027328491
0
0
0
0
0
0
0
0
0
0
0
0
0
0
0
0
0
0
0
0
0
0
3.1588187217712402
3.120999813079834
3.09413480758667
3.076784610748291
3.1341428756713867
0
0
0
0
0
0
0
0
0
0
0
0
0
0
0
0
0
0
0
1.247282862663269
1.2123991250991821
1.200515866279602
1.186882495880127
1.1672266721725464
1.1861834526062012
1.1833279132843018
1.1811422109603882
1.1813052892684937
1.169946551322937
1.2156661748886108
1.2229256629943848
1.250999927520752
2.414166212081909
0
0
0
0
0
0
0
0
0
0
3.121931314468384
3.0762786865234375
3.0650854110717773
3.0706920623779297
3.0986621379852295
3.150991439819336
0
0
0
0
0
0
0
0
0
0
0
0
0
0
0
2.616224527359009
2.546239137649536
2.5142531394958496
2.5091826915740967
2.507701873779297
2.527604103088379
2.570488452911377
0
0
0
0
0
0
0
0
0
0
0
0
1.7999546527862549
1.7488256692886353
1.7246776819229126
1.7195675373077393
1.6950362920761108
1.6924463510513306
1.6865202188491821
1.716398000717163
1.7567055225372314
1.7805216312408447
0
0
0
0
0
0
0
0
0
0
3.231492757797241
3.16668963432312
3.1710760593414307
3.177828311920166
3.1999080181121826
3.2811226844787598
0
0
0
0
0
0
0
0
0
0
0
0
0
0
0
0
0
0
0
0
0
0
1.8069273233413696
1.7553714513778687
1.7337164878845215
1.7181769609451294
1.7220200300216675
1.7204039096832275
1.7284866571426392
1.733207106590271
1.7552005052566528
1.8044019937515259
