0.8749116659164429
0.8802406787872314
0.870254397392273
0.8618202805519104
0.8526608943939209
0.8541810512542725
0.8603386282920837
0.8771041035652161
0.8716064691543579
0.8777434229850769
0.8724656701087952
0.898244321346283
0.9246973395347595
0.9488089084625244
0
0
1.4679362773895264
1.442664384841919
1.4130988121032715
1.3764466047286987
1.3915058374404907
1.4061625003814697
1.3885291814804077
1.378358006477356
1.3832335472106934
1.4252748489379883
1.46163010597229
1.0095402002334595
0.9742679595947266
0.9615899324417114
0.9349184036254883
0.9151802659034729
0.9187895655632019
0.9149363040924072
0.9086601734161377
0.9216841459274292
0.8984259963035583
0.9336490631103516
0.9291231632232666
0.9279681444168091
0.9434013366699219
0.9648900628089905
0.9768385887145996
0.9938180446624756
0
3.185797929763794
3.152094841003418
3.140463352203369
3.148040771484375
3.1763930320739746
0
0
0
3.043416976928711
2.9872615337371826
2.980647563934326
2.966050386428833
2.975914716720581
3.0531513690948486
0
0
0
0
0
0
0
0
0
0
0
0
0
0
0
0
0
0
0
0
0
0
0
0
3.2292091846466064
3.198324203491211
3.1718108654022217
3.186309576034546
3.238034725189209
0
0
0
0
3.007079601287842
2.985414505004883
2.942779064178467
2.975229024887085
2.9729135036468506
3.034921884536743
0
0
0
0
0
0
0
0
0
0
0
0
0
0
0
0
0
0
0
0
0
0
0
0
0
0
0
0
0
0
0
0
0
0
0
0
0
0
0
0
0
0
0
0
0
0
0
1.2100884914398193
1.1741724014282227
1.1680731773376465
1.143541932106018
1.126760482788086
1.143518090248108
1.1325322389602661
1.15342378616333
1.1413235664367676
1.1470309495925903
1.159969687461853
1.1890407800674438
1.188027262687683
1.2315584421157837
1.6675724983215332
1.653696894645691
1.6559605598449707
1.670516848564148
1.7213250398635864
1.8268929719924927
0
0
0
0
0
0
0
0
0
0
0
0
0
0
0
0
0
0
0
0
0
0
0
0
0
0
0
0
0
0
0
0
0
0
0
0
0
0
0
0
0
0
0
0
0
0
0
0
0
0
0
0
0
0
0
0
0
0
0
0
0
0
1.7372556924819946
1.6891921758651733
1.6818326711654663
1.6806870698928833
1.6648598909378052
1.6832540035247803
1.6896456480026245
1.6930211782455444
1.7401633262634277
0
0
0
0
2.162503719329834
2.115971803665161
2.090113878250122
2.097062110900879
2.1023592948913574
2.129135847091675
2.1474337577819824
2.2321059703826904
2.6353816986083984
2.6202964782714844
2.6073312759399414
2.627837896347046
2.6460280418395996
2.6915106773376465
3.277256965637207
3.3034982681274414
0
0
0
0
0
0
0
0
0
0
0
0
0
0
0
0
0
0
0
0
0
0
0
0
2.9578802585601807
2.8382644653320312
2.82609224319458
2.8365538120269775
2.8519785404205322
2.8796396255493164
2.9413208961486816
3.298153877258301
2.512331247329712
2.4706919193267822
2.4580795764923096
2.4496545791625977
2.4878833293914795
2.508542776107788
2.5750362873077393
2.9510204792022705
2.9368093013763428
2.9370923042297363
2.946012496948242
2.557802438735962
2.5067219734191895
2.468829393386841
2.4535036087036133
2.4492688179016113
2.497860908508301
2.5300180912017822
0
0
0
0
0
0
0
0
0
0
0
0
0
0
0
0
0
0
0
0
0
0
0
0
0
3.202730178833008
3.1433351039886475
3.145069122314453
3.1669390201568604
3.185427665710449
3.281888723373413
0
0
3.409595489501953
3.327732801437378
3.278695821762085
3.276014804840088
3.295274496078491
3.3580946922302246
0
0
0
0
0
0
0
0
1.5275517702102661
1.4874091148376465
0.9510078430175781
0.9179621934890747
0.8987740278244019
0.8929963707923889
0.8808883428573608
