0
0
0
0
1.4361687898635864
1.3998355865478516
1.381669521331787
1.3696625232696533
1.3706430196762085
1.3573635816574097
1.3673014640808105
1.3745613098144531
1.3666362762451172
1.3962374925613403
1.4162148237228394
1.4353307485580444
0
0
0
0
0
0
0
0
0
0
1.4435378313064575
1.3498481512069702
1.3542108535766602
1.3350492715835571
1.317488193511963
1.316375494003296
1.283120036125183
1.2887765169143677
1.3263108730316162
1.3146799802780151
1.3340892791748047
1.353044033050537
1.3765519857406616
0
0
0
0
0
0
0
0
0
1.7175883054733276
1.683819055557251
1.6463427543640137
1.6385794878005981
1.6219125986099243
1.6252741813659668
1.6397755146026611
1.6597929000854492
1.6572484970092773
1.6981757879257202
1.7908079624176025
0
0
0
0
2.080254316329956
2.0409717559814453
1.9942643642425537
2.0106406211853027
2.0041913986206055
2.0063083171844482
2.035707473754883
2.071733236312866
0
0
0
0
2.407315969467163
2.3790628910064697
2.3872389793395996
2.3685452938079834
2.3729162216186523
2.3956658840179443
2.4314780235290527
0
0
0
0
0
0
0
0
0
0
0
0
0
0
0
0
0
0
0
0
0
0
0
0
0
0
0
0
0
0
0.6376264095306396
0.6250793933868408
0.6018102765083313
0.5652983784675598
0.5548028349876404
0.5609405636787415
0.5428011417388916
0.5486750602722168
0.512646496295929
0.5262520909309387
0.5218159556388855
0.5419865250587463
0.5308148264884949
0.5032936930656433
0.5165355801582336
0.5350874066352844
0.5431658625602722
0.5620504021644592
0.5577261447906494
0.539534330368042
0.5573544502258301
0.5581338405609131
0.5683371424674988
0.5802661180496216
0.575421154499054
0.6206476092338562
0.6450583338737488
1.0248037576675415
1.031138300895691
1.0169271230697632
1.0371226072311401
1.021230936050415
1.0598288774490356
1.0453176498413086
1.0676130056381226
1.0902047157287598
1.1363900899887085
0
0
0
0
0
0
0.4474742114543915
0.4227096140384674
0.3987337052822113
0.38967129588127136
0.3917129337787628
0.37160471081733704
0.38887718319892883
0.3653185963630676
0.361272394657135
0.3561963737010956
0.3483355939388275
0.37112873792648315
0.34152787923812866
0.3374010920524597
0.34221169352531433
0.3242986798286438
0.3514098823070526
0.34443461894989014
0.3445780575275421
0.33198636770248413
0.3290777802467346
0.3121664226055145
0.3332490026950836
0.3332591950893402
0.3315451443195343
0.33553510904312134
0.3472633361816406
0.34949150681495667
0.36550748348236084
0.3567558526992798
0.3492625057697296
0.36451712250709534
0.3630484938621521
0.3713001012802124
0.3978462517261505
0.4148116707801819
0.41608795523643494
0.46388378739356995
0.8236280679702759
0.8159997463226318
0.7993305325508118
0.7827840447425842
0.7765758633613586
0.7651484608650208
0.7728080153465271
0.7826098799705505
0.7630686163902283
0.7587305307388306
0.7719700932502747
0.7927443981170654
0.8059283494949341
0.8142423629760742
0.829563319683075
0.8524084687232971
0.8407676815986633
2.926429271697998
0
2.5239946842193604
2.4598209857940674
2.4531803131103516
2.4839651584625244
2.44392466545105
2.468595027923584
2.51196026802063
2.9009478092193604
2.910644769668579
2.890825033187866
2.911306619644165
2.9396369457244873
0
0
0
0
0
0
0
0
0
0
0
0
0
0
0
0
0
0
0
0
0
0
0
0
0
0
0
0
0
0
0
0
0
0
2.398397207260132
2.3555333614349365
2.323018789291382
2.3217899799346924
2.336993455886841
2.347475051879883
2.373173236846924
0
2.9115610122680664
2.840404510498047
2.8264546394348145
2.8158819675445557
2.8291544914245605
2.354349374771118
2.268949508666992
2.235109329223633
2.230374813079834
2.235100030899048
2.249498128890991
2.2519001960754395
2.3073081970214844
2.7319529056549072
2.7280056476593018
2.7399919033050537
2.773076295852661
0
0
0
0
0
0
0
0
0
0
0
0
0
0
0
0
0
0
0
0
0
0
0
0
0
0
0
0
0
0
0
3.2887182235717773
3.1606767177581787
3.119133472442627
3.1317849159240723
3.1313905715942383
3.166914224624634
0
0
0
3.494277238845825
3.478403091430664
3.478294849395752
3.482933521270752
0
0
0
0
0
0
0
0
0
0
0
0
0
0
0
0
0
0
0
1.7394510507583618
1.7032660245895386
1.6789129972457886
1.6826231479644775
1.6743054389953613
1.6516748666763306
1.6848459243774414
1.6869603395462036
1.6941382884979248
1.717632532119751
0
0
0
0
