1.3793457746505737
1.367993712425232
1.3568347692489624
1.3383392095565796
1.3402131795883179
1.3198615312576294
1.333878517150879
1.3384943008422852
1.3661476373672485
1.3816397190093994
1.3872976303100586
0
0
0
0
0
0
0
0
0
0
0
0
0
0
0
0
0
0
0
0
0
0
0
0
0
2.559187412261963
2.4776508808135986
2.4455301761627197
2.4445278644561768
2.4219915866851807
2.43505859375
2.4744455814361572
2.5429434776306152
0
0
0
0
0
0
0
0
0
0
3.400716543197632
3.3390965461730957
1.5637140274047852
1.4772400856018066
1.452927589416504
1.4575550556182861
1.44661283493042
1.430783748626709
1.4308127164840698
1.4164319038391113
1.462319016456604
1.4694703817367554
1.488878607749939
1.542249083518982
0
0
0
0
0
3.0178513526916504
2.9562573432922363
2.9093387126922607
2.904548168182373
2.909590721130371
2.955876111984253
0
0
0
0
0
0
0
0
0
0
0
0
0
0
0
0
0
0
0
0
0
0
0
0
3.226933002471924
3.161160945892334
3.1600944995880127
3.1727447509765625
3.1938188076019287
0
0
0
0
0
0
0
0
0
0
0
1.708420991897583
1.6815446615219116
1.6642673015594482
1.6722421646118164
1.6427242755889893
1.6526007652282715
1.6357790231704712
1.6656990051269531
1.6997750997543335
1.7773687839508057
0
0
0
0
0
0
0
0
0
0
0
0
0
0
0
0
0
0
0
0
0
0
0.8734726905822754
0.8705053925514221
0.8693247437477112
0.8796538710594177
3.0562899112701416
0
0
0
0
0
0
0
0
0
0
0
0
0
0
0
0
0
0
0
0
0
0
0
0
3.0838656425476074
3.0287868976593018
3.0555810928344727
3.044956684112549
3.0516357421875
1.9815996885299683
1.9157404899597168
1.8581688404083252
0.7603105902671814
0.7261108160018921
0.6995254755020142
0.6882529854774475
0.6649649739265442
0.6581663489341736
0.6755416393280029
0.6648456454277039
0.6644940972328186
0.6359677314758301
0.649101972579956
0.6492602825164795
0.6614631414413452
0.673001229763031
0.6437236666679382
0.6506134271621704
0.6558037400245667
0.6789049506187439
0.6806285381317139
0.6844637393951416
0.709887683391571
0.7211312055587769
0.752869725227356
0
0
0
0
0
0
0
0
0
0
0
0
0
0
0
0
3.498992443084717
3.461395025253296
3.489802837371826
0
0
0
0
1.4452614784240723
1.4153969287872314
1.443953514099121
3.1040124893188477
3.153615713119507
0
0
0
0
0
2.8304271697998047
2.7799947261810303
2.7751755714416504
2.767287254333496
2.8111841678619385
2.8508191108703613
0
0
0
0
0
0
0
0
0
0
0
0
0
0
0
0
0
0
0
0
0
0
0
0
0
0
0
0
0
0
0
0
0
0
0
0
0
0
0
0
0
0
0
0
0
0
0
0
0
0
0
0
0
0
0
2.058781147003174
2.021080255508423
1.9599366188049316
1.959831953048706
1.9467008113861084
1.9555950164794922
1.9605282545089722
1.9825423955917358
2.0195720195770264
0
0
0
0
0
0
0
0
0
0
0
0
0
0
0
0
0
0
0
0
0
0
0
0
0
0
0
0
0
0
0
0
2.5201423168182373
2.532433271408081
0
0
0
0
0
0
0
0
0
0
1.4072208404541016
1.3723056316375732
