0
0
0
0
0
0
0
0
0
1.2061705589294434
1.094653606414795
1.082495093345642
1.0596137046813965
1.0624216794967651
1.06298828125
1.0283366441726685
1.0457143783569336
1.0359408855438232
1.0365675687789917
1.039794683456421
1.046315312385559
1.0478885173797607
1.0796269178390503
1.1103229522705078
1.1236398220062256
0
0
0
0
0
0
0
2.954658031463623
2.8881454467773438
2.8588531017303467
2.8489482402801514
2.846158504486084
2.8854920864105225
2.9391777515411377
0
0
0
0
0
0
0
0
0
0
0
0
0
0
0
0
0
0
0
0
0
0
0
0
0
0
0
0
0
0
0
0
0
0
0
0
0
0
0
0
0
0
0
0
0
0
0
0
0
0
0
0
0
0
0
0
0
0
0
0
0
0
0
0
0
0
0
0
0
0
0
0
0
0
0
0
0
0
0
0
0
0
0
0
0
0
0
0
0
2.652132511138916
2.609492063522339
2.577859401702881
2.5921385288238525
2.5878210067749023
2.628858804702759
0
0
0
0
0
0
0
0
0
0
0
0
0
0
0
0
0
0
0
0
0
0
0
0
0
0
0
0
0
0
0
0
0
0
0
0
0
0
0
0
0
0
0
0
0
0
0
0
0
1.8504931926727295
1.8146618604660034
1.7906359434127808
1.7695178985595703
1.7863119840621948
1.7671324014663696
1.8105536699295044
1.7980570793151855
1.879219889640808
0
0
0
0
0
0
0
0
0
0
0
0
0
0
0
0
0
0
0
0
0
0
0
0
0
0
0
0
0
0
0
0
0
0
0
0
0
0
0
0
0
0
0
0
0
0
1.4407501220703125
1.4219475984573364
1.403995394706726
1.378280758857727
1.3571151494979858
1.3676273822784424
1.3180490732192993
1.3053245544433594
1.2752223014831543
1.2714365720748901
1.246561884880066
1.2575956583023071
1.2260712385177612
1.2197412252426147
1.2066043615341187
1.1900287866592407
1.1923842430114746
1.1748183965682983
1.153650164604187
1.1700025796890259
1.1461275815963745
1.1278107166290283
1.130336046218872
1.131531834602356
1.1266335248947144
1.1282892227172852
1.1278221607208252
1.1125564575195312
1.1040152311325073
1.084845781326294
1.1221308708190918
1.1017762422561646
1.0966681241989136
1.080297589302063
1.0819941759109497
1.081575632095337
1.0899808406829834
1.0726970434188843
1.0683258771896362
1.0678231716156006
1.0605872869491577
1.0697346925735474
1.0622502565383911
1.0400763750076294
1.0604156255722046
1.0696067810058594
1.0873656272888184
1.078328251838684
1.0909065008163452
1.0719711780548096
1.0714541673660278
1.0845611095428467
1.086225152015686
1.1108847856521606
1.0997085571289062
1.0874409675598145
1.099355936050415
1.1073282957077026
1.1147339344024658
1.1230851411819458
1.1134147644042969
1.1195727586746216
1.1399177312850952
1.1244465112686157
1.1484192609786987
1.1596589088439941
1.1835347414016724
1.1847901344299316
1.1828172206878662
1.2180235385894775
1.2189154624938965
1.2193342447280884
1.2464282512664795
1.2474620342254639
1.2535011768341064
1.2887071371078491
1.3046780824661255
1.3185791969299316
1.3394922018051147
1.3425966501235962
1.3647375106811523
1.3892251253128052
1.40166437625885
1.434728980064392
1.4440531730651855
1.4572021961212158
1.4852403402328491
1.5113130807876587
1.5378456115722656
1.5598241090774536
1.593550443649292
1.626068353652954
1.6599708795547485
1.7198749780654907
1.7540515661239624
1.7754526138305664
1.8214609622955322
1.8675158023834229
1.9113435745239258
1.9637582302093506
2.0324878692626953
2.084981918334961
2.1601905822753906
2.214056968688965
2.3396148681640625
2.334507703781128
2.4167370796203613
2.504735231399536
2.5993659496307373
2.7204830646514893
2.8156285285949707
2.967228889465332
3.10314679145813
3.2458548545837402
3.4135990142822266
0
0
0
0
0
0
0
