0
0
0
0
0
0
0
0
0
0
0
0
0
0.7127729654312134
0.6755657196044922
0.6652175784111023
0.6415178179740906
0.6228220462799072
0.6407928466796875
0.6318964958190918
0.6262971758842468
0.6222379803657532
0.6047241687774658
0.6243826150894165
0.6129976511001587
0.6120438575744629
0.6135520339012146
0.6288698315620422
0.6333603858947754
0.6133440732955933
0.6339370608329773
0.6255176067352295
0.6553691029548645
0.6598634719848633
0.6581677794456482
0.681890606880188
0.7047428488731384
1.2480849027633667
1.2757720947265625
1.2777882814407349
1.3182182312011719
0
0
0
0
0
0
0
0
0
0
0
2.4782676696777344
2.436281681060791
2.406339168548584
2.422154426574707
2.429229497909546
2.4452309608459473
2.5030150413513184
0
0
0
0
0
0
0
0
0
0
0
0
2.074962615966797
2.0473787784576416
2.0239272117614746
2.0125837326049805
2.0310144424438477
2.0213329792022705
2.059682607650757
2.100768804550171
0
0
0
0
0
3.4161014556884766
3.3723645210266113
3.348289966583252
3.359978675842285
3.4108211994171143
0
0
1.3980389833450317
1.3564517498016357
1.321107268333435
1.315028190612793
1.328677773475647
1.2901242971420288
1.2844041585922241
1.309090256690979
1.29279625415802
1.3276221752166748
1.3270478248596191
1.3552536964416504
1.3927688598632812
0
0
0
0
0
0
0
0
0
2.8341031074523926
2.7971913814544678
2.793619155883789
2.8086323738098145
2.821220636367798
2.8846843242645264
0
0
0
0
0
0
0
0
0
0
0
0
0
0
0
0
0
0
0
0
2.6600778102874756
2.560702323913574
2.5458123683929443
2.546827793121338
2.551380157470703
2.561014413833618
2.6200802326202393
0
0
0
0
0
0
0
1.191773772239685
1.1288338899612427
1.1118168830871582
1.0850790739059448
1.0712318420410156
1.0749512910842896
1.0690251588821411
1.0651825666427612
1.0609089136123657
1.0593119859695435
1.0740907192230225
1.0843288898468018
1.084169626235962
1.1128218173980713
1.1297026872634888
3.179720878601074
3.177138090133667
3.202247142791748
3.2454445362091064
0
0
0
0
0
0
0
0
0
0
0
0
0
0
1.8244612216949463
1.8125510215759277
1.7998692989349365
1.8004313707351685
1.7792174816131592
1.7828024625778198
1.8048754930496216
1.82676100730896
1.8804255723953247
0
0
0
0
2.8847105503082275
2.799812078475952
2.777129888534546
2.7590153217315674
2.7988715171813965
2.8131933212280273
0
0
0
0
0
0
0
0
0
0
0
0
0
0
0
0
0
0
0
0
0
0
2.509584426879883
2.4643547534942627
2.4425530433654785
0.4566150903701782
0.39415696263313293
0.38098302483558655
0.361521452665329
0.3792656362056732
0.3584592044353485
0.33375057578086853
0.3632546067237854
0.3436978757381439
0.326610803604126
0.3410334885120392
0.32087448239326477
0.3227913975715637
0.30841538310050964
0.31814855337142944
0.31379857659339905
0.3254031836986542
0.32274532318115234
0.31958574056625366
0.32255643606185913
0.32014983892440796
0.3190944194793701
0.3253646790981293
0.33877497911453247
0.3236030638217926
0.3271811008453369
0.3345169723033905
0.3261657655239105
0.32115355134010315
0.33110082149505615
0.3306092917919159
0.3333694040775299
0.3421477973461151
0.35528743267059326
0.3626352846622467
0.35946178436279297
0.3911651372909546
0.3883635699748993
0.4055470824241638
1.8845018148422241
1.8365358114242554
1.8056182861328125
1.8024877309799194
1.7830820083618164
1.790687918663025
1.807615041732788
1.8293460607528687
1.8655105829238892
0
0
0
0
0
0
0
0
0
0
0
0
0
0
0
1.508084774017334
1.483995795249939
1.4596689939498901
1.4465115070343018
1.4479979276657104
1.4333984851837158
1.4368261098861694
1.4300040006637573
1.4559204578399658
1.4607264995574951
1.4956368207931519
1.5532219409942627
0
0
0
0
0
0
0
0
0
0
0
0
0
0
0
0
0
0
0
0
0
0
0
0
0
0
0
2.049550771713257
1.9953620433807373
1.9712001085281372
1.9602395296096802
1.958999514579773
1.9310327768325806
1.93906831741333
1.9595390558242798
1.9968847036361694
0
0
0
0
0
0
0
0
0
2.764263868331909
2.670797109603882
2.642212152481079
2.656135082244873
2.6464366912841797
2.654672145843506
2.6996772289276123
0
0
0
