0
0
0
0
0
0
0
0
0
0
0
0
3.00405216217041
2.958972930908203
2.9447619915008545
2.9185383319854736
2.9600229263305664
2.989241600036621
0
0
0
0
0
0
0
0.91015625
0.8768696188926697
0.8478249311447144
0.836137592792511
0.8123210668563843
0.7959005832672119
0.7974271178245544
0.7934011220932007
0.7918649911880493
0.7919849157333374
0.7981294393539429
0.7950178384780884
0.8013730645179749
0.8194889426231384
0.7977331876754761
0.78851318359375
0.8351818919181824
0.8322756886482239
0.8701278567314148
0.9156051874160767
0
0
0
0
0
0
0
0
0
0
0
0
0
0
0
0
0
0
0
0
1.4121748208999634
1.3752955198287964
1.3547567129135132
1.3419833183288574
1.3181462287902832
1.3150299787521362
1.3335130214691162
1.351558804512024
1.3126131296157837
1.345048427581787
1.3696860074996948
1.401666283607483
0
0
0
0
0
0
0
0
2.7309322357177734
2.6445322036743164
2.615082025527954
2.6028084754943848
2.596355676651001
2.611773729324341
2.654147148132324
0
0
0
0
0
0
0
0
0
0
0
3.115260601043701
3.044201135635376
3.0266170501708984
3.0422701835632324
3.064574956893921
3.1383378505706787
0
0
0
0
0
0
0
0
0
0
0
0
0
3.329969882965088
3.307091236114502
3.299306631088257
3.287097454071045
3.3408334255218506
0
0
0
1.84575617313385
1.7547390460968018
1.718551516532898
1.6996378898620605
1.6724470853805542
1.689414143562317
1.6914607286453247
1.7078089714050293
1.7289159297943115
1.7712218761444092
0
0
0
0
0
0
0
0
0
0
0
0
0
0
0
0
0
2.8819963932037354
2.8643665313720703
2.8385753631591797
2.856361150741577
2.8689346313476562
0.8117915987968445
0.7745243906974792
0.7465972900390625
0.7372578382492065
0.7339380979537964
0.7284937500953674
0.728674590587616
0.7089664936065674
0.7097250819206238
0.7055411338806152
0.7049993872642517
0.7271762490272522
0.7257314920425415
0.7221841216087341
0.7405210137367249
0.7184638381004333
0.7357426285743713
0.7518043518066406
0.7712913751602173
0.7928650379180908
0.8512852191925049
0
0
0
0
0
0
0
0
0
0
0
0
0
0
0
0
0
0
0
0
0
0
0
0
0
0
0
0
0
0
0
0
0
0
0
0
0
0
0
0
0
0
0
0
0
0
0
0
0
0
0
0
0
0
0
1.1718294620513916
1.1331212520599365
1.1257779598236084
1.1001756191253662
1.1227458715438843
1.097482442855835
1.0799742937088013
1.0581620931625366
1.081337332725525
1.1041395664215088
1.1099555492401123
1.1093993186950684
1.1405494213104248
1.1440725326538086
1.2048484086990356
0
0
0
0
0
0
0
0
0
0
0
0
0
0
0
0
0
0
0
0
2.1904611587524414
2.1446869373321533
2.1231162548065186
2.1175291538238525
2.09664249420166
2.1274707317352295
2.114793539047241
2.1698317527770996
0
0
0
0
0
0
0
0
0
0
0
0
0
0
0
0
0
0
0
0
3.414630651473999
3.320058822631836
3.317758083343506
3.3295412063598633
3.34039568901062
3.4136970043182373
0
0
0
0
0
0
0
2.01718807220459
2.006216287612915
1.9491937160491943
1.9564049243927002
1.9629087448120117
1.971413254737854
1.9841293096542358
2.015878915786743
0
0
0
0
0
0
1.0876327753067017
1.0726536512374878
1.0307508707046509
1.0334746837615967
1.0194828510284424
1.023085594177246
1.030403733253479
1.0386525392532349
1.0198144912719727
1.0132309198379517
1.0191618204116821
1.0296210050582886
1.05499267578125
1.0596784353256226
1.073705792427063
0
0
0
0
0
0
0
0
3.283188819885254
3.243945837020874
3.2045481204986572
3.197493076324463
3.2198867797851562
3.2853338718414307
0
0
0
