0
0
0
0
0
0
0
0
0
0
0
0
0
0
0
0
0
0
3.2642176151275635
3.1687750816345215
3.13132381439209
3.1252377033233643
3.145148754119873
3.18145489692688
0
0
0
0
0
0
0
0
0
0
0
3.446873903274536
3.3611433506011963
3.3038744926452637
3.2392866611480713
3.1723155975341797
3.1080429553985596
3.071906566619873
2.9830150604248047
2.905153274536133
2.8646106719970703
2.829538345336914
2.7724313735961914
2.724656820297241
2.6992809772491455
2.6833183765411377
2.6099324226379395
2.5891361236572266
2.5561153888702393
2.5284972190856934
2.526890993118286
2.487555503845215
2.4432857036590576
2.429126024246216
2.3848912715911865
2.3814830780029297
1.387175440788269
1.3639365434646606
1.3410292863845825
1.3143665790557861
1.303906798362732
1.3119109869003296
1.3069970607757568
1.298412799835205
1.3120474815368652
1.3368040323257446
1.3504266738891602
1.3330951929092407
1.41763174533844
2.1815545558929443
1.7894140481948853
1.7554494142532349
1.717984676361084
1.7085703611373901
1.7012028694152832
1.710782527923584
1.7072075605392456
1.716975450515747
1.7285655736923218
1.7636948823928833
2.121385335922241
2.088832378387451
2.1158297061920166
2.1214873790740967
2.090880870819092
2.1233692169189453
2.1081345081329346
2.1150708198547363
2.115231990814209
2.1253833770751953
2.1118032932281494
2.1498868465423584
2.143169641494751
2.1447391510009766
2.143141746520996
2.1585752964019775
2.171433687210083
2.1809144020080566
2.193936586380005
2.2005743980407715
2.2194314002990723
2.2118759155273438
2.252185583114624
2.2632839679718018
2.290165662765503
2.2841014862060547
2.2914540767669678
0
0
0
0
0
0
0
0
0
0
0
0
0
0
0
0
0
0
0
0
0
0
0
0
0
0
0
0.8496319651603699
0.8355617523193359
0.7972414493560791
0.7724756002426147
0.7894516587257385
0.7810543775558472
0.7586021423339844
0.7514668107032776
0.7388177514076233
0.7481383085250854
0.7399301528930664
0.7546724081039429
0.7519558072090149
0.7470402717590332
0.753495454788208
0.7741254568099976
0.7781263589859009
0.7900242209434509
0.8171267509460449
0.8359493017196655
0
0
0
0
0
0
0
0
0
0
0
0
0
0
0
0
0
0
0
0.7308024168014526
0.6933217644691467
0.6816099882125854
0.656531035900116
0.6625354886054993
0.6436609625816345
0.640922486782074
0.6371521353721619
0.6276057958602905
0.6254941821098328
0.6032782196998596
0.6199825406074524
0.6080650687217712
0.6055088639259338
0.6159667372703552
0.6358490586280823
0.6177538633346558
0.6303256154060364
0.6442548632621765
0.6276507377624512
0.6500429511070251
0.6975259184837341
0.6898000836372375
0.7091029286384583
0
0
0
0
0
0
0
0
0
0
0
0
0
0
0.9615200161933899
0.9332419037818909
0.9367528557777405
0.897031843662262
0.9005149602890015
0.8968700170516968
0.9142866134643555
0.8967016935348511
0.9043575525283813
0.8903231024742126
0.9001851081848145
0.9078977108001709
0.9042638540267944
0.9238559007644653
0.9301432371139526
0.9730802774429321
0.9903551936149597
0
0
0
0
0
0
0
0
0
0
0
0
0
0
2.7600035667419434
2.7099802494049072
2.6899373531341553
2.716820001602173
2.7346534729003906
2.7867698669433594
0
0
0
0
0
0
0
0
0
0
0
0
0
0
0
0
0
2.6428844928741455
2.5928280353546143
2.5940067768096924
2.610948085784912
2.610801935195923
2.626962184906006
0
0
0
0
0
0
0
0
0
0
0
0
0
0
0
0
0
0
0
0
0
0
0
0
0
0
0
0
3.285264253616333
3.2185208797454834
3.1660799980163574
3.1657891273498535
3.2027876377105713
3.2347428798675537
0
0
0
0
0
0
0
0
0
0
2.3366456031799316
2.273927927017212
2.2531020641326904
2.28351092338562
2.248631715774536
2.2694427967071533
2.3031423091888428
2.3628923892974854
2.8184378147125244
2.891601085662842
0
0
2.5435843467712402
2.4904963970184326
2.4763224124908447
2.4701600074768066
2.480971336364746
2.485901117324829
2.541701078414917
0
0
0
0
0
0
0
0
0
0
0
0
0
0
0
0
0
0
0
0
0
0
