0
0
0
0
0
0
0
0
0
0
0
0
0
0
0
0
0
0
0
0
0
0
0
0
0
1.031165599822998
1.0163724422454834
1.026818037033081
1.0182642936706543
0
0
0
0
0
2.323984146118164
2.2974984645843506
2.2546064853668213
2.282057046890259
2.288526773452759
2.2980072498321533
2.3215999603271484
0
0
0
0
0
0
0
0
0
0
0
0
0
0
0
0
0
0
0
0
0
0
0
0
0
0
0
0
0
0
0
0
0
0
0
0
0
0
0
0
0
0
0
0
0
0
0
1.9907084703445435
0
0
0
0
0
0
0
0
0
0
0
0
0
0
0
0
0
0
0
0
0
0
0
0
0
0
0
0
0
0
0
0
0
0
0
0
0
3.266792058944702
3.360157012939453
3.4493327140808105
0
0
0
0
2.992464065551758
3.088073492050171
3.198249340057373
3.316664218902588
3.3137800693511963
3.2893266677856445
0.9787657856941223
0.934292733669281
0.931881308555603
0.9140212535858154
0.8924124240875244
0.8730353116989136
0.8794707655906677
0.8653000593185425
0.8619762063026428
0.8755292296409607
0.8913112282752991
0.8629117012023926
0.8800444602966309
0.8905625343322754
0.9076337814331055
0.9248479604721069
0.946894645690918
0.9821290373802185
0
0
0
2.6165771484375
2.9995644092559814
2.999584436416626
2.985480546951294
2.993199586868286
3.0138044357299805
2.9951043128967285
3.028520345687866
3.0069003105163574
3.009507894515991
3.025068759918213
3.0284583568573
3.0583972930908203
3.0410163402557373
3.0557093620300293
3.0415544509887695
3.068631410598755
3.0807063579559326
2.914299726486206
2.7523789405822754
0
0
0
0
0
0
0
0
0
0
0
0
0
2.1686012744903564
2.0951387882232666
2.0686380863189697
2.054105758666992
2.0539708137512207
2.066539764404297
2.079258918762207
2.1126675605773926
0
0
0
0
0
0
0
0
0
0
0
0
0
0
0
0
0
0
0
0
0
0
0
0
0
0
0
0
0
0
0
0
0
0
0
0
0
0
0
0
0
0
0
0
0
2.8143467903137207
0.9749982357025146
0.9591468572616577
0.955792248249054
2.7643604278564453
2.8272311687469482
0
0
0
0
0
0
0
0
0
0
1.8892178535461426
1.8206883668899536
1.7848056554794312
1.7656018733978271
1.782623529434204
1.7575089931488037
1.7658108472824097
1.7849338054656982
1.7939648628234863
1.8572436571121216
0
0
0
0
0
0
0
0
0
0
0
0
0
0
0
0
0
0
3.0534250736236572
2.9831080436706543
2.972019672393799
2.9442431926727295
2.963505506515503
3.010688543319702
0
0
0
0
0
0
0
0
0
0
0
0
0
0
0
0
0
0
1.7119419574737549
1.7157747745513916
0
0
0
0
2.801990032196045
2.737689971923828
2.7168943881988525
2.728821277618408
2.723210334777832
2.752140998840332
2.835808277130127
0
0
0
0
0
0
0
0
0
0
0
0
0
0
0
0
0
0
0
0
0
0
0
0
0
0
0
0
0
0
0
0
0
