2.4593775272369385
2.416651964187622
2.3977103233337402
2.3821067810058594
2.389226198196411
2.414994716644287
2.4256207942962646
2.5516045093536377
0
3.097031831741333
0
0
0
0
0
2.623218297958374
2.596306800842285
2.5648410320281982
2.5971057415008545
1.3586863279342651
1.3645845651626587
2.7176849842071533
0
0
0
0
0
0
0
0
0
0
0
0
0
0
0
0
0
0
0
0
0
0
0
0
0
0
0
0
0
0
0
0
0
0
0
0
0
1.8522931337356567
1.8337113857269287
1.7996714115142822
1.7860523462295532
1.799066185951233
1.7731882333755493
1.7817583084106445
1.8144339323043823
1.828784704208374
1.897908329963684
0
0
0
0
0
0
0
2.2787392139434814
1.6449174880981445
1.6162420511245728
1.5894644260406494
1.5859651565551758
1.5742342472076416
1.5735666751861572
1.5730667114257812
1.587671160697937
1.6084433794021606
1.6200298070907593
2.334296703338623
2.2939469814300537
2.2847230434417725
2.288095235824585
2.287060499191284
2.320849895477295
2.336028814315796
0
0
0
0
0
0
0
3.340435743331909
3.289130687713623
3.271373987197876
3.3124163150787354
3.349449872970581
0
0
0
0
0
0
0
0
0
0
0
0
0
0
0
0
0
0
0
0.3301981985569
0.3107743263244629
0.3074478507041931
0.29211369156837463
0.2848275899887085
0.26708918809890747
0.28367915749549866
0.2658195197582245
0.27571427822113037
0.27218225598335266
0.24673554301261902
0.25517040491104126
0.24603204429149628
0.25249606370925903
0.24701248109340668
0.25685998797416687
0.2485382854938507
0.230746328830719
0.2404586374759674
0.2557327151298523
0.24048230051994324
0.2446669638156891
0.23559114336967468
0.23465968668460846
0.24220435321331024
0.24751482903957367
0.24508614838123322
0.24642281234264374
0.2555892765522003
0.2505326569080353
0.2461225390434265
0.26279401779174805
0.2561180293560028
0.2506418228149414
0.26702961325645447
0.2425645887851715
0.2527245581150055
0.26819130778312683
0.2665715217590332
0.2807353436946869
0.288644015789032
0.28700658679008484
0.3081534504890442
0.29336920380592346
0.30616047978401184
0.32953080534935
0
0
0
0
0
0
0
0
2.668200969696045
2.597878932952881
2.562955379486084
2.5493547916412354
2.5692288875579834
2.594543218612671
2.635607957839966
0
0
0
0
0
0
0
0
0
0
0
0
0
0
0
0
0
0
0
0
0
0
0
0
0
0
0
2.6909313201904297
2.587555170059204
2.5897347927093506
1.578548789024353
1.530587077140808
1.4919081926345825
1.4776970148086548
1.485577940940857
1.4799362421035767
1.489469289779663
1.4636167287826538
1.500285267829895
1.4814949035644531
1.5352116823196411
2.672846794128418
2.687556028366089
2.7156524658203125
2.7806835174560547
0
0
0
0
0
0
0
0
0
0
0
0
0
0
0
0
0
0
0
0
0
0
0
0
0
0
0
0
0
0
0
0
0
0
0
0
0
0
0
0
0
0
0
2.1428449153900146
2.0760059356689453
2.0461721420288086
2.032463312149048
2.0062479972839355
2.019986391067505
2.0262131690979004
2.059706687927246
2.1365888118743896
0
0
0
0
0
0
3.035186767578125
2.9946846961975098
2.9969735145568848
2.97074031829834
2.9792354106903076
3.0481722354888916
0
0
0
0
0
0
0
0
0
0
0
1.5307341814041138
1.5127354860305786
1.473554015159607
1.4635262489318848
1.4573637247085571
1.4637274742126465
1.468714714050293
1.4502016305923462
1.4787369966506958
1.495590329170227
1.5394912958145142
0
0
0
0
0
0
0
0
0
0
0
0
0
0
0
0
0
0
0
0
0
0
0
0
0
0
0
0
0
0
0
0
0
0
0
0
0
0
0
0
0
0
2.4804916381835938
