1.8722459077835083
1.8550174236297607
1.8511122465133667
1.8643457889556885
1.8826355934143066
1.9095019102096558
0.47796204686164856
0.4642709493637085
0.445439875125885
0.4396146237850189
0.4309318959712982
0.42848899960517883
0.42165303230285645
0.4044356346130371
0.396075576543808
0.3812207579612732
0.4176078736782074
0.3957313597202301
0.3841223120689392
0.3966066241264343
0.3804125487804413
0.3788876235485077
0.3982972800731659
0.37395909428596497
0.38221418857574463
0.389818400144577
0.38165825605392456
0.3790174424648285
0.3939087688922882
0.376502126455307
0.3991454839706421
0.3883633315563202
0.3853108584880829
0.4154356122016907
0.4305114150047302
0.41112181544303894
0.4214448928833008
0.42619115114212036
0.444712370634079
0.4612452983856201
0
0
2.6969079971313477
2.658597469329834
2.6545157432556152
2.6364831924438477
2.662696361541748
2.692701578140259
0
0
0
0
0
0
0
0
0
0
0
0
0
0
0
0
0
0
0
0
0
0
0
0
0
0
3.016433000564575
2.9688804149627686
2.9623401165008545
2.9620583057403564
2.99664044380188
3.103163957595825
0
0
0
1.8009731769561768
1.7601650953292847
1.726113200187683
1.729773998260498
1.7356864213943481
1.7319954633712769
1.7420395612716675
1.7342078685760498
1.7738066911697388
1.8501285314559937
0
0
0
0
0
0
0
0
0
0
0
0
0
0
0
0
0
0
0
0
0
0
0
0
0
2.0025079250335693
1.931064486503601
1.933902621269226
1.9094889163970947
1.9178805351257324
1.8981907367706299
1.9133323431015015
1.9316129684448242
1.9846398830413818
0
0
0
0
0
0
0
3.2286477088928223
3.1950666904449463
3.170654773712158
3.187525749206543
3.2190840244293213
0
0
0
0
0
0
0
0
0
0
1.7767800092697144
1.7088243961334229
1.7015146017074585
1.680235505104065
1.6684467792510986
1.6916680335998535
1.7087184190750122
0.5813135504722595
0.5525662302970886
0.519220769405365
0.5326459407806396
0.5005320906639099
0.49233224987983704
0.5020962953567505
0.49683746695518494
0.48730185627937317
0.48069584369659424
0.4862022399902344
0.4811576008796692
0.4498040974140167
0.4672186076641083
0.465101957321167
0.46009230613708496
0.46521395444869995
0.47940778732299805
0.45579269528388977
0.4779451787471771
0.47075188159942627
0.48935049772262573
0.4834215044975281
0.4867788851261139
0.5026019811630249
0.5276411771774292
0.5089991092681885
0.5255345702171326
0.578913152217865
0
0
0
0
0
0
0
0
0
0
0
0
0
3.4493441581726074
3.4094178676605225
3.3915438652038574
3.4141597747802734
3.4653499126434326
0
0
0
0
0
0
0
0
0
0
0
0
0
0
0
0
0
0
1.6751856803894043
1.6168817281723022
1.6134506464004517
1.5876445770263672
1.5834985971450806
1.5979900360107422
1.5934878587722778
1.6048811674118042
1.6173549890518188
1.6209968328475952
1.7130264043807983
0
0
3.4470713138580322
3.4436211585998535
3.4420981407165527
3.4700257778167725
0
0
0
0
0
0
0
0
0
0
0
0
0
0
0
0
0
0
0
0
0
0
0
0
0
2.765030860900879
2.733501434326172
2.7140400409698486
2.726161479949951
2.7254087924957275
2.7819178104400635
0
0
0
0
0
0
0
0
0
0
0
0
0
0
0
0
0
0
0
0
0
0
0
1.523337721824646
1.489292025566101
1.4826273918151855
1.4485474824905396
1.4481555223464966
1.4418368339538574
1.4671226739883423
1.4536758661270142
1.488666296005249
1.4823864698410034
1.5293635129928589
0
0
0
0
0
0
0
0
3.0828795433044434
3.006605625152588
2.9832417964935303
2.9902806282043457
3.00730299949646
3.0461301803588867
0
0
0
0
0
0
0
0
0
0
0
0
0
0
0
0
0
0
0
0
0
0
0
0
0
0
0
0
0
0
0
0
0
0
0
0
0
0
0
0
1.9235557317733765
1.8759357929229736
1.8595596551895142
