2.970759868621826
2.983046531677246
3.0784261226654053
0
0
0
3.244530200958252
3.165365219116211
3.146864175796509
3.1297178268432617
3.1291656494140625
3.167804479598999
0
0
0
0
0
0
0
0
0
0
0
0
0
0
0
0
0
0
0
0
0
0
0
0
0
0
3.207448720932007
3.1586976051330566
3.164790391921997
3.1642796993255615
3.197082996368408
0
0
0
0
3.289578914642334
3.199993848800659
3.1741724014282227
0.9195980429649353
0.889552891254425
0.8409132361412048
0.8572593927383423
0.8397719860076904
0.8301224708557129
0.8259209990501404
0.8272013664245605
0.8264445662498474
0.8193454742431641
0.82697993516922
0.8145541548728943
0.8323339819908142
0.8447408676147461
0.8296768069267273
0.8607104420661926
0.8771209716796875
0.9020413756370544
0.9235588908195496
0
2.2647907733917236
2.258787155151367
1.4424580335617065
1.3925464153289795
1.399556040763855
1.3790435791015625
1.349514126777649
1.367512583732605
1.3696175813674927
1.3649451732635498
1.3827224969863892
1.3981893062591553
0.9932382702827454
0.9717299938201904
0.9504272937774658
0.926950216293335
0.9246464967727661
0.922296941280365
0.9166864156723022
0.8913242816925049
0.9032929539680481
0.8982372283935547
0.9178562164306641
0.9152215123176575
0.9210872054100037
0.933387815952301
0.9614000916481018
0.9721934199333191
1.038087010383606
0
0
0
0
0
0
0
0
0
0
0
0
0
0
0
3.345282793045044
3.295036554336548
2.7678725719451904
2.743501663208008
2.7158594131469727
2.7033779621124268
2.7135345935821533
2.7531466484069824
0
0
3.2101495265960693
3.1234259605407715
3.1180386543273926
3.1141912937164307
3.123852252960205
3.189389705657959
0
0
0
0
0
0
0
0
0
0
0
0
0
0
0
0
0
0
0
0
0
0
0
0
0
0
0
0
0
0
0
0
0
1.5120160579681396
1.451029896736145
1.4404886960983276
1.4335635900497437
1.4231197834014893
1.4364842176437378
1.431607723236084
1.42757248878479
1.4560911655426025
1.4548845291137695
1.5180379152297974
1.9335734844207764
1.8995814323425293
1.8694754838943481
1.8613041639328003
1.8570901155471802
1.8914320468902588
1.8894412517547607
1.914626955986023
1.5860909223556519
1.4838361740112305
1.445128321647644
1.4358073472976685
1.436007022857666
1.4213207960128784
1.4128834009170532
1.425327181816101
1.42202627658844
1.45475172996521
1.4728872776031494
1.5074387788772583
0
0
0
1.873124122619629
1.8460512161254883
1.8133513927459717
1.8051660060882568
1.8069512844085693
1.8155769109725952
1.8195867538452148
1.8444808721542358
1.8813194036483765
0
0
0
0
0
0
0
0
0
0
0
0
0
0
0
0
0
0
0
0
0
0
0
0
0
0
0
0
0
0
0
0
0
0
0
0
0
0
0
0
0
0
0
0
0
0
0
0
0
0
0
0
0
2.499187707901001
2.4869279861450195
2.461136817932129
2.4614970684051514
2.474785804748535
0.7783369421958923
0.769722044467926
0.7295979261398315
0.7132076621055603
0.7197110056877136
0.6924120187759399
0.706063985824585
0.6905518174171448
0.7022117376327515
0.6863988041877747
0.6926709413528442
0.6782640814781189
0.697567343711853
0.7033405303955078
0.7184369564056396
0.6946761608123779
0.7103871703147888
0.7253273129463196
0.7178966403007507
0.757981538772583
0.7584652304649353
1.2001456022262573
1.1863876581192017
1.164674162864685
1.1519427299499512
1.1491467952728271
1.1597561836242676
1.1651532649993896
1.1458547115325928
1.1521027088165283
1.1545135974884033
1.1879793405532837
1.2190797328948975
1.2470325231552124
0
0
0
0
0
0
0.8340007662773132
0.7726224660873413
0.7464203834533691
0.7342813014984131
0.7238203883171082
0.7162914872169495
0.7140674591064453
0.7034435868263245
0.6877910494804382
0.6969277262687683
0.6996526718139648
0.6760437488555908
0.6846288442611694
0.6955685019493103
0.7041673064231873
0.7214215993881226
0.7057645916938782
0.7042668461799622
0.7190229892730713
0.7462280988693237
0.7464678287506104
0.7826038002967834
3.2406952381134033
2.773061513900757
2.684587240219116
2.643221378326416
2.6366002559661865
2.637477397918701
2.6927490234375
2.7316107749938965
0
0
0
0
0
0
0
0
0
0
0
0
0
0
0
0
0
0
0
0
0
0
3.0314972400665283
2.971785545349121
2.9812872409820557
2.9392175674438477
