0
1.2138751745224
1.1770509481430054
1.1549139022827148
1.1474590301513672
1.1257116794586182
1.1473826169967651
1.1368756294250488
1.1085354089736938
1.126969337463379
1.1456372737884521
1.1635276079177856
1.1694262027740479
1.1805088520050049
1.2089678049087524
0.8051244616508484
0.7592158913612366
0.7237125635147095
0.7116019129753113
0.7040311098098755
0.697317361831665
0.6994392275810242
0.6760820150375366
0.6937336325645447
0.6694867610931396
0.668717622756958
0.6803742051124573
0.6762164831161499
0.6855127811431885
0.6927946209907532
0.6783801317214966
0.6784511208534241
0.6890171766281128
0.7061328887939453
0.716596245765686
0.7363970279693604
0.7533096075057983
0
0
0
0
0
0
0
0
0
0
0
0
0
0
0
0
0
0
0
0
0
0
0
0
0
0
0
0
0
0
0
0
0
0
0
0
0
0
0
0
0
0
0
0
3.25536847114563
3.253330707550049
3.2181174755096436
3.2433297634124756
3.293875217437744
0
0
0
2.933413028717041
2.8815369606018066
2.8866984844207764
2.8783695697784424
2.9233875274658203
2.940751791000366
0
0
0
0
0
0
0
0
0
0
0
0
0
0
0
0
0
0
0
0
0
0
0
0
0
0
0
0
0
0
0
0
2.849540948867798
2.7628378868103027
2.7519030570983887
2.7192676067352295
2.7417550086975098
2.790396213531494
1.7280269861221313
1.6693445444107056
1.6306084394454956
1.6598188877105713
1.6397327184677124
1.6377794742584229
1.6333760023117065
1.647889494895935
1.6893467903137207
1.7166500091552734
0
0
0
0
0
3.250528573989868
3.1707887649536133
3.157273769378662
3.1380410194396973
3.174625873565674
3.256338596343994
0
0
0
0
0
0
0
0
0
2.3188929557800293
2.2753114700317383
2.274549961090088
2.277204751968384
2.294666051864624
2.3095715045928955
2.374992609024048
0
0
0
0
0
0
0
0
0
0
0
0
0
0
0
0
0
0
0
0
0
0
0
0
0
0
0
0
0
0
0
0
0
0
0
0
0
0
0
0
0
0.34039708971977234
0.3424704670906067
0.3296022117137909
0.3126007318496704
0.29067832231521606
0.3002817630767822
0.28620997071266174
0.3001485764980316
0.3080107271671295
0.2826182246208191
0.29091477394104004
0.2753848731517792
0.2765098512172699
0.27560365200042725
0.276290625333786
0.27601945400238037
0.27375292778015137
0.2730482220649719
0.264986515045166
0.2671343982219696
0.2775319218635559
0.25922781229019165
0.2550438940525055
0.27392855286598206
0.2531225085258484
0.25791990756988525
0.2796562910079956
0.2668107748031616
0.25959524512290955
0.28021693229675293
0.28945231437683105
0.26998019218444824
0.26398965716362
0.29582440853118896
0.27811816334724426
0.299473375082016
0.30437609553337097
0.2985685467720032
0.3129090368747711
0.3057563900947571
0.3193697929382324
0.33359888195991516
0.35125619173049927
0.3901066780090332
0
0
0
0
0
0
0
0
0
0
0
0
0
0
0
0
0
0
0
0
0
0
0
0
0
0
0
0
0
0
0
0
0
0
1.898857831954956
1.8315037488937378
1.8034093379974365
1.7817655801773071
1.760563850402832
1.7590086460113525
1.7869685888290405
1.7769107818603516
1.8139559030532837
1.8766109943389893
0
0
0
0
0
0
0
0
0
0
0
0
0
0
0
0
0
0
0
0
0
0
0
0
0
0
0
0
0
0
0
0
0
0
0
0
3.121187925338745
3.0502381324768066
0.8271677494049072
0.7692362666130066
0.7645370960235596
0.7487520575523376
0.7427542805671692
0.7204422950744629
0.7299633622169495
0.7340242266654968
0.6992086172103882
0.7115961909294128
0.7244939804077148
0.6980064511299133
0.7158327698707581
0.7244327664375305
0.7240836024284363
0.7095651626586914
0.7424196600914001
0.748649001121521
0.7388501763343811
0.7597867846488953
0.7804407477378845
0.8219905495643616
0
