0.6828199028968811
0.6813276410102844
0.6706714034080505
0.6444125771522522
0.6619413495063782
0.634611964225769
0.6494349837303162
0.6355364322662354
0.6467629671096802
0.6558623313903809
0.6341878175735474
0.6280316114425659
0.6422810554504395
0.6356835961341858
0.6458468437194824
0.6579079627990723
0.65944904088974
0.6691011786460876
0.6865838766098022
0.6927434802055359
0.7139359712600708
0.7868047952651978
0
1.6034071445465088
1.5280659198760986
1.5020473003387451
1.4768997430801392
1.4812397956848145
1.4622693061828613
1.4631767272949219
1.4718559980392456
1.469927191734314
1.4851337671279907
1.5184683799743652
1.5556596517562866
2.273926019668579
2.2501652240753174
2.2602667808532715
2.2587904930114746
2.2566397190093994
2.2446820735931396
2.247396230697632
2.2387290000915527
2.2263259887695312
2.232074022293091
2.2177767753601074
2.2251007556915283
0
0
2.1640942096710205
2.155048370361328
2.157130718231201
2.1519980430603027
2.1769797801971436
2.1754069328308105
2.172868013381958
2.177065849304199
2.1963741779327393
2.1877405643463135
2.2085046768188477
2.2255971431732178
2.219512462615967
2.2186334133148193
2.2550342082977295
2.2599005699157715
2.2620608806610107
2.280564546585083
2.2765092849731445
2.3171470165252686
2.3225159645080566
2.3524889945983887
2.3555309772491455
2.629701614379883
2.517429828643799
2.4223666191101074
2.345432996749878
2.264857769012451
2.1904749870300293
2.110135793685913
2.0598528385162354
2.0082364082336426
1.9488897323608398
1.9021954536437988
1.8440465927124023
1.8054134845733643
1.7846544981002808
1.729642629623413
1.6694386005401611
1.6478525400161743
1.6018458604812622
1.5900331735610962
1.5518765449523926
1.5176218748092651
1.4986371994018555
1.4745217561721802
1.4581432342529297
1.4420257806777954
1.407617211341858
1.3764551877975464
1.3671832084655762
1.345912218093872
1.3213262557983398
1.3347879648208618
1.29684579372406
1.2934021949768066
1.2506816387176514
1.240473747253418
1.2311314344406128
1.2451403141021729
1.2806204557418823
1.2208192348480225
1.1917310953140259
1.1972568035125732
1.1657984256744385
1.16495680809021
1.1515127420425415
1.1636840105056763
1.1409565210342407
1.1297407150268555
1.1250932216644287
1.1254576444625854
1.1144309043884277
1.1235976219177246
1.1014963388442993
1.10538649559021
1.1155766248703003
1.092413306236267
1.0908366441726685
1.0937447547912598
1.0898010730743408
1.0942143201828003
1.0829122066497803
1.0749865770339966
1.0649092197418213
1.0602611303329468
1.048161506652832
1.0883539915084839
1.0702006816864014
1.085823655128479
1.0782873630523682
1.0466302633285522
1.0787242650985718
1.0775595903396606
1.0825129747390747
1.0640835762023926
1.0854685306549072
1.0796945095062256
1.0802443027496338
1.0914783477783203
1.075085163116455
1.0949338674545288
1.0957480669021606
1.1111562252044678
1.1147488355636597
1.1103812456130981
1.1148656606674194
0
0
0
0
0
0
0
0
0
0
0
0
0
0
0
0
2.9041085243225098
2.860245704650879
2.8607394695281982
2.877073049545288
2.9152843952178955
0
0
0
0
0
0
0
0
0
0
0
0
0
0
0
0
0
0
0
0
0
0
0
0
0
3.451878309249878
3.3831381797790527
3.373300313949585
3.3622028827667236
3.3329532146453857
3.3124892711639404
3.2722573280334473
3.396458625793457
0
3.2311112880706787
3.2183830738067627
3.194873332977295
3.179396390914917
3.197493076324463
3.1779487133026123
3.1628808975219727
0
0
0
0
0
0
0
0
0
0
0
0
0
0
0
0
2.735020875930786
2.6514577865600586
2.6410374641418457
2.6543538570404053
2.6484012603759766
2.6680796146392822
2.7379469871520996
1.410203456878662
1.3929519653320312
1.3491606712341309
1.3510375022888184
1.3244597911834717
1.3489335775375366
1.337019443511963
1.3327590227127075
1.3325353860855103
1.3546741008758545
1.3759682178497314
1.4253699779510498
0
3.125570297241211
3.060117483139038
3.059252977371216
3.0658116340637207
3.086130142211914
3.1501269340515137
0
0
0
0
0
0
0
0.5922413468360901
0.5613412261009216
0.5405749678611755
0.5300000309944153
0.5190172791481018
0.5159755945205688
0.510351300239563
0.4931907057762146
0.48880380392074585
0.4885011911392212
0.4663968086242676
0.48453110456466675
0.5012235045433044
0.4745785593986511
0.46292608976364136
0.4704284965991974
0.47953182458877563
0.4711076021194458
0.4771896302700043
0.4759562015533447
0.48641955852508545
0.5046442151069641
0.48895716667175293
0.5007854104042053
0.5144766569137573
0.5188508629798889
0.5371738076210022
0.5502818822860718
0.5589572191238403
1.6261483430862427
1.6394182443618774
1.6373475790023804
1.674781322479248
1.6727489233016968
1.7395323514938354
0
0
0
0
0
0
0
0
0
0
0
0
0
0
0
0
1.8740952014923096
1.803538203239441
1.7733856439590454
1.7515861988067627
1.747025728225708
1.7432783842086792
1.7283319234848022
1.747583031654358
1.765297770500183
1.8060531616210938
0
0
0
0
0
0
0
0
0
0
0
0
0
0
0
0
0
0
2.945378303527832
2.9118595123291016
2.8802733421325684
2.889697551727295
2.9087626934051514
2.9658257961273193
0
0
0
0
0
0.7514090538024902
0.7326841950416565
0.717933177947998
