0
0
0
0
0
0
0
0
0
0
0
0
0
0
0
0
0
0
0
0
0
0
0
0
0
0
3.2356598377227783
3.1771113872528076
3.0981013774871826
3.0017807483673096
2.9715211391448975
2.9723098278045654
3.0171213150024414
3.063798666000366
3.1161580085754395
2.8938255310058594
2.9488773345947266
2.9931774139404297
3.0350143909454346
3.1139001846313477
3.1923329830169678
3.1356606483459473
3.0770070552825928
3.035264015197754
3.024326801300049
2.9996299743652344
2.9493000507354736
2.8904407024383545
2.8654534816741943
2.839254856109619
2.807013750076294
2.3394134044647217
2.4450674057006836
2.5135154724121094
1.5545841455459595
1.487654209136963
1.478588581085205
1.4451261758804321
1.4438953399658203
1.3988200426101685
1.3707610368728638
1.3597322702407837
1.3370779752731323
1.307740330696106
1.2963943481445312
1.2767913341522217
1.2400095462799072
1.2418726682662964
1.2341656684875488
1.2034480571746826
1.1878235340118408
1.1772278547286987
1.153696060180664
1.174219012260437
1.1437649726867676
1.1299620866775513
1.1216871738433838
1.1320120096206665
1.0918668508529663
1.0991461277008057
1.079404354095459
1.0718436241149902
1.053120493888855
1.0380144119262695
1.0466114282608032
1.0450960397720337
1.051578164100647
1.0317553281784058
1.0262471437454224
1.0671985149383545
1.1421438455581665
1.2225582599639893
1.3387154340744019
2.6948440074920654
2.6797056198120117
2.668956995010376
2.657862424850464
2.6624386310577393
2.6484668254852295
2.6477086544036865
2.627427339553833
0
0
0
0
0
0
0
0
0
0
0
0
0
0
0
0
0
0
0
0
0
0
0
0
0
0
0
0
0
0
2.319448709487915
0
0
0
0
0
0
0
0
0
0
0
0
0
0
0
0
0
0
0
0
0
0
0
0
0
0
2.6047756671905518
2.5923900604248047
2.579784870147705
2.570773124694824
2.5726943016052246
2.575803756713867
2.5650784969329834
2.5536603927612305
2.547945737838745
3.110165596008301
0
0
0
0
0
0
0
0
0
0
3.276352643966675
2.9014039039611816
2.6015865802764893
2.3552284240722656
2.14467453956604
1.9752020835876465
1.8104588985443115
1.6911033391952515
1.609499216079712
1.5006461143493652
1.41793954372406
1.3255833387374878
1.3535444736480713
1.3315742015838623
1.1888105869293213
1.114892840385437
1.1012110710144043
1.047276258468628
1.0198757648468018
0.981986939907074
0.9216621518135071
0.9047223329544067
0.8782320022583008
0.8488025069236755
0.8155325055122375
0.8076200485229492
0.7747275829315186
0.7676294445991516
0.7479131817817688
0.7091320157051086
0.7073594331741333
0.7087534070014954
0.6899775862693787
0.6752074956893921
0.6558979153633118
0.6510205864906311
0.6325588822364807
0.619145393371582
0.6181294322013855
0.5918630361557007
0.5889089703559875
0.5956374406814575
0.5686780214309692
0.5859138369560242
0.5435006618499756
0.5413517951965332
0.5407519936561584
0.5353386402130127
0.5356793403625488
0.5121350884437561
0.5182003974914551
0.48086223006248474
0.48797744512557983
0.5017538666725159
0.4961494207382202
0.49095427989959717
0.47737210988998413
0.4910928010940552
0.4720726013183594
0.4623086750507355
0.4728854298591614
0.467138409614563
0.47497323155403137
0.45554572343826294
0.44415703415870667
0.46025872230529785
0.43852749466896057
0.44925370812416077
0.44570279121398926
0.42823663353919983
0.4494759142398834
0.42783936858177185
0.443890780210495
0.46344420313835144
0.42854660749435425
0.4309629201889038
0.41698262095451355
0.45074841380119324
0.4558313488960266
0.42848652601242065
0.44530680775642395
0.4430589973926544
0.42907339334487915
0.4474472105503082
0.45304250717163086
0.4388691782951355
0.4246992766857147
0.4257819652557373
0.43817606568336487
0.4379068911075592
0.44639885425567627
0.4467805325984955
0.44067591428756714
0.43135491013526917
0.43070027232170105
0.4522746503353119
0.45502209663391113
0.4564290940761566
0.46589046716690063
0.4350531995296478
0.45766106247901917
0.4634641110897064
0.4646875262260437
0.46602344512939453
0.47135278582572937
0.4659022092819214
0.4833686053752899
0.4761659502983093
0.47456496953964233
0.49665892124176025
0.4790405333042145
0.506271481513977
0.5125515460968018
0.5015252232551575
0.4946945011615753
0.5362946391105652
0.5191152691841125
0.5245664119720459
0.547129213809967
0.5543363690376282
0.5431566834449768
0.5616594552993774
0.562203049659729
0.5750141739845276
0.5790638327598572
0.5737714767456055
0.5974598526954651
0.5962973833084106
0.6163775324821472
0.6260018944740295
0.6444583535194397
0.6512061357498169
0.6793646216392517
0.6835342645645142
0.6979920268058777
0.7049947381019592
0.7267482280731201
0.7304104566574097
0.7815499305725098
0.7909750938415527
0.8104434013366699
0.831491231918335
0.8758246302604675
0.8829633593559265
0.8843311071395874
0.9620423913002014
0.9764324426651001
1.0074342489242554
1.055410623550415
1.086586356163025
1.1538954973220825
1.1900360584259033
1.2486200332641602
1.3078550100326538
1.380568027496338
1.4511661529541016
1.5555579662322998
1.6716861724853516
1.768028736114502
1.896189570426941
2.185626268386841
2.1689417362213135
2.226550579071045
2.4531354904174805
2.77044677734375
3.158539295196533
0
0
0
0
0
0
0
0
0
0
0
0
0
0
0
0
