0
0
0
0
0
0
0
0
0
0
0
0
0
0
0
0
0
0
0
0
0
0
0
0
0
0
0
0
0
0
0
0
0
0
0
0
0
0
0
0
0
0
0
0
0
0
0
0
0
0
0
0
0
0
0
0
0
0
0
0
0
0
0
0
0
0
0
0
0
0
0
0
0
0
0
0
0
0
2.768861770629883
2.754589796066284
2.7339210510253906
2.745971441268921
2.7765793800354004
2.822434186935425
0
0
0
0
0
0
0
0
0
2.590994119644165
2.536356210708618
2.4959590435028076
2.5035970211029053
2.5142199993133545
2.5264840126037598
2.584749937057495
0
1.245902419090271
1.2320201396942139
0
0
0
0
0
0
0
0
0
0
0
0
0
0
0
0
0
0
2.8050503730773926
2.7457282543182373
2.743734836578369
2.738269567489624
2.7620086669921875
2.849602460861206
0
0
0
0
0
0
0
0
0
3.274442672729492
3.241726875305176
3.23553466796875
3.248887777328491
3.303312063217163
0
0
0
0
0
0
0
0
2.8607561588287354
2.8048620223999023
2.8103153705596924
2.8100974559783936
2.814678192138672
2.8657138347625732
0
0
0
0
0
0
0
0
2.4484832286834717
2.411151885986328
2.389533042907715
2.36915922164917
2.38724684715271
2.4320566654205322
2.5112059116363525
0
0
0
0
0
0
0
0
0
0
0
0
0
0
0
0
0
0
0
0
0
0
3.455090284347534
3.423909902572632
2.4042067527770996
2.345869779586792
2.328563928604126
2.3041574954986572
2.3189969062805176
2.3393163681030273
2.358725070953369
0
0
0
0
0
0
0
0
0
0
0
0
0
0
0
0
0
0
0
2.6993894577026367
2.673501491546631
2.6563236713409424
2.6440019607543945
2.677841901779175
2.7279043197631836
0
0
0
0
0
0
0
0
0
0
0
0
0
0
0
0
0
0
0
0
0
0
1.3110305070877075
1.3102302551269531
0
0
0
0
0
0
0
0
0
0
0
0
0
0
3.1660778522491455
0
0
0
0
0
0
0
0
0
0
0
0
0
0
0
0
0
0
0
0
0
0
0
0
0
0
0
0
0
0
0
0
0
0
0
0
0
0
0
0
0
0
0
0
0
0
0
0
0
0
0
0
0
0
0
0
0
0
0
0
0
0
0
0
0
0
0
0
0
0
0
0
0
1.192041039466858
1.1766880750656128
1.2046968936920166
0
0
0
0
0
0
0
0
0
0
0
0
0
0
0
0
0
0
0
