0
0
0
0
0
0
0
0
0
0
0
0
0
0
0
0
0
0
0
0
0
0
0
0
0
0
0
2.0805764198303223
0
0
0
0
0
0
0
0
0
0
0
0
0
0
0
0
0
0
0
0
0
0
0
0
0
0
0
0
3.0011863708496094
2.9768757820129395
2.9598190784454346
2.9774630069732666
2.9885451793670654
3.0714528560638428
0
0
0
0
0
0
0
0
0
0
0
0
0
0
0
0
0
0
1.6720194816589355
1.6183274984359741
1.5865135192871094
1.5892318487167358
1.5587776899337769
1.564968466758728
1.5765191316604614
1.5531641244888306
1.6037803888320923
1.602710247039795
1.6510320901870728
0
0
0
0
0
3.1512184143066406
3.100273370742798
3.0665605068206787
3.0725884437561035
3.0914366245269775
3.1464576721191406
0
0
0
0
0
0
0
0
0
0
0
0
0
0
0
0
0
0
0
0
0
0
1.9429450035095215
1.9172682762145996
1.9096256494522095
1.8642596006393433
1.8883929252624512
1.9062180519104004
1.910056233406067
1.935659408569336
2.002183198928833
0
0
0
0
3.1737568378448486
3.1230814456939697
3.0943379402160645
3.098482370376587
3.1177866458892822
3.1762607097625732
0
0
0
0
0
0
0
0
0
0
0
0
0
0
0
0
0
0
0
0
0
0
0
0
0
0
0
0
0
0
0
0
0
0
0
0
0
0
0
0
0
0
0
0
0
0
0
0
0
0
0
0
0
0
0
0
0
0
0
0
0
0
0
0
0
0
0
0
0
0
0
0
0
0
0
0
0
0
0
0
0
0
0
0
0
0
0
0
0
0
0
0
0
0
0
0
0
0
0
0
0
0
0
0
0
0
0
0
0
0
0
0
0
0
0
0
0
0
0
0
0
0
0
0
0
0
0
0
0
0
0
0
0
0
0
0
0
3.477036952972412
3.461388111114502
1.9027538299560547
1.8403780460357666
1.8141895532608032
1.8073127269744873
1.7749958038330078
1.791944146156311
1.791070818901062
1.7961485385894775
1.8307383060455322
1.8949260711669922
3.225649833679199
2.510558605194092
2.471005439758301
2.452265739440918
2.4570767879486084
2.4719204902648926
2.4901187419891357
2.561441659927368
1.996771216392517
1.9780340194702148
1.9381183385849
1.9300814867019653
1.9354809522628784
1.9227418899536133
1.940340518951416
1.9678245782852173
2.0076422691345215
3.140347480773926
3.129952907562256
3.1543734073638916
3.167185068130493
3.1602249145507812
3.163343667984009
3.1904196739196777
3.175326347351074
3.1942946910858154
3.2163639068603516
3.2207190990448
3.2500598430633545
3.2348530292510986
3.261425256729126
3.2997591495513916
3.312760829925537
3.3057937622070312
3.327885866165161
3.3541207313537598
3.380124092102051
3.3864612579345703
3.420901298522949
3.4616706371307373
3.4787793159484863
0
0
0
0
0
0
0
0
2.5532214641571045
2.4723706245422363
2.4296085834503174
2.4243786334991455
2.410329580307007
2.4432456493377686
2.4562313556671143
2.5019664764404297
0
0
0
0
0
0
0
0
0
0
0
