2.7794625759124756
2.7717502117156982
2.7653276920318604
2.7363154888153076
2.739564895629883
2.6968789100646973
2.693645715713501
2.6984329223632812
2.684628486633301
2.6736810207366943
2.6796913146972656
2.6559362411499023
2.6542980670928955
2.6491177082061768
2.6406285762786865
2.636993646621704
2.637911319732666
2.632032632827759
1.1664177179336548
1.1273748874664307
1.1181641817092896
1.081141710281372
1.0800790786743164
1.0875403881072998
1.095352053642273
1.0956156253814697
1.0738035440444946
1.0918468236923218
1.0758895874023438
1.1104364395141602
1.1243857145309448
1.1546329259872437
1.1668510437011719
2.72847056388855
2.732750654220581
2.7539868354797363
2.767845630645752
2.7855381965637207
2.7793054580688477
2.802299976348877
2.8141837120056152
2.8323745727539062
2.877711296081543
2.882272481918335
2.9285640716552734
2.94589900970459
2.986665725708008
3.0087201595306396
3.0272650718688965
3.0464606285095215
3.0960426330566406
3.14198637008667
3.1690142154693604
3.2171294689178467
3.22981595993042
3.2758166790008545
3.32353138923645
3.363435745239258
3.404646158218384
3.470065116882324
0
0
0
0
0
0
0
0
0
0
0
0
0
0
0
0
0
2.221459150314331
2.1429238319396973
2.0615034103393555
2.0688624382019043
2.0841879844665527
2.11079740524292
2.1164278984069824
2.1353976726531982
2.18379545211792
2.216057062149048
2.2369937896728516
2.2585105895996094
2.303084135055542
2.329282283782959
2.3616044521331787
2.405912399291992
2.4300193786621094
2.4676432609558105
2.5133588314056396
2.5566699504852295
2.6127588748931885
2.6571738719940186
2.718339681625366
2.7663352489471436
2.825639486312866
2.8984875679016113
2.9580748081207275
3.013720750808716
3.0970609188079834
3.1583564281463623
3.2718913555145264
3.359804153442383
3.4461116790771484
0
0
0
0
0
0
0
0
0
0
2.134783983230591
2.062744379043579
2.0426483154296875
2.0397584438323975
2.032691240310669
2.043675422668457
2.0608718395233154
2.1135482788085938
0
0
0
0
0
0
0
0
0
0
0
0
0
0
0
0
0
0
0
0
0
0
1.155073881149292
1.1186338663101196
1.0881813764572144
1.076520562171936
1.0710227489471436
1.0521687269210815
1.0605531930923462
1.047023892402649
1.0448763370513916
1.0499101877212524
1.063903570175171
1.0701045989990234
1.0874943733215332
1.1131818294525146
1.1541671752929688
2.9176812171936035
0
0
0
0
0
0
0
0
0
0
0
0
0
0
0
0
0
0
0
2.564865827560425
2.5672388076782227
2.5524604320526123
2.5699827671051025
2.544959545135498
2.5657732486724854
2.577181577682495
2.5796635150909424
2.584425449371338
2.5643904209136963
2.594803810119629
2.627206563949585
2.616208553314209
2.628246545791626
2.6370935440063477
2.6496517658233643
2.6551737785339355
2.6949524879455566
2.674842357635498
2.7053236961364746
2.7060012817382812
2.7420849800109863
2.771026611328125
2.7858614921569824
2.7928521633148193
2.832078456878662
2.8464670181274414
2.86865496635437
2.893435478210449
2.9244678020477295
2.955919027328491
2.995666027069092
3.007127285003662
3.036191463470459
3.0868847370147705
3.143409013748169
3.167281150817871
3.212841033935547
3.240722894668579
3.3059115409851074
3.327502489089966
3.391993284225464
3.435654878616333
0
0
0
0
0
0
0
1.2647686004638672
1.2432281970977783
1.2201071977615356
1.1983188390731812
1.1753439903259277
1.1762025356292725
1.172868013381958
1.1674058437347412
1.190813660621643
1.2105129957199097
1.2040437459945679
1.215598702430725
1.2584350109100342
0
0
0
0
0
0
0
0
0
0
0
0
0
0
0
0
0
0
0
0
0
0
0
0
0
0
3.346085548400879
3.3050427436828613
3.297901153564453
3.324920892715454
3.3441109657287598
0
0
0
0
1.1617810726165771
1.1125003099441528
1.0986554622650146
1.0830280780792236
1.077335238456726
1.0545876026153564
1.0592581033706665
1.0636214017868042
1.0507421493530273
1.0537774562835693
1.0740870237350464
1.0788499116897583
1.0851595401763916
1.104548454284668
1.1134144067764282
0
0
0
0
0
0
0
0
0
0
0
0
0
0
0
0
0
0
0
0
0
0
0
0
0
0
0
0
0
0
0
0
0
0
0
0
0
0
0
3.486999273300171
3.4240598678588867
3.3919289112091064
3.336648464202881
3.3161299228668213
3.2362473011016846
3.211111307144165
3.1756627559661865
3.138625144958496
3.0989787578582764
3.070009231567383
3.042098045349121
3.0182721614837646
2.9949917793273926
2.9441721439361572
2.915254592895508
2.907421112060547
2.8723630905151367
2.8725836277008057
2.847485303878784
2.838587522506714
2.7768614292144775
2.7646055221557617
