0
0
0
0
0
0
0
0
1.8922227621078491
1.8619834184646606
1.8371886014938354
1.8195220232009888
1.8290059566497803
1.8310942649841309
1.8455541133880615
1.8591985702514648
1.8980286121368408
0
0
0
0
0
0
0
0
0
0
0
0
0
0
0
0
0
0
0
0
0
0
0
0
0
0
0
0
0
0
0
0
0
0
0
0
0
0
0
0
0
0
0
0
0
3.2195889949798584
3.1765499114990234
3.191636085510254
2.2926182746887207
2.259544610977173
2.25132417678833
2.238696813583374
2.2294411659240723
2.2637104988098145
2.285137891769409
0
0
0
0
0
0
0
0
0
0
0
0
0
0
0
0
0
0
0
0
0
0
0
0
1.1713131666183472
1.1212490797042847
1.0993822813034058
1.1044199466705322
1.068472146987915
1.061882495880127
1.0552945137023926
1.0649728775024414
1.0722525119781494
1.0495636463165283
1.0507205724716187
1.081857681274414
1.0857019424438477
1.1197013854980469
1.1438493728637695
0
2.614215135574341
2.6478190422058105
2.637996196746826
2.6140148639678955
2.6345696449279785
2.6268792152404785
2.6160943508148193
2.634326696395874
2.6289825439453125
2.6284685134887695
2.6486330032348633
2.6538901329040527
2.6551384925842285
2.6612608432769775
2.662304401397705
2.6834561824798584
2.680494785308838
2.696122884750366
2.708574056625366
2.713442087173462
2.7318708896636963
0
0
0
0
0
0
0
0
0
0
0
0
0
0
0
0
0
0
0
0
0
0
0
0
0
0
0
0
0
0
0
0
0
1.4280198812484741
1.36690354347229
1.3664019107818604
1.3389101028442383
1.3176343441009521
1.3274844884872437
1.3247143030166626
1.3175019025802612
1.3319435119628906
1.3416434526443481
1.367754340171814
1.376369595527649
0
0
3.1067776679992676
3.096626043319702
3.0793042182922363
3.076221227645874
3.132655143737793
0
0
0
0
0
0
0
0
0
0
0
0
0
0
0
0
0
0
0
0
0
0
0
0
0
0
0
0
0
0
0
0
0
0
0
0
0
0
0
0
0
0
0
0
0
0
0
0
0
0
0
0
2.66353702545166
2.623595952987671
2.616076707839966
2.5989391803741455
2.6275079250335693
2.6845836639404297
0
0
0
0
0
0
0
0
0
0
0
0
0
0
0
0
0
0
0
0
0
0
0
0
0
0
0
0
0
0
0
0
0
0
0
0
0
0
0.8406031131744385
0.7928053736686707
0.7845707535743713
0.7827209830284119
0.7526718974113464
0.7489725351333618
0.7278653979301453
0.7371538281440735
0.7452031970024109
0.7331703901290894
0.711685061454773
0.7314627766609192
0.7418439984321594
0.751641035079956
0.7422769665718079
0.7400064468383789
0.7497046589851379
0.7580481171607971
0.7809743285179138
0.7892082929611206
0.8464793562889099
1.5331432819366455
1.5067607164382935
1.4889012575149536
1.458023190498352
1.4427170753479004
1.4215550422668457
1.4176865816116333
1.4028135538101196
1.3645981550216675
1.3700238466262817
1.3961708545684814
1.455378770828247
1.4904261827468872
1.5480245351791382
1.6076102256774902
1.6528211832046509
1.7267099618911743
1.7715762853622437
1.8527311086654663
1.9405320882797241
2.0404632091522217
2.1380972862243652
2.2556099891662598
0
0
0
0
0
0
0
0
0
0
0
0
0
0
0
0
0
0
0
0
0
0
0
0
0
0
0
0
0
0
0
0
0
0
0
