0.3885091543197632
0.4014529287815094
0.3987741470336914
0.38741540908813477
0.4070366621017456
0.4101909399032593
0.4016540050506592
0.426747590303421
0.4341757297515869
0.426184743642807
0.4217301905155182
0.4395156800746918
0.4513421356678009
0.45405247807502747
0.4672263562679291
0.480882465839386
1.1145578622817993
2.5361366271972656
2.5620715618133545
2.5961599349975586
0
0
0
0
0
0
0
0
0
0
0
0
0
0
0
0
0
0
0
0
0
0
0
0
0
0
0
0
2.169116258621216
2.110301971435547
2.0829291343688965
2.0753607749938965
2.0779573917388916
2.0681169033050537
2.0761678218841553
2.1097073554992676
2.1775426864624023
0
0
0
0
0
0
0
0
0
0
0
0
0
0
0
0
0
0
0
0
0
0
0
0
0
0
0
0
0
0
0
0
0
0
0
0
0
2.756300687789917
2.691688060760498
2.6699600219726562
1.1372064352035522
1.120547890663147
1.1233479976654053
2.817394971847534
0
0
0
0
0
0
0
0
0
0
3.4770331382751465
3.470836877822876
3.4984018802642822
0
0
0
0
0
0
0
0
0
0
0
0
0
0
0
0
0
0
0
0
0
0
0
1.7803990840911865
1.726417064666748
1.7063250541687012
1.7043070793151855
1.6697863340377808
1.6736106872558594
1.7077460289001465
1.7085384130477905
1.7243683338165283
1.796816110610962
0
0
0
0
0
0
0
0
1.3401026725769043
1.297989010810852
1.2828019857406616
1.2707091569900513
1.2794564962387085
1.2583764791488647
1.2628921270370483
1.2746013402938843
1.275010585784912
1.3044259548187256
1.3110872507095337
1.3484336137771606
0
0
0
0
0
0
0
2.1011645793914795
2.0717976093292236
2.0515878200531006
2.0236871242523193
2.0457162857055664
2.040147066116333
2.0780327320098877
2.1331217288970947
0
0
0
0
0
0
0
0
0
0
0
0
0
0
0
0
0
0
0
0
0
0
0
0
0
0
0
0
0
0
0
0
0
0
0
0
0
0
0
0
0
0
0
0
0
0
0
0
0
0
0
0
0
0
0
0
0
0
0
0
0
0
0
0
0
0
0
0
0
0
0
0
0
0
0
0
0
0
0
0
0
0
0
0
0
2.481787919998169
2.452633857727051
2.4226303100585938
2.417948007583618
2.4294400215148926
2.42999005317688
2.4851367473602295
0
0
0
0
2.8285160064697266
2.768465280532837
2.755103349685669
2.7433929443359375
2.769411087036133
2.8100857734680176
0
0
0
3.215571880340576
3.162226915359497
3.1483144760131836
3.1487531661987305
3.205016851425171
0
0
0
0
0
0
0
0
0
0
0
0
0
0
0
0
0
0
0
0
0
0
0
0
0
0
0
0
0
0
0
0
0
0
0
0
0
0
0
0
2.7039456367492676
2.679091691970825
2.661710500717163
1.0799309015274048
1.0498788356781006
1.0391324758529663
1.5291523933410645
1.5019078254699707
1.4954099655151367
1.480965256690979
0.5273524522781372
0.48611390590667725
0.4695543050765991
0.454832524061203
0.45038798451423645
0.44577649235725403
0.42887774109840393
0.41964566707611084
0.42240822315216064
0.4258039891719818
0.4195450246334076
0.4258650541305542
0.4171515703201294
0.37508782744407654
0.40795597434043884
0.40846291184425354
0.40449580550193787
0.40301528573036194
