0
0
0
0
0
0
0
0
0
0
0
0
0
0
2.4860174655914307
2.4315528869628906
2.414977788925171
2.3590087890625
2.3781795501708984
2.402738571166992
2.4292197227478027
2.461291790008545
0
0
0
0
0
0
0
0
0
0
0
0
0
0
0
0
0
0
0
0
0
0
0
0
0
0
0
0
0
0
0
0.5944547057151794
0.5373566150665283
0.5475332736968994
0.5411456823348999
0.5409676432609558
0.5232668519020081
0.516922116279602
0.5053424835205078
0.5231037735939026
0.514879047870636
0.5060819387435913
0.49075251817703247
0.48427119851112366
0.48845380544662476
0.48938143253326416
0.5070483684539795
0.4980059564113617
0.5021182894706726
0.48849037289619446
0.5097389221191406
0.49079105257987976
0.5295877456665039
0.5143667459487915
0.5213482975959778
0.5396989583969116
0.5521156787872314
0.5451510548591614
0.6038192510604858
3.489060878753662
0
0
0
0
0
0
0
0
0
0
0
0
0
0
0
3.127537250518799
3.040069341659546
3.006910800933838
3.020808696746826
3.022982358932495
3.0601589679718018
0
1.9748941659927368
1.931363821029663
1.915192723274231
1.8832627534866333
1.8885023593902588
1.8787765502929688
1.8951910734176636
1.9221612215042114
1.9655472040176392
0
0
0
0
0
0
0
0
0
0
0
0
0
0
0
0
0
0
0
0
0
0
0
0
0
0
0
0
0
0
0
0
0
2.725236177444458
2.663635730743408
2.6338894367218018
2.6233434677124023
2.635456085205078
2.670783519744873
0
0
0
0
0
0
0
0
0
0
0
0
0
0
0
0
0
0
0
0
0
0
0
0
0
0
0
0
0
0
0
0
0
0
0
0
0
0
0
0
0
0
0
0
0
0
0
0
0
0
0
0
0
0
0
0
0
0
0
0
0
0
0
0
0
0
0
0
0
0
0
0
0
0
0
0
0
0
0
0
0
0
0
0
0
0
0
0
0
0
0
0
0
0
0
0
0
0
0
0
0
0
0
0
0
0
0
0
0
0
0
0
0
0
0
0
0
0
0
0
0
0
0
0
0
0
0
0
0
0
0
0
0
0
0
0
0
0
0
0
0
0
0
0
0
0
0
0
0
0
0
0
0
0
0
0
0
0
0
0
0
0
0
0
0
0
0
0
0
0
0
0
0
0
0
0
0
0
0
0
0
0
0
0
0
0
0
0
0
0
0
0
0
0
0
0
0
0
0
0
0
0
0
0
0
0
0
0
