1.7962541580200195
1.7060900926589966
1.6309226751327515
0.7210333347320557
0.6814314723014832
0.6699146032333374
0.6418107748031616
0.6346291899681091
0.6301172971725464
0.6313117146492004
0.6221697926521301
0.6140349507331848
0.6216210722923279
0.6130142211914062
0.6119972467422485
0.6209741234779358
0.6030766367912292
0.625188410282135
0.6286066174507141
0.6186094880104065
0.6257652640342712
0.6435228586196899
0.649593710899353
0.6459138989448547
0.6638820767402649
0.6867576837539673
0.7138106226921082
2.1595752239227295
2.7655653953552246
2.838561534881592
2.8790597915649414
2.9373953342437744
3.0070784091949463
3.0568933486938477
3.0655970573425293
3.0158867835998535
2.9818499088287354
2.9465863704681396
2.9340078830718994
2.8738396167755127
2.9416587352752686
0
0
0
0
0
0
1.8704719543457031
1.8167215585708618
1.8149454593658447
1.7865724563598633
1.789605975151062
1.7879241704940796
1.7903242111206055
1.812416911125183
1.83796226978302
0
3.1163413524627686
3.061002731323242
3.0305023193359375
3.0257608890533447
3.046532392501831
3.082984685897827
0
0
0
0
0
0
0
0
0
0
0
0
0
0
0
0
0
0
0
0
0
0
2.7601640224456787
2.741706609725952
2.733807325363159
2.7104134559631348
2.7470273971557617
2.7890872955322266
0
0
0
0
0
0
0
2.682929039001465
2.5583560466766357
2.5678486824035645
2.6032824516296387
1.3051471710205078
1.2808352708816528
1.233016014099121
1.2134004831314087
1.2326068878173828
1.2057307958602905
1.206190586090088
1.195299744606018
1.1985684633255005
1.2132713794708252
1.2211635112762451
1.2282885313034058
1.2785775661468506
1.3191732168197632
1.648777723312378
1.6756654977798462
1.6981152296066284
1.7492012977600098
1.7611799240112305
1.8142002820968628
1.845902681350708
1.8986890316009521
1.9377261400222778
1.945695400238037
1.9091089963912964
1.8890511989593506
1.8630170822143555
1.8415364027023315
1.8216429948806763
1.811326503753662
1.7912942171096802
1.7497663497924805
1.748475193977356
1.7251904010772705
1.7198011875152588
1.6923167705535889
1.7049152851104736
1.6705633401870728
1.653157353401184
1.6694355010986328
1.6460016965866089
1.6442608833312988
1.6288137435913086
1.6196156740188599
1.5938085317611694
1.1832672357559204
1.2179192304611206
1.3027405738830566
1.4181870222091675
1.544041395187378
0
0
0
0
0
0.7527480125427246
0.7293667793273926
0.6994638442993164
0.7105904221534729
0.6867142915725708
0.6879370808601379
0.6543293595314026
0.6533699035644531
0.6523240804672241
0.656767725944519
0.6552479267120361
0.6568511128425598
0.6375541687011719
0.6550257802009583
0.66163569688797
0.6804688572883606
0.6554626822471619
0.6651070713996887
0.6805583834648132
0.6927495002746582
0.7243465185165405
0.7446295022964478
0
0
0
0
0
0
0
0
0
0
0
0
0
0
0
0
0
0
0
0
0
0
0
0
0
0
0
0
0
0
0
0
0
0
0
0
0
0
0
0
0
0
0
0
0
0
0
2.0839171409606934
2.0113956928253174
2.0056538581848145
1.974403977394104
1.968191146850586
1.9754480123519897
1.9909052848815918
2.0031535625457764
2.0855865478515625
0
0
0
3.2215259075164795
3.175631046295166
3.171755075454712
3.1838600635528564
3.217986583709717
0
0
0
0
0
0
0
0
0
0
0
0
0
0
0
0
0
0
2.3444571495056152
2.2821977138519287
2.261704206466675
2.260136604309082
2.2775118350982666
2.262287139892578
2.2995309829711914
2.3516814708709717
0
0
0
0
0
0
0
0.9832677245140076
0.9594862461090088
0.9447007179260254
0.9253506660461426
0.9144721031188965
0.9047344923019409
0.912766695022583
0.9075388312339783
0.9107460379600525
0.9032928347587585
0.8900025486946106
0.9075443744659424
0.8933660984039307
0.9130139350891113
0.924204409122467
0.943115770816803
0.9808761477470398
3.098410129547119
3.0778815746307373
3.0431711673736572
3.102860689163208
3.142812967300415
3.211073398590088
3.2651612758636475
0
0
0
0
0
0
0
0
0
0
0
0
0
0
0
0
0
0
0
0
0
0
0
0
0
0
0
0
0
0
0
3.409816265106201
3.3623125553131104
3.3473215103149414
3.357391834259033
3.4143271446228027
0
0
0
0
0
0
0
0
0
0
0
0
3.4189302921295166
3.3916168212890625
3.3768646717071533
3.409414052963257
3.4435670375823975
0
0
0
0
0
1.9150588512420654
1.8130210638046265
