0.6064114570617676
1.3184524774551392
1.3255305290222168
1.3195319175720215
1.3284982442855835
1.3336056470870972
1.336879849433899
1.3407896757125854
1.3681756258010864
1.3815525770187378
1.4471068382263184
0
0
0
0
0
0
0
0
0
0
0
0
0
0
0
0
0
0
0
0
2.9129598140716553
2.882469892501831
2.8892593383789062
2.877824544906616
2.8991310596466064
2.953260660171509
0
0
0
0
0
0
0
0
1.6999566555023193
1.6315501928329468
1.6397348642349243
1.6145656108856201
1.6210757493972778
1.63364839553833
1.6377614736557007
1.6327826976776123
1.662881851196289
1.6959573030471802
0
0
0
0
0
0
0
0
0
0
0
0
0
2.9961092472076416
2.9478533267974854
2.9570424556732178
2.9498589038848877
2.981178045272827
3.038289785385132
0
0
0
1.1204015016555786
1.0894869565963745
1.0523959398269653
1.0529594421386719
1.0192841291427612
1.0144896507263184
1.0160624980926514
1.0217806100845337
1.0179893970489502
1.0235315561294556
1.0049668550491333
1.0307978391647339
1.0413981676101685
1.0468332767486572
1.0751643180847168
1.0984079837799072
0
0
0
0
2.663154125213623
2.628312826156616
2.62735652923584
2.6041789054870605
2.6338536739349365
2.6566054821014404
0
0
0
0
0
0
0
0
0
0
0
0
0
0
0
0
0
0
0
0
0
0
0
0
0
3.4159739017486572
1.3049973249435425
1.2851345539093018
1.2459968328475952
1.2463064193725586
1.2393625974655151
1.2567102909088135
1.2314366102218628
1.2322871685028076
1.2442700862884521
1.253174901008606
1.2833962440490723
1.308213710784912
1.351330280303955
2.2213149070739746
2.1864702701568604
2.2025134563446045
2.1666207313537598
2.181938648223877
2.2079877853393555
2.2628564834594727
0
0
0
0
0
0
0
0
0
0
0
0
0
0
0
0
0
0
0
0
0
0
0
0
0
0
0
0
3.5
3.4746036529541016
0
0
0
0
0
0
0
0
0
0
0
1.6490923166275024
1.628601312637329
1.6320810317993164
1.5991002321243286
1.604556918144226
1.5965919494628906
0.6735345721244812
0.628463089466095
0.6125454306602478
0.595465898513794
0.5993381142616272
0.5711902976036072
0.5786259770393372
0.5595594644546509
0.5569354295730591
0.5530074238777161
0.5592991709709167
0.5564318895339966
0.5352238416671753
0.5335960984230042
0.5413835048675537
0.5508961081504822
0.558788001537323
0.5497209429740906
0.5648094415664673
0.5594701766967773
0.5734595060348511
0.5781116485595703
0.5706995129585266
0.5811010599136353
0.60262131690979
0.6394634246826172
0
0
0
0
0
0
0
0
0
0
0
0
0
0
2.1929173469543457
2.1551501750946045
2.13295578956604
2.125730514526367
2.1457464694976807
2.158085823059082
2.181842803955078
2.2426435947418213
0
0
0
0
0
0
0
0
0
0
0
0
0
1.5483266115188599
1.5155143737792969
1.4861631393432617
1.4888144731521606
1.4656758308410645
1.4816888570785522
1.4769527912139893
1.4763773679733276
1.5134388208389282
1.538930058479309
1.5823169946670532
0
0
0
0
0
0
0
0
0
0
0
0
0
0
0
0
0
0
0
0
0
0
0
0
0
0
0
0
0
0
1.4606084823608398
1.4322413206100464
1.4275256395339966
1.4236897230148315
1.4265046119689941
1.4174425601959229
1.4159655570983887
1.4225859642028809
1.4156185388565063
1.437923550605774
1.471610188484192
0
0
0
0
0
0
0
0
0
0
0
2.034193277359009
1.9978673458099365
1.9535812139511108
1.9474619626998901
1.9603170156478882
1.9527086019515991
1.9547207355499268
1.96668541431427
2.004779815673828
0
0
0.5894347429275513
0.5643399357795715
0.52370285987854
0.5229631066322327
0.5171011090278625
0.5210371017456055
0.5258144736289978
0.49507561326026917
0.48574426770210266
0.5054601430892944
0.49620288610458374
0.48539337515830994
0.48575559258461
0.48575371503829956
0.48368608951568604
0.4897190034389496
0.4827643930912018
0.488643079996109
0.4697524309158325
0.4816477298736572
0.5046207904815674
0.5133183002471924
0.513771653175354
0.5170354247093201
0.518172562122345
0.5277656316757202
0.5545387268066406
0.572719931602478
0.5922775268554688
