1.7491775751113892
1.7454187870025635
1.8074101209640503
0
0
0
0
0
0
0
0
0
0
0
0
0
0
0
0
0
0
0
0
0
0
0
0
0
0
0
0
0
1.0865386724472046
1.0640649795532227
1.0698026418685913
0
0
0
0
0
0
0
0
0
0
3.4816884994506836
3.4379024505615234
3.381493330001831
3.3199429512023926
3.2862300872802734
3.24243426322937
3.20715069770813
3.170581102371216
3.1313939094543457
3.084596872329712
3.0572922229766846
3.0222208499908447
2.988034248352051
2.983013868331909
2.950132369995117
2.90325665473938
2.8933558464050293
2.856867790222168
2.8321125507354736
2.8250372409820557
2.7854363918304443
2.793950080871582
2.7524733543395996
2.746030330657959
2.7183501720428467
2.6939356327056885
2.7129592895507812
2.6950275897979736
2.7128758430480957
2.6529014110565186
2.66233491897583
2.6472628116607666
2.6602783203125
2.6359026432037354
2.6295249462127686
2.6399307250976562
2.6119120121002197
2.608827829360962
2.6049752235412598
2.6715993881225586
2.622307538986206
2.6341962814331055
2.618037223815918
2.622148036956787
2.624142646789551
2.6272616386413574
2.640242338180542
2.618957281112671
2.6520779132843018
2.6469526290893555
2.6348352432250977
2.666046380996704
2.6683506965637207
2.670055389404297
2.6901586055755615
2.708686351776123
2.7034873962402344
2.736445903778076
2.7631168365478516
2.768286943435669
2.76869797706604
2.7630910873413086
2.799661636352539
2.8120760917663574
2.845813274383545
2.8848114013671875
2.8864283561706543
2.911329746246338
2.9254322052001953
2.9577927589416504
2.9826624393463135
3.008298397064209
3.0408554077148438
3.07900071144104
3.105532169342041
3.152299165725708
3.1770670413970947
3.2272565364837646
3.2848050594329834
3.320476770401001
3.3545382022857666
3.397536039352417
3.4893391132354736
0
0
0
0
0
0
0
0
0
0
0
0
0
0
0
0
0
0
0
0
0
0
0
0
0
0
0
0
0
0
0
0
0
0
0
0
0
0
0
0
0
0
0
0
0
0
0
0
0
0
0
0
0
0
0
0
0
0
0
0
0
0
0
0
0
0
0
0
0
0
0
0
0
0
0
0
0
0
0
0
0
0
0
0
0
0
0
0
0
0
0
0
0
0
0
0
0
0
0
0
0
1.0646965503692627
1.017162561416626
0.9327973127365112
0.9475234746932983
0.9469360113143921
0.9365406036376953
0.933944046497345
0.9135822653770447
0.9139662384986877
0.9446355104446411
0.9198076725006104
0.914588451385498
0.9140264391899109
0.929498553276062
0.9257346391677856
0.9687955975532532
0.9834163784980774
0
0
0
0
0
0
0
0
0
0
0
0
0
0
0
0
0
0
0
0
0
0
0
0
0
0
0
0
0
0
0
0
0
0
0
0
0
0
0
0
0
0
0
0
0
0
0
0
0
0
1.8475604057312012
1.8040250539779663
1.797857642173767
1.7841943502426147
1.7754641771316528
1.7831939458847046
1.8150146007537842
1.8242727518081665
1.855502963066101
0
0
0
0
0
0
0
0
0
0
0
0
0
0
0
0
0
0
0
0
0
0
0
0
0
0
3.125368118286133
0
0
0
0
0
0
0
0
0
0
0
0
0
0
0
0
0
0
0
0
1.7762186527252197
1.7727481126785278
1.7361717224121094
1.704209327697754
1.703532338142395
1.714154601097107
1.724429965019226
1.7474371194839478
