1.4319056272506714
1.4098304510116577
1.4017088413238525
1.3652604818344116
1.3403568267822266
1.3395122289657593
1.327032446861267
1.324286937713623
1.3283358812332153
1.355875849723816
1.4163808822631836
1.4435274600982666
1.5023889541625977
1.5599969625473022
1.624090552330017
1.659096121788025
0
0
0
0
0
0
0
0
0
0
0
0
0
0
0
0
0
0
0
0
0
0
0
0
0
3.424490451812744
3.3434934616088867
3.2661397457122803
3.2253904342651367
0
0
1.3231931924819946
1.3320823907852173
1.339186668395996
1.3141555786132812
1.2927242517471313
1.3185186386108398
1.27940034866333
1.275684118270874
1.280403971672058
1.2861565351486206
1.2578853368759155
1.2717487812042236
1.2597261667251587
1.257079839706421
1.267198085784912
1.2397419214248657
1.2538797855377197
1.349338412284851
1.5792707204818726
1.8932907581329346
2.3092024326324463
2.3133976459503174
0.6374540328979492
0.6533592343330383
0.6224657893180847
0.6278775930404663
0.6283390522003174
0.6425951719284058
0.6296998858451843
0.6457580327987671
0.6514903903007507
0.6202564239501953
0.6253026127815247
0.6664535403251648
0.6718900799751282
0.6393327713012695
0.6614291071891785
0.6611154675483704
0.6482149958610535
0.6641374230384827
0.6694580316543579
0.6612017154693604
0.665849506855011
0.6646971702575684
0.6807987093925476
0.6787562966346741
0.6900761723518372
0.7037857174873352
0.6960273385047913
0.6980807781219482
0.7207680344581604
0.7169145345687866
0.7147765159606934
0.7410809993743896
0.7352887988090515
3.3769798278808594
3.2964420318603516
3.1854875087738037
3.1098828315734863
3.0377357006073
2.9309487342834473
2.8815550804138184
2.8117032051086426
2.7421927452087402
2.697406530380249
2.6257147789001465
2.5910966396331787
2.525181770324707
2.4806814193725586
2.4327175617218018
2.4078221321105957
2.347891092300415
2.3097944259643555
2.276977300643921
2.2373006343841553
2.2002458572387695
2.1897132396698
2.1512582302093506
2.1162939071655273
2.102752685546875
2.067906618118286
2.105088710784912
2.1681787967681885
1.9779969453811646
1.9509562253952026
1.9654637575149536
1.9142024517059326
1.9016741514205933
1.8871605396270752
1.8792462348937988
1.8641587495803833
1.8462772369384766
1.8336073160171509
1.817636251449585
1.8205277919769287
1.8101437091827393
1.7985143661499023
1.7742334604263306
1.774685025215149
1.7571024894714355
1.7387813329696655
1.7415555715560913
1.7493414878845215
1.7387853860855103
1.7513270378112793
1.7248690128326416
1.7046438455581665
1.7094628810882568
1.706519365310669
1.687868356704712
1.6980565786361694
1.6984823942184448
1.6923835277557373
1.674350619316101
1.6849725246429443
1.6834876537322998
1.6954193115234375
1.6775391101837158
1.6768221855163574
1.6925017833709717
1.7013607025146484
1.7012556791305542
1.7027825117111206
1.7138671875
1.696850299835205
1.7328028678894043
1.7149746417999268
1.7279256582260132
1.711592674255371
1.734090805053711
1.749137043952942
1.7593334913253784
1.7661911249160767
1.7851896286010742
1.781554937362671
1.7977452278137207
1.7932076454162598
1.824955940246582
1.8399972915649414
1.86525297164917
1.857650876045227
1.8753509521484375
1.9034956693649292
1.9332515001296997
1.9213873147964478
1.9498059749603271
1.969665765762329
2.008624315261841
2.023432731628418
2.0429673194885254
2.0663721561431885
2.09226393699646
2.105010509490967
2.148390531539917
2.186725616455078
2.205211877822876
2.243587017059326
2.2697975635528564
2.3223788738250732
2.350186824798584
2.3956782817840576
2.434375047683716
2.496325969696045
2.518676996231079
2.688839912414551
2.6591086387634277
2.676053285598755
2.7339534759521484
2.808623790740967
2.8662497997283936
2.949084997177124
3.0054519176483154
3.087111234664917
3.1921398639678955
3.285327911376953
3.370168924331665
3.492328643798828
0
0
0
0
0
0
0
2.025460720062256
2.014599561691284
2.0100784301757812
1.9969367980957031
1.978347897529602
1.9743268489837646
1.9576390981674194
1.9571963548660278
1.9656869173049927
1.942859172821045
1.413795828819275
1.553175449371338
1.7431846857070923
1.8676409721374512
1.8432495594024658
1.8380553722381592
1.8349440097808838
1.8476487398147583
1.8441342115402222
1.8315826654434204
1.8321210145950317
1.8251513242721558
1.837883710861206
1.838392972946167
1.8306790590286255
1.8422690629959106
1.8736084699630737
1.7041113376617432
1.4771090745925903
1.3998324871063232
0
0
0
0
0
0
0
0
0
0
0
0
0
0
0
0
0
0
0
0
2.7789318561553955
2.718083381652832
2.7471368312835693
2.7787740230560303
2.8218419551849365
2.8469436168670654
2.882094144821167
2.915330410003662
2.877244472503662
2.811788558959961
2.737981081008911
2.7039458751678467
2.6187634468078613
2.577432155609131
1.9968256950378418
2.0255863666534424
2.0707454681396484
2.1012606620788574
2.156446933746338
2.1774003505706787
2.2231998443603516
2.279120683670044
2.3817787170410156
2.3401107788085938
2.3355562686920166
2.3758883476257324
2.4525957107543945
2.529611825942993
2.5900192260742188
0
0
0
0
0
0
0
0
0
0
0
0
0
0
0
0
0
0
0
0
0
0
0
0
0
0
0
0
0
0
0
0
0
0
0
0
0
0
0
0
0
0
0
1.5911072492599487
1.576729655265808
1.5340107679367065
1.4990782737731934
1.5051435232162476
1.4566150903701782
1.4378437995910645
