1.9058293104171753
1.9381617307662964
1.9626678228378296
1.9891332387924194
2.0202603340148926
2.0275564193725586
2.0475635528564453
2.085527181625366
2.1081831455230713
1.571302890777588
1.5664018392562866
1.5808106660842896
1.608689308166504
1.6336250305175781
1.6810086965560913
1.6954867839813232
1.7457619905471802
1.7688968181610107
1.8151910305023193
1.8459588289260864
0
0
0
0
0
0
0
2.743229627609253
2.7628674507141113
2.8049745559692383
2.8153114318847656
2.842921733856201
2.8887922763824463
2.9009153842926025
3.2024714946746826
3.1113874912261963
3.03836727142334
2.9537723064422607
2.875269889831543
2.832129955291748
2.777296543121338
2.718503952026367
2.6606616973876953
2.590019941329956
2.594189405441284
2.6194818019866943
2.6827569007873535
2.7277936935424805
2.774763345718384
2.82570219039917
0
0
0
0
0
0
0
0
0
0
0
0
0
0
0
0
0
0
0
0
0
0
0
0
0
0
0
0
0
0
0
0
0
0
0
0
0
0
0
0
0
0
0
0
0
2.103576421737671
1.6487692594528198
1.6425623893737793
1.6451457738876343
1.6348885297775269
1.650418758392334
1.6378473043441772
1.653004765510559
1.651463270187378
1.6778557300567627
1.6774100065231323
1.6947169303894043
1.7020424604415894
1.6950771808624268
1.7131024599075317
1.7309823036193848
1.7712868452072144
2.020390033721924
1.9402670860290527
1.8634415864944458
1.8231394290924072
0.5191121697425842
0.49677595496177673
0.46929970383644104
0.4689978063106537
0.4494990408420563
0.43468979001045227
0.4293738007545471
0.4026937484741211
0.40404191613197327
0.39609402418136597
0.36217519640922546
0.38000497221946716
0.37133944034576416
0.3856581449508667
0.36176618933677673
0.35831668972969055
0.3486466407775879
0.337900847196579
0.3287961781024933
0.3047461211681366
0.3286382853984833
0.30171239376068115
0.30527356266975403
0.30209600925445557
0.29575997591018677
0.2994152307510376
0.28073886036872864
0.29145509004592896
0.287353515625
0.2764873802661896
0.2782336175441742
0.2812270522117615
0.26067429780960083
0.25679752230644226
0.27583152055740356
0.2589089870452881
0.2593371868133545
0.2491742968559265
0.25236666202545166
0.23596054315567017
0.2607721984386444
0.2502177655696869
0.25877663493156433
0.24060194194316864
0.23504656553268433
0.21646253764629364
0.23668313026428223
0.25203022360801697
0.270001083612442
0.2824844717979431
0.31039583683013916
0.32910969853401184
0.3371763527393341
0.37553155422210693
0.44047653675079346
0.4773612916469574
0.5263277888298035
0.6168813705444336
0.7081977128982544
0.8691951632499695
1.1214790344238281
1.3793673515319824
0
0
1.1881599426269531
0.735653817653656
0.5366218686103821
0.4120522439479828
0.34432804584503174
0.2973790764808655
0.24571895599365234
0.21508637070655823
0.18555796146392822
0.18587203323841095
0.17700578272342682
0.16010060906410217
0.18150368332862854
0.18791459500789642
0.167228564620018
0.18494127690792084
0.1839449405670166
0.17984740436077118
0.18555088341236115
0.17465709149837494
0.17094184458255768
0.1747608333826065
0.18195298314094543
0.17092613875865936
0.2106531858444214
0.18547192215919495
0.1817760169506073
0.18386070430278778
0.19087699055671692
0.18572819232940674
0.20281414687633514
0.19530382752418518
0.1967228353023529
0.19254069030284882
0.20125016570091248
0.20456163585186005
0.2177627980709076
0.2203289419412613
0.2175055295228958
0.21964356303215027
0.21900233626365662
0.23223865032196045
0.23529987037181854
0.23967713117599487
0.24394270777702332
0.24204081296920776
0.2531670331954956
0.25447386503219604
0.25668343901634216
0.27587220072746277
0.27078330516815186
0.263006329536438
0.27323803305625916
0.29446113109588623
0.30120420455932617
0.3056173622608185
0.3271618187427521
0.33283713459968567
0.3410208225250244
0.33466699719429016
0.3597371280193329
0.3732410967350006
0.39500024914741516
0.3835805356502533
0.38665539026260376
0.42267102003097534
0.441130667924881
0.47465282678604126
0
0
0
0
0
0
0
0
0
0
0
2.9635045528411865
2.9112367630004883
2.8866233825683594
2.8421335220336914
2.807751178741455
2.7445292472839355
2.7317323684692383
2.749082565307617
2.8259410858154297
2.9223504066467285
3.0071802139282227
3.1346354484558105
3.239494800567627
3.379985809326172
0
0
0
0
0
0
0
0
0
0
0
0
0
0
0
0
0
0
0
0
0
0
0
0
0
0
0
0
0
0
0
0
0
0
0
0
2.940213918685913
2.968505620956421
3.0027272701263428
3.0840446949005127
3.1160836219787598
3.1653661727905273
3.1647722721099854
3.1036524772644043
3.0618295669555664
3.0122480392456055
2.9798388481140137
2.9399068355560303
2.8774609565734863
2.8563220500946045
2.82660174369812
2.3464651107788086
2.4023306369781494
2.4736409187316895
2.5241923332214355
2.607713460922241
2.7898108959198
2.7411651611328125
0
0
0
0
0
0
0
0
0
0
0
0
0
0
0
0
0
0
0
0
0
0
0
0
0
0
0
0
1.9471430778503418
