0
0
0
0
0
0
0
2.554882526397705
2.521287202835083
2.5187251567840576
2.493940830230713
2.522524356842041
2.5414440631866455
2.60917592048645
0
0
0
0
0
0
0
0
0
1.707030177116394
1.6830254793167114
1.6469165086746216
1.644169807434082
1.6408685445785522
1.645323395729065
1.6681500673294067
1.6811476945877075
1.695772409439087
1.7521463632583618
0
0
0
0
0
0
0
0
0
0
0
2.6788904666900635
2.613847494125366
2.5843422412872314
2.5864031314849854
2.5866594314575195
2.6062278747558594
2.6573100090026855
0
0
0
0
0
0
0
0
0
0
0
0
0
0
0
0
0
0
0
0
0
0
0
0
0
0
0
0
0
0
0
0
0
0
0
2.0751163959503174
0
0
0
0
0
0
0
0
0
0
0
0
0
0
0
0
0
0
0
0
0
0
0
0
0
0
0
0
0
0
0
0
0
0
0
0
0
0
0
0
0
2.6364235877990723
2.6405866146087646
0
0
0
0
0
0
0
0
0
0
0
0
0
0
0
0
0
0
0
0
0
0
0
0
0
0
0
0
0
0
0
0
0
0
0
0
0
0
0
0
0
0
0
0
0
0
0
0
0
0
1.1653040647506714
1.1333816051483154
1.1394102573394775
0
0
0
0
0
0
0
0
0
0
0
0
0
0
0
0
0
0
0
2.671949863433838
2.627352237701416
2.6374921798706055
2.6414358615875244
2.6615335941314697
2.713698625564575
0
0
0
0
0
2.0971758365631104
2.0772275924682617
2.0536324977874756
2.0246126651763916
2.0285162925720215
2.036281108856201
2.063619613647461
2.111701011657715
0
0
0
0
0
0
0
0
0
0
0
0
0
0
0
0
0
3.1386969089508057
3.100358009338379
3.089587450027466
3.1161043643951416
3.15873646736145
0
0
0
0
0
0
1.6866244077682495
1.6309980154037476
1.6283395290374756
1.5739200115203857
1.5807163715362549
1.5873442888259888
1.5727907419204712
1.5932079553604126
1.6042754650115967
1.6245362758636475
1.6942203044891357
3.0728068351745605
0
0
0
0
0
0
0
0
0
0
0
0
0
3.3051953315734863
3.243488311767578
3.2276644706726074
3.251986026763916
1.8852932453155518
1.8582916259765625
1.8394452333450317
1.844443917274475
1.82333505153656
1.8374128341674805
1.842655062675476
1.8822211027145386
1.9209855794906616
0
0
0
0
0
0
0
0
0
0
3.1631038188934326
3.079599618911743
1.453650712966919
1.3981670141220093
1.3743987083435059
1.36505925655365
1.335635781288147
1.3208069801330566
1.3447469472885132
1.3219014406204224
1.3316015005111694
1.347242832183838
1.3619651794433594
1.4035892486572266
1.413285732269287
0
2.4999351501464844
2.4861695766448975
2.470731735229492
2.442464590072632
2.471909284591675
2.496427297592163
2.5488669872283936
0
0
0
0
0
0
0
0
0
0
1.1029083728790283
1.0873929262161255
1.066414713859558
1.0534931421279907
1.0233492851257324
1.032575249671936
1.029645562171936
1.0305954217910767
1.0230234861373901
1.032287359237671
1.0420961380004883
1.0492069721221924
1.0728219747543335
1.0931087732315063
1.1345864534378052
0
0
0
0
0
0
0
0
0
0
0
0
0
0
0
