0.8906431794166565
0.8931454420089722
0.9047567844390869
0.8826474547386169
0.9009588956832886
0.891984224319458
0.8806877732276917
0.9089195728302002
0.8968142867088318
0.9092696905136108
0.9026874899864197
0.910889208316803
0.9285491704940796
0.9069148302078247
0.9052804708480835
0.9302937388420105
0.9435849785804749
0.9365773797035217
0.9736539721488953
0.9487993717193604
0.9413711428642273
0.9589402079582214
0.945648729801178
0.9812402129173279
0.9696226119995117
0.9790133833885193
0.9839146733283997
0.9938335418701172
1.019655704498291
1.03700590133667
1.017061710357666
1.027145266532898
1.055417776107788
1.0745282173156738
1.0639017820358276
1.0891927480697632
1.0934995412826538
1.1162083148956299
1.1232277154922485
1.145086646080017
1.1468554735183716
1.1895592212677002
1.2066457271575928
1.2277311086654663
1.236065149307251
1.2794125080108643
1.2837209701538086
1.3097976446151733
1.3368788957595825
1.119518518447876
1.0574239492416382
1.0462003946304321
1.0239806175231934
1.0094081163406372
1.0100613832473755
0.9868029356002808
0.9906741380691528
1.0041065216064453
0.9867976307868958
0.9848121404647827
1.0104671716690063
0.9968776106834412
1.0127530097961426
1.0586472749710083
1.072161316871643
1.4580767154693604
1.4283688068389893
1.4618186950683594
1.4423315525054932
1.4604763984680176
1.4609453678131104
1.4764033555984497
1.5171396732330322
0
0
0
1.1502892971038818
1.1152328252792358
1.109429955482483
1.0823160409927368
1.081000566482544
1.0891892910003662
1.0941044092178345
1.0561208724975586
1.0556542873382568
1.0535304546356201
1.0809450149536133
1.0804286003112793
1.0949915647506714
1.1126428842544556
1.1370902061462402
0
0
0
0
0
0
0
0
0
0
0
0
0
2.6028826236724854
2.544227361679077
2.4946486949920654
2.4924213886260986
2.4777305126190186
2.4922661781311035
2.54961895942688
0
0
0
0
0
2.8059070110321045
2.715449571609497
2.710312843322754
2.697582244873047
2.693955898284912
2.724979877471924
2.8078949451446533
0
0
0
0
3.043921709060669
3.0076375007629395
3.014460325241089
3.0315170288085938
3.061458110809326
0
0
0
0
0
0
0
0
0
0
0
0
0
0
0
0
0
0
0
0
0
0
0
0
0
0
0
0
0
0
0
0
0
0
0
0
0
0
0
0
0
0
0
0
0
0
0
0
0
0
0
2.513272523880005
2.463419198989868
2.4386227130889893
2.4272735118865967
2.4278512001037598
2.443722724914551
2.507265567779541
0
0
0
0
2.2659261226654053
2.1976823806762695
2.1855437755584717
2.156686544418335
2.1692535877227783
2.1618127822875977
2.202943801879883
2.231668472290039
0
0
0
0
0
0
0
0
0
0
0
0
0
0
0
0
0
0
0
0
0
0
0
0
0
0
0
0
0
0
0
0
0
0
0
0
0
0
2.9298839569091797
2.87602162361145
2.869352340698242
2.8580214977264404
2.889484405517578
2.957587480545044
0
0
0
0
0
0
0
0
0
0
0
0
0
0
0
0
0
0
0
0
0
0
0
1.2102493047714233
1.1987313032150269
1.1605664491653442
1.1479419469833374
1.1235326528549194
1.136502742767334
1.120214581489563
1.1190794706344604
1.1040421724319458
1.1326369047164917
1.1354297399520874
1.1463968753814697
1.1697238683700562
1.1930023431777954
0
0
3.4573066234588623
3.224032402038574
3.025946855545044
2.8855597972869873
2.7475154399871826
2.62247896194458
2.4883859157562256
2.3747572898864746
2.3074982166290283
2.2059457302093506
2.1327576637268066
2.0615475177764893
1.9820029735565186
1.9175775051116943
1.86664617061615
1.7872731685638428
1.750575304031372
1.696075677871704
1.6812753677368164
1.6181597709655762
1.5871508121490479
1.54258394241333
1.5062031745910645
1.4722882509231567
1.4492201805114746
1.4087438583374023
1.3771567344665527
1.3618277311325073
1.3347808122634888
1.302836298942566
1.2813167572021484
1.2630655765533447
1.2513582706451416
1.2201213836669922
1.2073920965194702
1.2099138498306274
1.1605424880981445
1.154793381690979
1.1373435258865356
1.1188273429870605
1.1126469373703003
1.101464867591858
1.0762743949890137
1.0816775560379028
1.0756113529205322
1.0649712085723877
1.0336663722991943
1.0282684564590454
1.0224404335021973
1.0198616981506348
0.9903857707977295
0.9870748519897461
1.0029916763305664
1.0037022829055786
1.0227605104446411
1.0753093957901
0.9529193639755249
0.9341049790382385
0.9452358484268188
0.9228187799453735
0.9062322378158569
0.9065388441085815
0.9113031029701233
0.9074358344078064
0.894030749797821
0.90114825963974
0.9041546583175659
0.9013884663581848
0.90056312084198
0.8911437392234802
0.8834473490715027
0.8842790126800537
0.8709754943847656
0.9053807854652405
0.9050696492195129
