0
0
0
0
0
2.348207473754883
2.2714595794677734
2.238407611846924
2.237794876098633
2.2173209190368652
2.2351014614105225
0.9864625930786133
0.9629376530647278
0.9491456747055054
0.9518146514892578
0.9243118762969971
0.9201484322547913
0.9302284717559814
0.9386515617370605
0.9015946984291077
0.936114490032196
0.9308982491493225
0.9420005083084106
0.9429230690002441
0.9379279017448425
0.9664337635040283
0.9810989499092102
1.0257315635681152
0
0
0
0
0
0
0
0
0
0
0
0
0
0
2.406618356704712
2.3931140899658203
2.357041358947754
2.3646605014801025
2.37056040763855
2.3826746940612793
2.439418077468872
0.31410759687423706
0.29932522773742676
0.29543522000312805
0.256652295589447
0.2572474181652069
0.2433493286371231
0.23804372549057007
0.2495914101600647
0.23358246684074402
0.23121796548366547
0.23758849501609802
0.2174805998802185
0.22470249235630035
0.22394804656505585
0.21973586082458496
0.21869750320911407
0.22904770076274872
0.21925345063209534
0.213783860206604
0.2164510190486908
0.207420215010643
0.2265636920928955
0.20456810295581818
0.20666491985321045
0.20381392538547516
0.21105331182479858
0.20447421073913574
0.2167455106973648
0.20893006026744843
0.21617132425308228
0.21561352908611298
0.2023196667432785
0.23312199115753174
0.22135138511657715
0.20373991131782532
0.22656042873859406
0.22400406002998352
0.2362900674343109
0.23367881774902344
0.22040671110153198
0.2271643877029419
0.23112821578979492
0.2588757574558258
0.2462974339723587
0.25076547265052795
0.26202431321144104
0.24946412444114685
0.2529250383377075
0.3041726350784302
0.30819958448410034
0.305110365152359
1.5875457525253296
1.602360486984253
1.6145901679992676
1.6237139701843262
1.653808832168579
0
2.8318393230438232
2.678600788116455
2.5493667125701904
2.535072088241577
2.551496982574463
2.570966958999634
2.595278263092041
2.6025094985961914
2.632524251937866
2.646676778793335
2.674179792404175
2.722496509552002
2.712953567504883
2.752394437789917
2.7558560371398926
2.8237733840942383
2.0552992820739746
1.9926542043685913
1.9769716262817383
1.9551653861999512
1.9630600214004517
1.979469656944275
1.9823647737503052
2.0075087547302246
2.0683212280273438
3.123267412185669
3.159639596939087
3.2278993129730225
3.2680835723876953
3.3270366191864014
3.38828182220459
3.457810640335083
0
0
0
0
1.4762603044509888
1.4211257696151733
1.4065264463424683
1.3888027667999268
1.3637299537658691
1.357409954071045
1.3619569540023804
1.365013837814331
1.3744198083877563
1.3841207027435303
1.3964306116104126
1.4257030487060547
3.1696696281433105
3.1458942890167236
3.124227285385132
3.091339588165283
3.078089475631714
3.0540242195129395
3.014437198638916
3.026794672012329
3.003889560699463
2.98734450340271
2.969994068145752
2.955357551574707
2.9556238651275635
2.927685260772705
2.923699378967285
2.9091928005218506
2.90598726272583
2.892548084259033
2.886538505554199
2.894989490509033
2.883638381958008
2.862555742263794
2.879608392715454
2.8726236820220947
2.8772103786468506
2.8644254207611084
2.8471691608428955
2.878772735595703
1.2167226076126099
1.1853708028793335
1.177006721496582
1.1478188037872314
1.1478239297866821
1.1356555223464966
1.1488006114959717
1.1292346715927124
1.138756513595581
1.1500458717346191
1.1496387720108032
1.1801117658615112
1.1870880126953125
1.2248733043670654
0
0
0
0
0
0
0
0
0
0
0
0
0
0
0
0
0
0
0
0
0
0
1.7313923835754395
1.6927143335342407
1.6735707521438599
1.6422209739685059
1.6442447900772095
1.6331114768981934
1.6443133354187012
1.6620259284973145
1.6581611633300781
1.7126673460006714
0
0
0
0
0
0
0
0
0
0.4365200102329254
0.4129476845264435
0.4193844199180603
0.37191882729530334
0.3774503767490387
0.38181206583976746
0.3763367831707001
0.3785245716571808
0.35278674960136414
0.337819904088974
0.3375609219074249
0.3386397659778595
0.3385792672634125
0.33073127269744873
0.33203575015068054
0.33309200406074524
0.33976009488105774
0.3490883708000183
0.32841160893440247
0.3245941400527954
0.33226844668388367
0.34236907958984375
0.3344603478908539
0.3517850637435913
0.3450652062892914
0.3445509076118469
0.35127031803131104
0.3234269618988037
0.33957672119140625
0.3486185371875763
0.3572938144207001
0.3730996251106262
0.36990079283714294
0.39450857043266296
0.3689011335372925
0.4220362901687622
0.4286724328994751
0
0
0
0
0
0
0
0
0
0
0
0
0
0
0
0
0
0
0
0
0
0
0
0
0
0
0
0
0
0
0
0
0
0
0
0
0
0
0
0
0
0
0
0
0
0
0
0
0
0
0
0
0
0
0
0
0
0
0
0
2.3765249252319336
0
0
0
0
0
0
0
0
0
0
0
0
0
0
0
0
0
0
0
0
0
0
0
0
0
