0
0
0
0
0
0
0
0
0
0
0
0
0
0
0
0
0
0
0
0
0
0
0
0
0
0
0
0
0
2.745473861694336
2.715407609939575
2.6969809532165527
2.687525749206543
2.7195112705230713
2.758282423019409
0
0
0
0
0
0
0
0
0
0
0
0
0
0
0
0
0
0
0
0
0
0
0
0
0
0
0
0
0
0
0
0
0
0
3.4791829586029053
3.4823813438415527
0
0
0
0
0
0
0
0
0
0
0
0
0
0
0
0
0
0
0
0
0
0
0
2.3018174171447754
2.2357497215270996
2.231473207473755
2.189314603805542
2.1906449794769287
2.2083754539489746
2.2280020713806152
2.29184627532959
0
0
0
0
0
0
0
0
0
0
0
0
0
0
0
0
0
0
0
0
0
0
0
0
0
0
0
0
0
0
0
0
0
0
2.028581142425537
1.9990483522415161
1.9796957969665527
1.978615641593933
1.9500353336334229
1.9679419994354248
1.9816169738769531
2.0074455738067627
0
0
0
0
0
0
0
0
0
0
0
0
0
0
0
0
0
0
0
0
0
2.4714646339416504
2.4534730911254883
2.426833152770996
2.4361588954925537
2.4633285999298096
2.485778570175171
0
0
0
0
0
0
0
0
0
0
0
0
0
3.468851089477539
3.4337360858917236
3.4084084033966064
3.4429054260253906
0
0
0
0
0
0
0
0
0
0
0
0
0
1.324296474456787
1.2994322776794434
1.2894965410232544
1.2647614479064941
1.2457807064056396
1.2622042894363403
1.2680141925811768
1.2486592531204224
1.300438404083252
1.29322350025177
1.3069790601730347
1.3434712886810303
0
0
0
0
0
0
0
0
0
0
0
0
0
0
0
0
0
0
0
0
0
0
0
0
0
0
0
0
0
0
0
0
0
0
0
0
0
0
0
0
0
0
0
0
0
0
0
0
0
0
0
0
2.5334866046905518
2.4968132972717285
2.477468967437744
2.440051555633545
2.4497897624969482
2.452719211578369
2.5161855220794678
0
0
0
0
0
0
0
0
0
0
0
0
0
0
0
0
0
0
0
0
0
0
0
0
0
3.124645233154297
3.1091506481170654
3.090987205505371
3.0758464336395264
3.0569703578948975
3.0452661514282227
3.027479410171509
3.0223162174224854
3.0284533500671387
3.0027761459350586
3.0231783390045166
3.0003557205200195
2.9935710430145264
2.99249529838562
2.977100372314453
2.9959514141082764
2.9994635581970215
2.9986517429351807
2.98895001411438
2.974128007888794
2.987471580505371
2.998844623565674
2.9769837856292725
2.9975266456604004
3.01157546043396
3.0211479663848877
3.016063690185547
3.0373268127441406
3.053737163543701
3.0590052604675293
3.0505425930023193
3.0699074268341064
3.0861196517944336
3.096555471420288
3.122978448867798
3.1294171810150146
3.163733959197998
3.1765899658203125
3.2031407356262207
3.2319326400756836
3.234203577041626
3.262098550796509
3.274514675140381
3.325502634048462
3.3348021507263184
3.383629560470581
3.409184217453003
3.42958927154541
2.082826614379883
2.052658796310425
2.005758285522461
2.0016818046569824
2.010348081588745
2.005793809890747
2.024801731109619
2.0564002990722656
2.0967519283294678
0
0
0
0
0
0
