0.24376657605171204
0.25423598289489746
0.2283484786748886
0.25856781005859375
0.22376377880573273
0.2516253888607025
0.2384580373764038
0.24776332080364227
0.24201753735542297
0.24257397651672363
0.2574184536933899
0.2442483901977539
0.2614586651325226
0.26210838556289673
0.251712828874588
0.26852819323539734
0.2683815658092499
0.2847767174243927
0.27693405747413635
0.2791588008403778
0.2967950403690338
0.3240657150745392
0.34760963916778564
1.175896167755127
1.1906890869140625
1.2179454565048218
1.2126290798187256
1.2554099559783936
1.2921992540359497
0
0
0
0
0
0
0
2.195620536804199
2.1327967643737793
2.126277446746826
2.141754150390625
2.141587972640991
2.1603434085845947
2.1816306114196777
2.2182111740112305
3.203770399093628
3.166743040084839
3.1558618545532227
3.1629364490509033
3.1815130710601807
3.262836217880249
0
0
0
0
0
0
0
0
0
0
0
0
0
0
0
0
0
0
0
0
0
3.3318850994110107
3.289151430130005
3.2686166763305664
3.2550134658813477
3.2845869064331055
0
0
0
0
1.9244099855422974
1.8813413381576538
1.8614965677261353
1.8307957649230957
1.8478349447250366
1.8397917747497559
1.8586276769638062
1.8658533096313477
1.91061532497406
0
0
0
0
0
0
0
0
0
0
0
0
0
0
0
0
0
0
0
0
2.5430307388305664
2.484191656112671
2.4704654216766357
2.4652416706085205
2.46152663230896
2.494274377822876
2.5262291431427
0
0
0
0
0
0
0
0
0
0
0
0
0
0
0
0
0
0
0
0
0
0
0
0
0.9978809356689453
0.9691631197929382
0.9283977746963501
0.9316776990890503
0.9085585474967957
0.9196478724479675
0.9234439134597778
0.9004715085029602
0.9254975318908691
0.9066416621208191
0.9118432402610779
0.9370178580284119
0.92156982421875
0.9467217326164246
0.9638619422912598
0.9626308083534241
1.0021510124206543
0
0
0
0
0
0
0
0
0
0
0
0
0
0
0
0
0
0
0
0
0
0
0
0
0
0
0
0
0
0
0
0
0
0
0
0
0
0
3.0489041805267334
3.0205132961273193
2.9952385425567627
3.0237679481506348
3.0572617053985596
0
0
0
0
0
0
0
0
0
0
2.3116509914398193
2.253631353378296
2.2218024730682373
2.219835042953491
2.2199673652648926
2.2590596675872803
2.276550054550171
0
0
0
0
0
0
0
0
0
0
0
0
0
0
0
0
0
0
0
0
0
0
0
1.8421075344085693
1.8129514455795288
1.7744851112365723
1.7876590490341187
1.765515685081482
1.7483716011047363
1.778215765953064
1.7990328073501587
1.8436064720153809
0
0
0
0
0
0
0
0
0
0
0
0
0
0
0
0
0
0
0
0
0
0
0
0
2.0675392150878906
2.0187952518463135
1.982403039932251
1.9838461875915527
1.9707508087158203
1.9652245044708252
1.9919975996017456
2.009913444519043
2.0769875049591064
0
0
0
0
0
0
0
0
0
0
0
0
0
0
0
0
0
2.3724253177642822
2.3154280185699463
2.3042943477630615
2.267963409423828
2.2642009258270264
2.2760188579559326
2.3140032291412354
2.3467912673950195
0
0
0
0
0
0
0
0
0
0
0
0
0
0
0
0
0
0
0
0
0
0
2.0390186309814453
2.0231146812438965
1.9739410877227783
1.9707672595977783
1.9773920774459839
0.33813104033470154
0.28866586089134216
0.3133620619773865
0.2939552664756775
0.2679121494293213
0.2575947940349579
0.2720286250114441
0.2741486728191376
0.25410962104797363
0.25645866990089417
0.25209102034568787
0.24664515256881714
0.24353909492492676
0.2373756617307663
0.23260340094566345
0.23853087425231934
0.24226289987564087
0.23158834874629974
0.22145143151283264
0.23569582402706146
0.22207510471343994
0.22722360491752625
0.22909016907215118
0.23418517410755157
0.23979686200618744
0.23993191123008728
