0
0
0
0
0
0
0
0
0
0
0
0
0
0
0
0
0
0
0
0
0
0
0
0
0
0
0
0
0
0
0
0
0
0
0
0
0
0
0
0
0
0
0
0
0
0
0
0
0
0
0
0
0
0
0
0
0
0
0
0
0
0
0
0
0
0
0
0
0
0
0
0
0
0
0
0
0
0
0
0
0
0
0
0
0
0
0
0
0
0
0
0
0
0
0
0
0
0
0
0
0
0
0
0
0
0
0
0
0
0
0
0
0
0
0
0
0
0
0
0
0
0
0
0
0
0
0
0
0
0
0
0
0
0
0
0
0
0
0
0
0
0
0
0
0
1.5403506755828857
1.518805980682373
1.4993650913238525
1.5014069080352783
1.4808400869369507
1.510590672492981
1.4905802011489868
1.5073013305664062
1.5195894241333008
1.5326958894729614
1.0912516117095947
1.055053949356079
1.024898886680603
0.9854665398597717
1.0067638158798218
0.9889659881591797
1.0046143531799316
0.9788498282432556
0.9962422847747803
0.9907172322273254
0.9910869002342224
0.9925793409347534
1.0148676633834839
1.027690052986145
1.0626360177993774
1.0981694459915161
0
0
0
0
0
0
0
0
0
0
0
0
0
0.8652669191360474
0.7964445948600769
0.7885316610336304
0.77845698595047
0.7846147418022156
0.7428257465362549
0.7480100393295288
0.7424762845039368
0.7355730533599854
0.7343205809593201
0.7326365113258362
0.7407073378562927
0.7400657534599304
0.7568117380142212
0.7462188601493835
0.7527837157249451
0.7715792655944824
0.768581211566925
0.7996719479560852
0.8013890981674194
0.8320750594139099
2.4229683876037598
2.4487924575805664
2.4638278484344482
3.2473015785217285
0
2.873786211013794
2.8056740760803223
2.770472288131714
2.7651937007904053
2.783033847808838
2.8022284507751465
3.3350391387939453
3.4050543308258057
0
0
0
0
0
1.0498180389404297
1.000633716583252
1.004557728767395
0.9937403202056885
0.9781589508056641
0.9722559452056885
0.9516234993934631
0.9691411256790161
0.9731956124305725
0.9512653350830078
0.9740896821022034
0.9665135741233826
1.0005000829696655
0.9974711537361145
1.0398718118667603
1.0676289796829224
0
0
0
0
0
0
0
1.4224144220352173
1.3762933015823364
1.3360283374786377
1.3316465616226196
1.3276185989379883
1.3094425201416016
1.3281863927841187
1.314326524734497
1.336417317390442
1.3246738910675049
1.3469644784927368
1.3916126489639282
1.4479522705078125
0
0
1.8673063516616821
1.8128132820129395
1.785658836364746
1.7640137672424316
1.7764226198196411
1.7858811616897583
1.7573291063308716
1.794443964958191
1.8405051231384277
1.9105545282363892
0
0
0
0
0
0
0
0
0
0
0
0
0
0
0
0
0
0
0
0
0
0
0
0
0
0
0
0
0
0
0
0
0
0
0
0
0
0
0
0
0
0
0
0
0
0
0
0
0
0
0
0
0
0
0
0
0
0
0
0
0
0
0
0
0
0
0
0
0
0
0
0
0
0
0
0
0
0
0
0
0
0
0
0
0
0
0
0
0
