2.0469353199005127
2.0826637744903564
2.08501935005188
2.117330312728882
2.1453163623809814
2.1663570404052734
2.2113771438598633
2.1871869564056396
2.1397898197174072
2.100881576538086
2.0741615295410156
2.03141188621521
2.0097873210906982
1.966125249862671
1.9450247287750244
0
0
0
0
0
0
0
0
0
0
0
0
0
0
0
0
0
0
0
0
0
0
0
0
0
0
0
0
0
0
1.6473489999771118
1.6477179527282715
1.6325125694274902
1.6466351747512817
1.6374059915542603
1.6142381429672241
1.6340950727462769
1.6463905572891235
1.6348023414611816
1.637094497680664
1.6503832340240479
1.623501181602478
1.6422408819198608
1.6295435428619385
2.110894203186035
1.7565979957580566
1.6500120162963867
1.6585657596588135
1.6550196409225464
1.6770212650299072
1.6816014051437378
1.6656131744384766
1.7008196115493774
1.712804913520813
1.6864904165267944
1.7094857692718506
1.7223492860794067
1.7167994976043701
1.7407405376434326
0
0
0
0
0
0
0
0
0
0
0
3.4463915824890137
3.485567569732666
0
0
0
0
0
0
3.4515812397003174
3.3741800785064697
2.7412126064300537
2.7838571071624756
2.655956745147705
2.5672802925109863
2.5259971618652344
2.4701764583587646
2.4602646827697754
2.4213624000549316
3.043365478515625
3.1054611206054688
3.166424512863159
3.2351977825164795
3.289846420288086
3.3455986976623535
3.286029815673828
3.238083839416504
3.2135019302368164
3.16148042678833
3.160548448562622
0
1.9315922260284424
1.875601053237915
1.8427302837371826
1.7994409799575806
1.7718737125396729
1.7473307847976685
1.6859800815582275
1.6573699712753296
2.2352631092071533
2.276442527770996
2.2860500812530518
2.3578455448150635
2.37964129447937
2.4519646167755127
2.494168519973755
0.6142573952674866
0.5923661589622498
0.574995219707489
0.6017475128173828
0.6181321144104004
2.456662178039551
2.4002065658569336
2.38673734664917
2.3734347820281982
0
0
0
0
0
0
0
0
0
0
0
0
0
0
0
0
0
0
0
0
0
0
0
0
0
0
0
0
0
0
0
0
0
0
0
0
0
0
0
0
0
0
0
0
2.007648229598999
2.0240204334259033
2.036123752593994
2.0827882289886475
2.110851526260376
2.144350290298462
2.188246726989746
2.220106601715088
2.281829595565796
2.283322811126709
1.6500658988952637
1.6719435453414917
1.7215030193328857
1.745862603187561
1.781848669052124
1.8086328506469727
1.8640996217727661
1.9294648170471191
1.9704434871673584
2.898172378540039
2.8656198978424072
2.8444888591766357
2.822944164276123
2.8062872886657715
2.7557108402252197
2.7412195205688477
2.727273941040039
2.6949872970581055
2.6791839599609375
2.6472160816192627
2.6492812633514404
2.6056671142578125
2.6100399494171143
2.596247911453247
2.5812461376190186
2.5540361404418945
2.535705804824829
2.545914888381958
2.5448169708251953
2.548717737197876
2.782351493835449
2.5369489192962646
2.5468738079071045
2.5505309104919434
2.5229101181030273
2.5281999111175537
2.508979082107544
2.517083168029785
2.5000171661376953
2.536851644515991
2.5119950771331787
2.5114731788635254
2.526085376739502
2.5324273109436035
2.5173938274383545
2.530916213989258
2.5234451293945312
2.5542073249816895
2.51975417137146
2.5345332622528076
2.5535826683044434
2.562429428100586
2.5546317100524902
2.558624505996704
2.5844905376434326
2.571274757385254
2.60164737701416
2.620140552520752
2.625337600708008
2.661283016204834
2.660797119140625
2.662496328353882
2.7109224796295166
2.718545436859131
2.733762502670288
2.7525932788848877
2.773298740386963
2.816547155380249
2.829252004623413
2.8554258346557617
2.8640377521514893
2.9150493144989014
2.932884931564331
0.9907534122467041
0.9647554755210876
0.9521828889846802
0.9908337593078613
2.169492244720459
2.1275057792663574
2.0819971561431885
2.0368340015411377
1.976422667503357
1.956269383430481
2.49446439743042
2.5479955673217773
2.5626933574676514
2.6292924880981445
2.686450242996216
2.7222695350646973
2.785201072692871
2.8346052169799805
2.8512113094329834
2.8199424743652344
2.7606725692749023
2.7170188426971436
2.680025577545166
2.659003496170044
2.622258186340332
0
0
0
0
0
0
0
0
0
0
0
0
0
0
0
0
0
1.3259621858596802
1.414797067642212
1.5111007690429688
1.6299453973770142
1.6894396543502808
1.6731207370758057
1.676800012588501
1.666750192642212
1.668284296989441
1.669272780418396
1.6568652391433716
1.6608995199203491
1.6778910160064697
1.6663684844970703
1.6577097177505493
1.6507532596588135
1.6610846519470215
1.6372188329696655
1.6802152395248413
1.6748731136322021
1.6737465858459473
1.6816719770431519
1.6735589504241943
1.6816246509552002
1.6705827713012695
1.690054178237915
1.6779595613479614
1.6895971298217773
1.697708010673523
1.6973989009857178
1.7130873203277588
1.7089896202087402
1.735477089881897
1.7330292463302612
1.6503320932388306
1.5748807191848755
1.5067368745803833
1.4569841623306274
1.3783702850341797
1.4747563600540161
1.4057012796401978
1.3759257793426514
1.8386168479919434
1.8655332326889038
1.88164484500885
1.8946470022201538
1.9420620203018188
1.929062008857727
1.966611623764038
1.9754409790039062
2.013716459274292
2.0262584686279297
