0
0
0
0
0
0
0
0
0
0
3.066791534423828
2.97602915763855
2.962557077407837
2.959113359451294
2.9541738033294678
2.9962027072906494
3.0684142112731934
0
0
0
0
0
0
0
0
1.279081106185913
1.2536417245864868
1.2408055067062378
1.2074334621429443
1.2049646377563477
1.208351492881775
1.2235054969787598
1.1987640857696533
1.2102562189102173
1.2169873714447021
1.2265596389770508
1.231959581375122
1.2763012647628784
1.337620496749878
0
0
0
0
0
0
0
0
3.1646132469177246
3.1251349449157715
3.0751426219940186
3.0317327976226807
2.996426820755005
2.968315601348877
3.0412895679473877
2.0506339073181152
2.0256216526031494
2.0132668018341064
2.011455535888672
1.9865731000900269
2.0086863040924072
2.0165958404541016
2.058553457260132
0
0
0
2.9113430976867676
2.8641300201416016
2.849689245223999
2.837376832962036
2.8659706115722656
2.912604808807373
0
0
0
0
0
0
0
0
0
0
0
2.787886142730713
2.714081287384033
2.653970956802368
2.675797939300537
2.681180715560913
2.6890532970428467
2.7505087852478027
0
0
0
1.41196870803833
1.3481992483139038
1.337157964706421
1.3209255933761597
1.3037149906158447
0.4893929064273834
0.4737071692943573
0.44035565853118896
0.42639732360839844
0.438461035490036
0.423953652381897
0.4087645411491394
0.40308427810668945
0.3937545716762543
0.38843634724617004
0.40336790680885315
0.4141256809234619
0.3958837389945984
0.38260433077812195
0.3900929391384125
0.38802284002304077
0.3895973563194275
0.39178285002708435
0.39745956659317017
0.3990369737148285
0.3945399522781372
0.39312008023262024
0.38421621918678284
0.3978222608566284
0.4108932316303253
0.4110455811023712
0.40618282556533813
0.43009254336357117
0.40239110589027405
0.44124215841293335
0.43571197986602783
0.4459272027015686
0.4570525884628296
0.5023576617240906
0
0
0
0
2.3672213554382324
2.337451457977295
2.3451318740844727
2.3252713680267334
2.3302292823791504
2.3540847301483154
2.39846134185791
0
0
0
0
0
0
0
0
0
0
0
0
0
0
0
0
0
0
0
0
0
0
0
0
0
0
0
0
0
0
0
0
0
0
0
0
0
0
0
0
0
0
0
0
0
0
0
0
0
0
0
0
0
0
0
0
0
0
0
1.725045919418335
1.715010643005371
0
0
0
0
0
0
0
0
0
0
0
0
0
0
0
0
0
0
0
0
0
0
0
0
0
0
0
0
0
0
0
0
0
0
0
0
0
0
0
0
0
0
0
0.7798091173171997
0.7595289945602417
0.7454769015312195
0.7440610527992249
0.7202073931694031
0.6926419138908386
0.7050921320915222
0.6887744069099426
0.7159998416900635
0.6913194060325623
0.6888793110847473
0.7038902044296265
0.7022054195404053
0.6938616633415222
0.7151367664337158
0.7156129479408264
0.7268136739730835
0.705082356929779
0.745663583278656
0.7592392563819885
0.8055606484413147
1.4800833463668823
1.4963047504425049
1.5215225219726562
1.5552849769592285
0
0
0
0
0
0
0
0
0
0
0
0
0
0
0
0
0
0
0
0
0
0
0
0
0
0
0
0
0
0
0
0
0
2.0772340297698975
2.030998706817627
2.026949167251587
2.0055270195007324
2.0053415298461914
2.0105292797088623
2.036846399307251
2.072906255722046
0
0
0
0
0
0
0
0
0
0
0
0
0
0
0
0
0
0
3.4534711837768555
3.4105887413024902
3.410059690475464
3.4262330532073975
3.489849090576172
0
0
0
0
0
1.1903742551803589
1.1579234600067139
1.1245006322860718
1.1037852764129639
1.113913655281067
1.0767441987991333
1.0811941623687744
1.109691858291626
1.0624018907546997
1.0747685432434082
1.087034821510315
1.1264920234680176
1.105896234512329
1.1051222085952759
1.1513803005218506
2.0916709899902344
2.9115538597106934
2.9537646770477295
0
0
