0
0
0
0
0
0
0
0
0
0
0
0
0
0
0
0
0
0
0
0
0
0
0
0
0
0
0
2.5628981590270996
2.546962261199951
0
0
0
0
0
0
0
0
0
0
0
0
0
0
0
0
0
0
3.347162961959839
3.3244144916534424
3.2973153591156006
3.307544469833374
3.348133087158203
0
0
0
0
0
0
0
0
0
0
0
0
0
0
0
0
1.5732147693634033
1.5460947751998901
1.518934965133667
1.4904859066009521
1.4953868389129639
1.5071156024932861
1.4960973262786865
1.5093671083450317
1.533745527267456
1.5454055070877075
1.592362880706787
0
0
0
0
0
0
0
0
0
0
0
0
0
0
0
0
0
0
0
0
0
0
0
0
0
0
0
0
0
2.4159460067749023
2.3890182971954346
0
0
0
0
0
0
0
0
0
0
0
0
0
0
0
0
0
0
0
0
0
0
0
0
0
0
0
0
0
0
0
0
0
0
0
0
2.731663227081299
0
0
0
0
0
0
0
0
0
0
0
0
0
0
0
0
0
0
0
0
0
0
2.422668218612671
2.3804821968078613
2.3337535858154297
2.3286397457122803
2.3294363021850586
2.3498952388763428
2.3800809383392334
0
0
0
0
0
0
0
0
0
0
0
0
0
0
0
0
0
0
0
0
0
0
0
0
0
0
0
2.8122589588165283
0
0
0
0
0
0
0
0
0
0
0
0.7062305808067322
0.6667159795761108
0.634925901889801
0.6240556240081787
0.6181474924087524
0.5887529253959656
0.6113810539245605
0.5916158556938171
0.5939804911613464
0.5930264592170715
0.5958759784698486
0.5869114995002747
0.5986786484718323
0.5882810950279236
0.591963529586792
0.5854970812797546
0.5840873122215271
0.5932778120040894
0.6041947603225708
0.6134907603263855
0.5954636335372925
0.6269630193710327
0.6427921652793884
0.6573635339736938
0.6912481188774109
0
0
0
0
0
0
0
0
0
0
0
0
0
0
0
0
2.420583724975586
2.3801937103271484
2.355025053024292
2.32161021232605
2.362312078475952
2.373616933822632
2.38789439201355
0
0
0
0
0
0
0
0
0
0
0
0
0
0
0
0
0
0
0
0
0
0
0
0
1.1066919565200806
1.099814534187317
1.1061018705368042
0
0
0
0
0
2.7088398933410645
2.633366823196411
2.587989330291748
2.602966070175171
2.5942800045013428
2.6231420040130615
2.6640565395355225
0
0
0
0
0
0
0
0
0
0
0
0
0
0
0
0
0
0
0
0
0
0
0
0
0
0
0
0
0
0
0
0
0
2.206390857696533
2.128415822982788
2.1166977882385254
2.1166727542877197
2.1127681732177734
2.0944080352783203
2.1073946952819824
2.159557342529297
2.2067372798919678
0
0
0
0
0
0
0
0
0
0
0
0
0
0
0
0
