0.9518309831619263
0
0
0
0
0
0
0
0
0
0
0
0
0
0
0
0
0
0
0
0
0
0
0
0
0
0
0
0
0
0
0
0
0
0
0
0
0
0
1.7989890575408936
1.7751269340515137
1.7635633945465088
1.7591538429260254
1.7324621677398682
1.7482277154922485
1.772864580154419
1.778623104095459
1.8190033435821533
0
0
0
0
0
0
0
0
0
0
0
0
0
0
0
0
0
2.5834603309631348
2.5408239364624023
2.492124319076538
2.503347158432007
2.5083446502685547
2.505951166152954
2.571437358856201
0
0
0
0
0
0
0
0
0
0
0
0
0
0
0
0
0
0
0
0
0
0
0
0
0
0
0
0
0
0
1.5946171283721924
1.5597258806228638
1.5557602643966675
1.5315321683883667
1.5273011922836304
1.5122028589248657
1.5278186798095703
1.5406556129455566
1.5576093196868896
1.6019978523254395
1.6770079135894775
0
0
0
0
0
0
0
0
0
0
0
0
3.008716583251953
2.991602659225464
2.944755792617798
2.9658539295196533
2.9952454566955566
3.0221011638641357
0
0
0
0
0
0
0
0
0
0
0
0
0
0
0
0
0
0
0
0
0
0
0
0
0
0
0
1.7270065546035767
1.7062695026397705
1.6816097497940063
1.6825722455978394
1.6878975629806519
1.693076491355896
1.6918365955352783
1.723528265953064
1.7175490856170654
0
0
0
0
0
0
0
0
0
0
0
0
0
0
0
0
0
0
0
0
0
0
0
0.7306063175201416
0.6880494356155396
0.6774622797966003
0.665959358215332
0.6495788097381592
0.6326316595077515
0.6333171129226685
0.6378554105758667
0.626294732093811
0.6384625434875488
0.6357102394104004
0.6125500202178955
0.6340072751045227
0.6243029236793518
0.6351226568222046
0.6140785217285156
0.6246797442436218
0.6431463360786438
0.6252442598342896
0.6463987827301025
0.6664510369300842
0.6730191707611084
0.7007393836975098
2.9104323387145996
0
0
0
0
0
0
0
0
0
0
0
0
0
0
0
0
0
0
0
0
0
0
0
1.5859450101852417
1.5601205825805664
1.5341554880142212
1.5114212036132812
1.5230927467346191
1.520024061203003
1.5284909009933472
1.523349404335022
1.558777093887329
1.572080373764038
0
0
0
0
0
0
0
0
0
0
0
0
0
0
0
0
0
0
0
0
2.0633769035339355
2.0189054012298584
2.0150105953216553
2.0100295543670654
2.0153653621673584
2.0327627658843994
2.041041135787964
2.095388889312744
3.2012720108032227
3.1552507877349854
3.1770517826080322
3.1808650493621826
3.2838196754455566
0
0
0
0
0
0
0
0
0
0
0
0
0
0
0
0
0
0
0
1.512658715248108
1.4858746528625488
1.4440404176712036
1.4285095930099487
1.401963472366333
1.4286912679672241
1.4138036966323853
1.4248535633087158
1.4117934703826904
1.4510890245437622
1.450845718383789
1.483597993850708
0
0
2.8726449012756348
2.8474347591400146
2.8248612880706787
2.8363230228424072
2.8419275283813477
2.92583966255188
0
0
0
0
0
0
0
0
0
0
0
0
0
0
0
0
0
0
0
0
0
0
0.947430431842804
0.9182214736938477
0.898520290851593
0.8694543242454529
0.876724123954773
0.8683606386184692
0.8574656844139099
0.8490221500396729
0.8449339866638184
0.8441773653030396
0.8336108326911926
0.8317446708679199
0.8525106310844421
0.8661869168281555
0.8567973375320435
0.8792378306388855
0.8945977687835693
0.9004263877868652
0.9454256892204285
