0
2.847445249557495
2.803318977355957
2.762324094772339
2.766676187515259
2.76237154006958
2.7938365936279297
2.8814518451690674
0
0
0
0
1.636483073234558
1.5914956331253052
1.5519285202026367
1.5457977056503296
1.5304704904556274
1.5409139394760132
1.5444508790969849
1.5532608032226562
1.5584497451782227
1.5705794095993042
1.616923213005066
0
0
0
0
0
0
0
0
0
0
0
0
0
2.24328875541687
2.201519250869751
2.1513140201568604
2.1500909328460693
2.1757853031158447
2.158277988433838
2.1788175106048584
2.2260842323303223
0
0
0
0
0
0
0
0
0
0
0
0
0
0
0
0
0
0
0
0
0
0
0
0
0
0
0
0
0
0
0
0
0
0
0
0
0
0
0
0
0
0
0
0
0
0
0
0
0
0
0
0
0
0
0
0
0
0
0
0
0
0
0
0
0
0
0
0
0
0
0
0
0
0
0
0
0
0
0
0
0
2.1184349060058594
2.0904123783111572
2.087813138961792
2.065817356109619
2.071925163269043
2.0834152698516846
2.116490364074707
2.2264859676361084
3.4835400581359863
3.455261707305908
3.4131462574005127
3.382028102874756
2.4301319122314453
1.946769118309021
1.9044207334518433
1.894506812095642
1.8914541006088257
1.8959484100341797
1.882460355758667
1.9037960767745972
1.9386727809906006
3.153211832046509
3.132976531982422
3.113426685333252
3.1000285148620605
2.257563829421997
2.165799140930176
2.1338706016540527
2.131601572036743
2.134661912918091
2.1244473457336426
2.1653473377227783
2.1950697898864746
3.038189649581909
3.018784761428833
3.0304553508758545
2.9970836639404297
3.0333147048950195
3.02830171585083
3.016221284866333
3.021094799041748
3.0284645557403564
3.0145583152770996
3.0246105194091797
3.0306527614593506
3.033437490463257
3.0449535846710205
1.1952807903289795
1.196712851524353
3.0534656047821045
3.0653557777404785
3.4329164028167725
3.1934871673583984
3.1515250205993652
3.1847801208496094
3.197558879852295
3.194441080093384
3.20143723487854
3.246779441833496
3.269522190093994
3.2908341884613037
3.297114133834839
3.3320376873016357
3.3624043464660645
2.813451051712036
2.7771832942962646
2.7540955543518066
2.7719743251800537
2.8033621311187744
2.8548552989959717
0
0
0
2.595954656600952
2.5458121299743652
2.5236570835113525
2.5137195587158203
2.529193162918091
2.5579476356506348
2.6092004776000977
0
0
0
0
0
0
0
0
0
0
0
0
0
0
0
0
0
0
0
0
0
0
0
0
0
0
0
0
0
0
0
0
3.4066169261932373
0
0
0
0
0
0
0
0
0
0
0
0
0
0
0
0
0
0
0
0
0
0
0
3.160963296890259
3.1186437606811523
3.107541084289551
3.118528127670288
3.143253803253174
0
0
0
0
2.3794617652893066
2.3017220497131348
2.2524096965789795
2.2721903324127197
2.263930320739746
2.255380153656006
2.2899727821350098
2.320462226867676
0
0
0
0
0
0
0
0
0
0
0
0
0
0
0
0
0
0
0
0
0
3.300262451171875
1.643648386001587
1.5952357053756714
1.5679473876953125
1.552414059638977
1.5529481172561646
1.5589299201965332
1.552947759628296
1.5410479307174683
1.5471062660217285
1.5896059274673462
1.6486856937408447
0
0
0
0
0
0
2.8303933143615723
2.7735490798950195
2.7613604068756104
2.7423038482666016
2.746476411819458
2.7735707759857178
2.8385097980499268
0
0
0
0
0
1.436501145362854
1.3796435594558716
1.357179880142212
1.3177322149276733
1.310664415359497
1.3052935600280762
1.3163926601409912
1.3139458894729614
1.321597933769226
1.339860200881958
1.341569423675537
1.3557847738265991
1.4007872343063354
0
0
0
0
0
0
0
0
0
0
0
0
0
0
0
0
0
0
