0
0
0
0
0
0
0
0
0
0
0
0
0
0
0
0
0
0
0
0
0
0
0
0
0
0
0
0
0
0
0
0
0
0
0
0
0
0
0
0
0
0
0
0
0
0
0
0
0
0
0
0
0
0
0
0
0
0
0
0
0
0
0
0
0
0
0
0
0
0
0
0
0
0
0
0
0
0
0
0
0
0
0
0
0
0
0
0
0
0
0
0
0
0
0
0
0
0
0
0
0
0
0
0
0
0
0
0
0
0
0
0
0
0
0
1.4979108572006226
1.4490216970443726
0.9434220790863037
0.8983713984489441
0.8582990765571594
0.8406760692596436
0.8107678294181824
0.8191676735877991
0.8070647120475769
0.8011838793754578
0.8048929572105408
0.7953528165817261
0.8080845475196838
0.8024734854698181
0.8279956579208374
0.8311119675636292
0.829948365688324
0.8482776284217834
0.8387849926948547
0.8944650888442993
0.9101654291152954
1.3551901578903198
1.2860685586929321
1.2540725469589233
1.247066855430603
1.220399260520935
1.221147894859314
1.2087234258651733
1.2289139032363892
1.2209227085113525
1.2340954542160034
1.2588779926300049
1.2611366510391235
1.2974854707717896
3.2174320220947266
3.172168254852295
3.149299144744873
3.191318988800049
3.2318263053894043
0
2.6594505310058594
2.6204144954681396
2.632207155227661
2.610917091369629
2.659188985824585
2.700885534286499
3.161094903945923
3.153226613998413
3.163282632827759
3.2017180919647217
0
0
0
0
0
0
0
0
0
0
0
0
0
0
0
0
0
0
0
0
0
0
0
0
0
0
0
0
0
0
0
0
0
0
0
0
0
0
0
0
0
0
0
0
0
3.0736725330352783
2.992506504058838
2.9732494354248047
2.9567184448242188
2.9794578552246094
3.030985116958618
0
1.6750463247299194
1.6242573261260986
1.6111043691635132
1.5974340438842773
1.5700452327728271
1.5565818548202515
1.5828303098678589
1.585688829421997
1.5913841724395752
1.6372618675231934
1.6987793445587158
0
0
0
0
0
1.2041277885437012
1.1794466972351074
1.1542783975601196
1.1433491706848145
1.1124238967895508
1.123083472251892
1.1028398275375366
1.1396151781082153
1.1204102039337158
1.1269727945327759
1.1504323482513428
1.14534592628479
1.1701310873031616
1.2026296854019165
0
0
0
0
3.401355266571045
3.3337225914001465
3.3152875900268555
3.3402490615844727
3.35860538482666
0
0
0
0
3.3966102600097656
3.3615221977233887
3.3119494915008545
3.329907178878784
3.339973211288452
3.456258773803711
0
0
0
0
0
0
0
0
0
0
0
0
0
0
0
0
0
0
0
0
0
0
0
0
0
0
0
0
0
0
1.698333501815796
1.6387416124343872
1.6304473876953125
1.5947356224060059
1.585679054260254
1.5808160305023193
1.6100980043411255
1.5876318216323853
1.5982519388198853
1.6317551136016846
1.6627944707870483
0
0
0
0
0
0
3.4926564693450928
1.60829496383667
1.5433034896850586
1.5411204099655151
1.5104095935821533
1.518646240234375
1.5087133646011353
1.5178802013397217
1.5226279497146606
1.5235562324523926
1.5556726455688477
1.607064962387085
0
1.1236872673034668
1.0764386653900146
1.0461498498916626
1.0305296182632446
1.0268734693527222
1.011455774307251
1.0064842700958252
1.0047354698181152
1.0075236558914185
0.9886399507522583
1.0030912160873413
1.0220050811767578
1.0200858116149902
1.0318537950515747
1.056181788444519
1.0731050968170166
0
0
0
0
0
0
0
0
0
0
0
0
0
0
0
0
0
0
