0
0
0
0
0
0
0
0
0
0
0
0
0
0
0
0
0
0
0
0
0
0
0
0
3.4019556045532227
3.3702542781829834
2.221674919128418
3.3509397506713867
3.4188385009765625
0
0
0
0
0
0
3.341198444366455
3.311185598373413
3.29876971244812
3.325455904006958
3.371758460998535
0
0
0
0
0
0
0
0
0
0
0
0
0
0
0
0
0
0
1.8165467977523804
1.767629623413086
1.7423509359359741
1.7269846200942993
1.7134709358215332
1.7036908864974976
1.7196612358093262
1.7377371788024902
1.2397571802139282
1.1939797401428223
1.1922322511672974
1.1704601049423218
1.1624987125396729
1.1410771608352661
1.1422092914581299
1.14731764793396
1.1464258432388306
1.1496630907058716
1.170699119567871
1.1850762367248535
1.1983481645584106
1.2444267272949219
0
1.8644894361495972
0
0
0
0
0
0
0
0
0
0
0
0
1.6119499206542969
1.5476187467575073
1.5466947555541992
1.513980746269226
1.5016496181488037
1.5105054378509521
1.5273586511611938
1.5044976472854614
1.5428556203842163
1.5601513385772705
1.596770167350769
0
0
0
0
0
0
0
0
0
0
0
0
0
0
0
0
0
0
0
0
2.2471566200256348
2.203634023666382
2.1957225799560547
2.1782515048980713
2.183210849761963
2.203423023223877
2.2477896213531494
0
0
0
0
0
0
0
0
0
0
0
0
3.1098086833953857
3.076786994934082
3.039530038833618
3.055065870285034
3.08508038520813
0
0
0
0
0
0
0
0
2.8400356769561768
0.6006349921226501
0.5649210214614868
0.5538411140441895
0.5236695408821106
0.5009124279022217
0.5089077353477478
0.49876368045806885
0.47855135798454285
0.4867580533027649
0.5039776563644409
0.4780197739601135
0.4735168516635895
0.4815874993801117
0.4806675314903259
0.4989165961742401
0.48296254873275757
0.47109201550483704
0.4778449833393097
0.46930816769599915
0.4962002635002136
0.4910114109516144
0.4802815318107605
0.5025688409805298
0.5074443817138672
0.49989864230155945
0.5192899703979492
0.5283685326576233
0.5361587405204773
0.5671740174293518
0
0
0
0
0
0
0
0
0
0
0
0
0
0
0
0
0
0
0
0
0
0
0
0
2.9540650844573975
2.921459197998047
2.9220409393310547
2.923220157623291
2.9721806049346924
0
0
0
0
0
0
0
0
0
0
0
0
0
0
0
0
0
0
0
0
0
0
0
0
0
0
0
0
0
0
0
2.125882625579834
2.035757064819336
2.024104595184326
2.0129010677337646
2.0009806156158447
2.0241775512695312
2.0207221508026123
2.049062967300415
2.1142489910125732
0
0
0
0
0
0
0
0
0
0
0
0
0
0
0
0
0
0
0
0
0
0
0
0
2.8605940341949463
2.814694404602051
2.806762933731079
2.80407452583313
2.8260750770568848
2.864945650100708
0
0
3.219517469406128
3.148026943206787
3.125227451324463
3.11970853805542
3.1393208503723145
3.184720754623413
0
0
2.0304458141326904
1.984329342842102
1.97527277469635
1.9839911460876465
1.9567482471466064
1.9692940711975098
1.9951924085617065
2.0266647338867188
2.0736756324768066
0
0
0
0
0
0
0
0
0
0
0
0
0
0
0
0
0
0
0
0
0
0
0
3.250915765762329
3.2063655853271484
3.205252170562744
3.24334716796875
3.2558748722076416
0.8912346363067627
0.8653029799461365
0.8414276242256165
0.8373100161552429
0.8039154410362244
0.8045070767402649
0.7857198119163513
0.7856559753417969
0.7805928587913513
0.7855047583580017
0.7863175272941589
0.7990074753761292
0.7904394268989563
0.7922835350036621
0.8181946873664856
0.8196675777435303
0.8430188894271851
0.8291569352149963
0.8580230474472046
0.9024195075035095
2.8575353622436523
0
0
0
0
0
0
