0
1.0252872705459595
0.9868775010108948
0.9789749979972839
0.9368700385093689
0.9341137409210205
0.9336289763450623
0.925105631351471
0.9199408888816833
0.9210979342460632
0.9248082637786865
0.9439425468444824
0.9248180985450745
0.9420835971832275
0.9630433917045593
0.9816205501556396
1.0142970085144043
1.0252511501312256
0
0
0
0
0
0
0
3.2776904106140137
3.1708216667175293
3.1477208137512207
3.1305274963378906
3.151526927947998
3.1914072036743164
0
0
0
0
0
0
0
0
0
0
0
0
0
0
0
0
0
0
0
0
0
0
0
0
0
0
0
1.8643087148666382
1.8282960653305054
1.7968926429748535
1.8011534214019775
1.8011112213134766
1.7837263345718384
1.8103618621826172
1.7997967004776
1.8449976444244385
0
0
0
0
0
0
0
0
0
0
0
0
0
0
3.153179407119751
3.125014305114746
3.108119249343872
3.1341097354888916
3.162076234817505
0
0
0
0
0
0
0
0
3.478428840637207
0
0
0
0
0
0
0
0
2.091614007949829
2.0527162551879883
2.03778338432312
2.028242588043213
2.024923324584961
2.031168222427368
2.0347421169281006
2.0665695667266846
0
0
0
0
0
0
0
0
0
0
0
0
0
0
0
0
0
0
0
0
0
0
0
0
0
0
0
3.0803751945495605
3.0299227237701416
3.0181496143341064
3.009877920150757
3.023040771484375
3.0797324180603027
0
0
0
0
0
0
0
0
0
0
0
0
0
0
0
0
0
0
0
0
0
0
0
0
0
0
2.517399787902832
0.6389579176902771
0.6124849319458008
0.5983275771141052
0.5782581567764282
0.556853175163269
0.5451897382736206
0.5635250806808472
0.5480873584747314
0.5344439744949341
0.523088812828064
0.5430108904838562
0.5400527119636536
0.5351091623306274
0.5120882391929626
0.5155208110809326
0.5381953716278076
0.5204378366470337
0.5188299417495728
0.5293781161308289
0.5226675868034363
0.5542765259742737
0.5819700956344604
0.5549695491790771
0.5499304533004761
0.5925384759902954
0.5948641300201416
0.6482779383659363
0
0
0
0
0
0
0
0
0
0
0
0
0
0
0
0
0
0
0
0
0
0
0
0
0
0
0
0
0
0
0
0
0
0
0
0
0
0
0
0
2.4741995334625244
2.40671443939209
2.3911259174346924
2.3846702575683594
2.3722362518310547
2.398481607437134
2.4573352336883545
0
0
0
0
0
0
0
0
0
0
0
0
0
0
0
0
0
0
0
0
0
0
0
0
0
0
0
0
0
0
0
0
0
0
0
0
0
0
0
0
0
0
0
0
0
0
0
1.558979868888855
1.5149427652359009
1.4775724411010742
1.4724270105361938
1.454955816268921
1.4582475423812866
1.4691741466522217
1.0307499170303345
0.9947862029075623
0.9788874983787537
0.9736575484275818
0.955591082572937
0.9451315999031067
0.9427164196968079
0.9585462808609009
0.9547325372695923
0.9539379477500916
0.937670886516571
0.961398184299469
0.9785596132278442
0.9856162667274475
1.010614037513733
1.033902883529663
1.094428300857544
1.4297986030578613
1.435727596282959
1.419298529624939
1.4399704933166504
1.4530433416366577
1.4717923402786255
1.4677603244781494
1.4983464479446411
0
0
0
0
0
0
0
0
0
0
0
0
0
0
0
0
0
0
0
0
0
0
0
0
0
0
0
0
0
0
0
0
0
0
0
0
