0
0
0
0
0
0
0
0
0
0
0
0
0
1.9969570636749268
1.7303694486618042
1.744856357574463
1.7096835374832153
1.714843511581421
1.7391256093978882
1.7368886470794678
1.7482730150222778
1.724847674369812
1.732235074043274
1.7602914571762085
1.7640461921691895
1.766150712966919
1.766769528388977
1.7766597270965576
1.7857292890548706
0
0
0
0
0
0
0
0
0
0
0
0
0
0
0
0
0
0
0
0
0
0
0
0
0
0
0
0
0
0
0
0
0
0
0
0
0
0
0
0
0
1.9430187940597534
1.9094858169555664
1.8310317993164062
1.7466801404953003
1.711727499961853
1.6405198574066162
1.6221680641174316
1.635239839553833
1.6432908773422241
1.4856523275375366
1.5215920209884644
1.5407122373580933
1.5584375858306885
1.5668504238128662
1.5993138551712036
1.6235601902008057
1.6597872972488403
1.6780897378921509
1.7004046440124512
1.7356940507888794
1.7294600009918213
1.7106021642684937
1.6627628803253174
1.6459373235702515
1.616821050643921
1.572899580001831
1.5544791221618652
1.560547113418579
1.5162283182144165
1.4953017234802246
1.4721183776855469
1.4507123231887817
1.4426347017288208
1.430382251739502
1.413988709449768
1.3817174434661865
1.3715190887451172
1.405855417251587
1.3748072385787964
1.355698823928833
1.3596440553665161
1.3302881717681885
0.9031667113304138
0.9172264337539673
0.9466226696968079
0.9981240630149841
1.0605823993682861
1.1344906091690063
1.1872649192810059
1.268473744392395
1.3886831998825073
1.3836838006973267
1.5052324533462524
1.6710830926895142
3.1687145233154297
3.1426589488983154
3.135484218597412
1.2105342149734497
1.2131150960922241
1.1966134309768677
1.1971193552017212
1.1909692287445068
1.1885358095169067
1.1918363571166992
1.1773498058319092
1.1875219345092773
1.2035874128341675
1.2075529098510742
1.2023494243621826
1.2075860500335693
1.206201195716858
1.1977397203445435
1.2160826921463013
1.2041019201278687
1.2133431434631348
1.2067911624908447
1.2202805280685425
1.2180426120758057
1.2247577905654907
0
0
0
0
0
0
0
0
0
0
0
0
0
0
0
0
0
0
0
0
2.16829514503479
2.165011405944824
2.1648457050323486
2.166306734085083
2.1856801509857178
1.2681121826171875
1.273838996887207
1.2842248678207397
1.2844712734222412
1.2870104312896729
1.2998443841934204
1.3149216175079346
1.305275559425354
1.3428785800933838
1.351646065711975
1.3467413187026978
1.3568452596664429
1.3534247875213623
1.363000512123108
1.392874002456665
1.4065905809402466
3.2737767696380615
3.357466697692871
3.3384385108947754
3.319617509841919
3.2847185134887695
3.253727912902832
3.229130744934082
3.1922764778137207
3.162652015686035
3.1270132064819336
3.119138479232788
3.0923802852630615
3.0674448013305664
2.6328983306884766
2.751152753829956
2.878092050552368
2.598684072494507
2.72929048538208
2.896315574645996
2.9063210487365723
2.9001197814941406
2.8877086639404297
2.8814566135406494
2.874216318130493
2.8557534217834473
2.854849100112915
2.848471164703369
2.8455278873443604
2.8289363384246826
2.8229544162750244
2.8180315494537354
2.822903871536255
2.817183256149292
2.825422525405884
2.820326566696167
2.8112637996673584
2.4237112998962402
3.157809019088745
3.178910732269287
2.4499588012695312
2.8385367393493652
2.8339614868164062
2.8630969524383545
2.8576629161834717
2.856496572494507
2.898319721221924
2.8955938816070557
2.9019229412078857
2.923961639404297
2.9194705486297607
2.947659969329834
2.9750287532806396
2.981095790863037
3.004645586013794
2.9968936443328857
3.0201187133789062
2.905658006668091
2.841787099838257
2.69828200340271
2.969315528869629
2.875505208969116
2.7804083824157715
2.6833529472351074
3.1620779037475586
3.20955753326416
1.5820156335830688
1.3938921689987183
1.2308712005615234
1.113076090812683
1.0028101205825806
0.9432801604270935
0.8675998449325562
0.7975309491157532
0.7401908040046692
0.717205286026001
0.729202926158905
0.7231027483940125
0.7312228083610535
0.7267195582389832
0.7348610758781433
0.7546319365501404
0.7464368343353271
0.7546899318695068
0.7558398842811584
0.7685768008232117
0.7618271708488464
0.7766112685203552
0.800292432308197
0.8060376048088074
0.8062428832054138
0.7989994287490845
0.8159937262535095
0.8366790413856506
0.8515546321868896
0.8566226363182068
0.8665702939033508
0.8698725700378418
0.898182213306427
0.9168065786361694
2.5512335300445557
2.518681049346924
1.941820740699768
1.9985212087631226
2.113872766494751
2.242772102355957
2.2895712852478027
2.270040988922119
2.2624094486236572
2.2439756393432617
2.2427051067352295
2.2405266761779785
2.215890407562256
2.2050137519836426
2.2213692665100098
2.193199634552002
2.2076973915100098
2.1986753940582275
2.19891619682312
2.1890556812286377
2.1886229515075684
2.181306838989258
2.1796998977661133
2.166801691055298
2.181734800338745
2.1761369705200195
2.1822361946105957
2.169011116027832
2.1757872104644775
1.7913769483566284
2.325406789779663
2.323996067047119
2.3451335430145264
2.114288091659546
1.9052248001098633
1.7643028497695923
2.179065704345703
2.192267417907715
2.1817679405212402
2.206326961517334
2.2223312854766846
2.2387173175811768
2.225151300430298
2.2552638053894043
2.2591440677642822
2.2782413959503174
2.3165903091430664
2.2941808700561523
2.31889271736145
2.3483622074127197
2.357542037963867
2.382225275039673
2.4097800254821777
2.4418625831604004
2.4810984134674072
2.3648595809936523
2.3108839988708496
2.2436275482177734
2.202361583709717
2.1360723972320557
2.8260915279388428
2.8670449256896973
2.8939006328582764
0
0
0
0
0
0
0
0
