0
0
0
0
0
0
0
0
0
0
0
0
0
0
0
0
0
0
0
0
0
0
0
0
0
0
0
0
0
0
0
0
0
0
0
0
0
0
0
0
0
0
0
0
0
0
0
0
0
0
0
0
0
0
0
0
0
0
0
0
0
0
0
0
0
0
0
0
0
0.8979607224464417
0.8793148994445801
0.8548171520233154
0.8475440740585327
0.8481995463371277
0.8236064314842224
0.8120425343513489
0.8084551095962524
0.8130817413330078
0.8110064268112183
0.8092706203460693
0.8203026652336121
0.8170372247695923
0.8196424245834351
0.8345552086830139
0.8326039910316467
0.8654887080192566
0.8699216842651367
0.9318876266479492
0
0
1.3923254013061523
1.3577804565429688
1.3075370788574219
1.3050872087478638
1.312727928161621
1.2908271551132202
1.2761061191558838
1.2780306339263916
1.2963078022003174
1.2997044324874878
1.3139861822128296
1.318394422531128
1.36900794506073
1.8346500396728516
1.8315951824188232
1.8386789560317993
1.8468409776687622
1.8901091814041138
1.9573031663894653
3.1256930828094482
3.1841259002685547
0
0
0
0
0
0
0
0
0
0
0
0
0
0
0
0
0
0
0
0
0
0
0
0
0
0
0
0
0
2.5462136268615723
2.461625576019287
2.4449539184570312
2.418304681777954
2.421616792678833
2.4445488452911377
2.4926517009735107
2.9456183910369873
2.9528095722198486
2.9820775985717773
3.045498847961426
2.2621853351593018
2.2205796241760254
2.2158615589141846
2.208745002746582
2.2137584686279297
2.2220652103424072
2.2536323070526123
2.734938859939575
2.7610881328582764
2.832994222640991
0
0
2.4390668869018555
2.376251220703125
2.393235445022583
2.373293876647949
2.4002225399017334
2.407776117324829
2.4660520553588867
0
0
0
0
0
0
0
0
0
0
0
0
0
0
0
0
0
0
0
0
3.4790563583374023
3.4718706607818604
3.4982571601867676
0
0
0
0
0
0
0
0
0
0
0
0
0
0
0
0
0
0
0
0
0
0
0
0
2.150127410888672
2.115800619125366
2.0847513675689697
2.0786213874816895
2.083970785140991
2.0710625648498535
2.1397178173065186
1.6751574277877808
1.6135659217834473
1.6105222702026367
1.580844759941101
1.5964502096176147
1.5957595109939575
1.594518780708313
1.6193304061889648
1.6318002939224243
1.662814736366272
2.2048494815826416
2.2044670581817627
2.20647931098938
2.225041389465332
2.254786491394043
0
0
1.8406076431274414
1.8008480072021484
1.7767558097839355
1.754282832145691
1.7604782581329346
1.7773796319961548
1.79191255569458
1.7929290533065796
1.8356070518493652
0
0
0
0
0
0
0
0
0
0
0
0
0
0
0
0
0
0
0
0
0
0
0
0
0
0
0
0
0
0
0
0
0
0
0
0
0
0
0
0
0
0
0
0
0
0
0
0
0
0
0
0
0
0
0
0
0
0
0
0
0
1.395992636680603
1.2963250875473022
1.2806594371795654
1.253511667251587
1.2218997478485107
1.2280359268188477
1.2122175693511963
1.2349624633789062
1.221758246421814
1.2302628755569458
1.2510149478912354
1.2512532472610474
1.2898207902908325
1.3291096687316895
0
0
0
0
0
1.6250684261322021
1.606261968612671
1.5917675495147705
1.560950756072998
1.5510019063949585
1.5560630559921265
1.5493404865264893
1.5798159837722778
1.5798283815383911
1.603679895401001
1.6666072607040405
0
0
0
0
0
0
0
0
0
0
0
0
0
0
0
0
0
0
0
