0
0
0
0
0
0
0
0
0
0
0
0
0
0
0
0
0
0
0
0
0
0
0
0
0
0
0
0
0
0
0
0
0
0
0
0
0
0
0
0
0
0
0
0
0
0
0
0
0
0
0
0
0
0
0
0
0
0
0
0
0
0
0
0
0
0
0
0
0
0
0
0
0
0
0
0
0
0
0
0
0
0
0
0
0
0
0
0
0
0
0
0
0
0
0
0
0
0
0
0
0
0
0
0
0
0
0
0
0
0
0
1.9013124704360962
1.7443604469299316
1.6025065183639526
1.4899581670761108
1.3868869543075562
1.3187012672424316
1.225895643234253
1.1498993635177612
1.1092995405197144
1.03551185131073
0.9794764518737793
0.9735897779464722
0.9220576286315918
0.8709490895271301
0.8387338519096375
0.802916944026947
0.7957118153572083
0.77848219871521
0.7474334836006165
0.7170129418373108
0.708103358745575
0.6509668827056885
0.6495711803436279
0.6337296366691589
0.6363999247550964
0.6033258438110352
0.5905289649963379
0.5817956328392029
0.5753098726272583
0.5578517913818359
0.5344303250312805
0.5452399253845215
0.5148106813430786
0.527084469795227
0.5005888342857361
0.5021741986274719
0.4956994950771332
0.48238760232925415
0.46727675199508667
0.47699418663978577
0.46301501989364624
0.4660522937774658
0.45097213983535767
0.4486236870288849
0.4173034131526947
0.40940314531326294
0.43528470396995544
0.4141003489494324
0.41962334513664246
0.40912926197052
0.41182979941368103
0.4063185155391693
0.39349016547203064
0.4026942849159241
0.3897343575954437
0.37403470277786255
0.3745029866695404
0.37776219844818115
0.37471842765808105
0.3845234215259552
0.3610503077507019
0.37892791628837585
0.3639172613620758
0.36696651577949524
0.3762546181678772
0.37030842900276184
0.3611859679222107
0.3706284761428833
0.3629266321659088
0.3716045916080475
0.35169675946235657
0.36649081110954285
0.35919618606567383
0.37181612849235535
0.35164713859558105
0.3399943709373474
0.3658626079559326
0.36214104294776917
0.36551815271377563
0.3614751100540161
0.36908966302871704
0.3462572693824768
0.33782094717025757
0.3633315861225128
0.3614858090877533
0.35371699929237366
0.3608604371547699
0.34202224016189575
0.38092178106307983
0.36027318239212036
0.3532969653606415
0.3637426793575287
0.3739374876022339
0.37226930260658264
0.36746594309806824
0.37151968479156494
0.3744750916957855
0.373016357421875
0.3849617838859558
0.3819272220134735
0.38916945457458496
0.3852001428604126
0.3918682634830475
0.4079756736755371
0.38635721802711487
0.392122745513916
0.41269463300704956
0.4073144793510437
0.39887505769729614
0.41609328985214233
0.41661012172698975
0.41905027627944946
0.4106012284755707
0.42237719893455505
0.44290176033973694
0.4526048004627228
0.4442905783653259
0.48147764801979065
0.45395082235336304
0.4664658308029175
0.4672962427139282
0.4828936755657196
0.4710446000099182
0.5090430378913879
0.513218343257904
0.5072968006134033
0.5170324444770813
0.5521969199180603
0.5402982831001282
0.5683882236480713
0.56216961145401
0.5765966176986694
0.5853302478790283
0.6182669997215271
0.6226904988288879
0.6344660520553589
0.6744456887245178
0.6767944097518921
0.6991682052612305
0.7272286415100098
0.753119945526123
0.7475479245185852
0.772324800491333
0.8190580606460571
0.8514325618743896
0.8772591948509216
0.926274836063385
0
0
0
0
0
0
0
0
0
0
0
0
0
0
0
0
0
3.4439475536346436
3.3256828784942627
3.2385191917419434
3.146533727645874
3.0215485095977783
2.974418878555298
2.871890068054199
2.7983360290527344
2.727527618408203
2.669297695159912
2.583995819091797
2.557992696762085
2.4737157821655273
2.444218873977661
2.3951034545898438
2.3421289920806885
2.290440082550049
2.2482693195343018
2.2241873741149902
2.180082321166992
2.131456136703491
2.101846694946289
2.075310468673706
2.04913067817688
2.003758192062378
1.9935047626495361
1.956160306930542
1.9449259042739868
1.8993682861328125
1.890407681465149
1.8782869577407837
1.860694408416748
1.8394514322280884
1.8040857315063477
1.7896536588668823
1.783240795135498
1.7445954084396362
1.7423261404037476
1.727429986000061
1.72154700756073
1.695650577545166
1.6946332454681396
1.685776948928833
1.6636488437652588
1.6565829515457153
1.6507916450500488
1.638964056968689
1.6476553678512573
1.6283161640167236
1.615693211555481
1.600481390953064
1.6125119924545288
1.609883427619934
1.5929419994354248
1.5777599811553955
1.5774577856063843
1.5705596208572388
1.573711633682251
1.578141450881958
1.570695400238037
1.5751447677612305
1.5558271408081055
1.5617406368255615
0
0
0
0
0
0
0
0
0
0
0
0
0
0
0
0
0
0
0
0
0
0
