2.5858068466186523
2.570246458053589
2.589282512664795
2.600529670715332
2.6342880725860596
0
0
0
0
0
0
0
0
0
0
0
0
0
0
0
0
0
0
0
0
2.6212809085845947
2.586491107940674
2.576387882232666
2.5797297954559326
2.560910940170288
2.593254327774048
2.655449628829956
0
0
0
0
0
0
0
0
0
0
0
0
0
0
1.4808311462402344
1.3933805227279663
1.366833209991455
1.3398882150650024
1.3344358205795288
1.3300974369049072
1.3274766206741333
1.3380552530288696
1.3398422002792358
1.3343908786773682
1.3326760530471802
1.3841649293899536
1.432371973991394
0
0
0
0
0
0
0
0
0
0
2.8392796516418457
2.762357234954834
2.7298355102539062
2.7216203212738037
2.73453688621521
2.7599146366119385
2.8044114112854004
0
0
0
0
0
0
0
0
0
0
0
0
0
0
0
0
0
0
0
0
0
0
2.532843589782715
2.4487035274505615
2.4373960494995117
2.416973114013672
2.4247608184814453
2.4249520301818848
2.4465596675872803
0.9393472671508789
0.8957899212837219
0.881500780582428
0.8545899391174316
0.8422572612762451
0.8499072790145874
0.8379485607147217
0.8223578333854675
0.8126402497291565
0.8377904891967773
0.8174710869789124
0.8331956267356873
0.8322627544403076
0.8303271532058716
0.84076988697052
0.8511216044425964
0.8791865706443787
0.8850516676902771
0.922454297542572
2.8022236824035645
0
0
0
0
0
0
0
0
0
0
0
0
0
0
0
0
0
0
0
0
0
0
0
2.3155770301818848
2.2720119953155518
2.2517917156219482
2.244702100753784
2.2680177688598633
2.2758710384368896
2.297753095626831
0
0
0
0
0
0
0
0
0
0
0
0
0
0
0
0
0
0
0
0
0
0
0
0
0
0
0
0
0
0
0
0
0
0
0
0
0
0
0
0
0
0
0
0
0
0
0
0
0
0
0
0
0
0
0
0
0
0
0
0
0
0
0
0
0
0
0
0
0
0
0
0
0
0
0
0
0
0
0
0
0
0
0
0
0
0
0
0
0
0
0
0
0
0
0
0
0
0
0
0
0
0
0
0
0
0
0
0
0
0
0
0
0
0
0
0
0
0
0
0
0
0
0
0
0
0
0
0
0
0
0
0
0
0
0
0
0
0
0
0
0
0
0
0
0
0
0
0
0
0
0
0
0
0
0
0
0
0
0
0
0
0
0
0
0
0
0
0
0
0
0
0
0
0
0
0
0
0
0
3.146416425704956
3.0675806999206543
3.0266077518463135
3.0019619464874268
3.029157876968384
3.0653364658355713
0
0
0
0
0
0
0
0
0
0
0
0
0
0
0
0
0
2.7119626998901367
2.629063367843628
2.5975987911224365
