0
0
0
0
0
0
0
0
0
0
0
0
0
0
0
0
0
0
0
0
0
0
0
0
0
0
0
0
0
0
0
0
0
0
0
0
0
0
0
0
0
0
0
0
0
0
0
0
0
0
0
0
0
0
0
0
0
0
0
0
0
0
0
0
2.807807207107544
2.7555861473083496
2.6941726207733154
2.65429949760437
2.677788257598877
2.736811399459839
2.7955424785614014
2.8690011501312256
2.920443296432495
2.959733247756958
3.021366596221924
3.0988824367523193
3.1839334964752197
1.8221396207809448
1.7654962539672852
1.7602895498275757
1.7347766160964966
1.75193190574646
1.7449817657470703
1.75917387008667
1.786521315574646
1.7975941896438599
1.8769780397415161
0
0
0
0
0
0
0
0
0
0
0
0
0
0
0
0
0
0
0
0
0
1.1812119483947754
1.1742202043533325
1.153815746307373
1.1565104722976685
1.1586546897888184
1.1668320894241333
1.1713846921920776
1.1513365507125854
1.1401244401931763
1.1505681276321411
1.1807106733322144
1.1771667003631592
1.1600321531295776
0
2.780616283416748
2.746764659881592
2.7254135608673096
2.6966094970703125
2.7055671215057373
2.681501865386963
2.6784822940826416
2.680957794189453
2.661759614944458
2.648937463760376
2.649096727371216
2.6321234703063965
2.634232997894287
2.6272811889648438
2.5925822257995605
2.6188619136810303
2.6030375957489014
2.597841262817383
2.5893423557281494
2.5891871452331543
2.6022801399230957
2.5959880352020264
2.605785846710205
2.617487907409668
2.597622871398926
2.5952372550964355
2.5962138175964355
2.629340887069702
2.6316771507263184
1.3142999410629272
1.2817914485931396
1.250415563583374
1.2735912799835205
1.2242076396942139
1.2617828845977783
1.2518963813781738
1.256361722946167
1.2417346239089966
1.2635873556137085
1.2722711563110352
1.3147423267364502
2.793020725250244
2.8135719299316406
2.8417258262634277
2.8469746112823486
2.8797225952148438
2.899078369140625
2.9303929805755615
2.9520063400268555
2.9995555877685547
3.021934986114502
0
0
0
0
0
0
0
0
0
0
0
0
0
0
0
0
0
0
0
0
0
0
0
0
0
0
0
0
0
0
0
0
0
0
0
0
0
0
0
0
0
0
0
0
0
0
0
0
0
0
0
0
0
2.2144935131073
2.14255952835083
2.090886354446411
2.0743753910064697
2.0870795249938965
2.09206485748291
2.104936122894287
2.12862229347229
0
0
0
0
0
0
0
0
0
0
0
0
0
0
0
0
0
0
0
0
0
3.480668306350708
3.4120306968688965
3.3410184383392334
3.2912535667419434
3.2274463176727295
3.1678466796875
3.1258997917175293
3.0860435962677
3.0229885578155518
3.008025646209717
2.9477181434631348
2.9049808979034424
2.879937171936035
2.9448235034942627
3.0125577449798584
3.0823943614959717
3.1665916442871094
3.256715774536133
3.3721930980682373
3.452620029449463
0
0
0
0
0
0
0
0
0
0
0
0
0
0
0
0
0
0
0
0
0
0
0
0
0
0
0
0
0
0
0
0
0
0
0
0
0
0
0
0
0
0
0
0
0
0
1.7185492515563965
1.6188533306121826
1.619380235671997
1.599395513534546
1.5624967813491821
1.5792710781097412
1.5859428644180298
1.5823891162872314
1.6101727485656738
1.6216422319412231
1.657015085220337
0
0
0
0
0
0
0
0
0
0
0
0
0
0
0
0
0
0
0
0
0
0
0
0
0
0
0
0
