1.8378756046295166
1.8199069499969482
2.7170681953430176
2.7194831371307373
2.7236828804016113
2.7122199535369873
0
0
0
0
0
0
0
0
0
0
0
0
0
0
0
0
0
0
0
0
0
0
0
0
0
0
0
0
0
0
0
0
0
0
0
0
0
0
0
0
0
0
0
0
0
2.5880343914031982
2.506929874420166
1.945326805114746
1.930138349533081
1.9056758880615234
1.8952685594558716
1.8788561820983887
1.8782920837402344
1.8956960439682007
1.920194149017334
1.9609241485595703
2.8174705505371094
2.8030993938446045
2.7976746559143066
2.3344032764434814
2.2963061332702637
2.257554531097412
2.2804067134857178
2.259355068206787
2.2746753692626953
2.3103621006011963
2.397808313369751
0
0
0
0
0
0
0
0
0
0
0
0
0
0
0
0
0
0
0
0
0
0
0
0
0
0
0
0
0
0
0
0
0
0
0
0
0
0
0
0
0
3.4904565811157227
3.4918272495269775
0
0
0
0
0
0
3.376296043395996
3.3465614318847656
3.3185882568359375
3.3323769569396973
3.4015066623687744
0
0
0
0
0
1.0322377681732178
0.9926450252532959
0.9915035367012024
0.9397290349006653
0.9292634725570679
0.9509192109107971
0.9488483667373657
0.9313318729400635
0.9468305706977844
0.9438400864601135
0.9601836800575256
0.9557181596755981
0.9554668068885803
0.9807493090629578
0.9819875955581665
1.0294303894042969
1.994482398033142
1.9334312677383423
1.9197968244552612
1.9057613611221313
1.8989940881729126
1.884698510169983
1.9130346775054932
1.289884328842163
1.3018954992294312
1.244831919670105
1.2208971977233887
1.215914011001587
1.2386319637298584
1.2120682001113892
1.2272776365280151
1.244526982307434
1.2282706499099731
1.2487947940826416
1.2649508714675903
1.2960973978042603
1.7506940364837646
1.7771482467651367
1.791773796081543
1.815722107887268
0
0
0
0
0
0
0
0
0
0
0
0
0
0
0
0
0
0
0
0
0
0
0
0
0
0
0
0
0
0
0
0
0
0
0
0
0
0
0
3.202521800994873
3.1465566158294678
3.107691526412964
3.1059772968292236
3.137096643447876
3.198974847793579
0
0
0
0
0
0
0
0
0
0
1.5243489742279053
1.4847509860992432
1.4651726484298706
1.4574593305587769
1.465841293334961
1.4563370943069458
1.4719816446304321
1.4820095300674438
1.473368763923645
1.5161887407302856
1.5632948875427246
1.9368313550949097
1.982698917388916
1.9862933158874512
2.008540630340576
2.0495407581329346
0
0
0
0
1.6234745979309082
1.5684109926223755
1.5445196628570557
1.5376524925231934
1.5407606363296509
1.506710171699524
1.5215731859207153
1.51436185836792
1.5486998558044434
1.564074158668518
1.5886586904525757
0
0
0
0
0
0
0
3.4718735218048096
3.4366958141326904
3.4480929374694824
3.4662623405456543
0
0
0
0
0
0
0
0
0
0
0
0
0
0
0
0
0
0
0
0
0
0
0
0
0
0
0
0
0
0
0
0
0
0.9627013802528381
0.9162369966506958
0.911526620388031
0.8956688046455383
0.8931037187576294
0.8599781394004822
0.8553451299667358
0.8594225645065308
0.8638667464256287
0.8544699549674988
0.8551863431930542
0.8675132989883423
0.8532444834709167
0.8872236609458923
0.8807135820388794
0.9150607585906982
0.9153328537940979
0.9319409132003784
0
0
0
0
3.3451268672943115
3.234475612640381
0.5590562224388123
0.5538157224655151
0.5278613567352295
0.5342506766319275
0.5089983344078064
0.5135737657546997
0.5165022611618042
0.4936958849430084
0.4941766560077667
0.48021024465560913
0.47775015234947205
0.4933294355869293
0.48039019107818604
0.5069656372070312
0.5008543133735657
0.48080605268478394
0.47809839248657227
0.4928955137729645
0.507329523563385
0.4894188642501831
0.4902534484863281
0.49053293466567993
0.5172034502029419
0.5191115736961365
0.5123173594474792
0.5254298448562622
0.5482837557792664
0.5621742606163025
0.6239922642707825
1.872850775718689
1.8801764249801636
1.8695603609085083
1.8426920175552368
1.8364609479904175
