2.234215497970581
0
0
0
0
0
0
0
3.443049669265747
3.4227991104125977
3.4136102199554443
3.424650192260742
3.45615553855896
0
0
0
0
0
2.4365646839141846
2.38280987739563
2.377673625946045
2.3790080547332764
2.395570993423462
2.387131452560425
2.445521593093872
0
0
0
0
0
0
0
0
0
0
0
2.959599018096924
2.890099048614502
2.8806567192077637
2.8712260723114014
2.8775222301483154
2.9005157947540283
0
0
0
0
0
0
0
0
0
1.2164555788040161
1.1845344305038452
1.1813679933547974
1.1446988582611084
1.15471351146698
1.1216057538986206
1.1259206533432007
1.0987299680709839
1.0831420421600342
1.0980404615402222
1.0805401802062988
1.057437539100647
1.0563887357711792
1.0438812971115112
1.0435469150543213
1.0193004608154297
1.0212039947509766
1.0198378562927246
1.9765794277191162
1.956518530845642
1.9283473491668701
1.9220608472824097
1.9238945245742798
1.917751669883728
1.9182289838790894
1.8961819410324097
1.8890984058380127
1.8751097917556763
2.8357179164886475
2.8628623485565186
2.827470541000366
2.9024770259857178
0
0
0
0
0
0
0
0
0
0
0
0
3.478893756866455
3.398958921432495
3.3717174530029297
2.1614551544189453
2.1143479347229004
2.1155154705047607
2.101248264312744
2.108128309249878
2.118314266204834
2.1371748447418213
2.1957194805145264
0
0
0
0
0
0
0.911623477935791
0.8543314933776855
0.8309130668640137
0.8202555179595947
0.8194900155067444
0.8056113719940186
0.7916000485420227
0.7932474613189697
0.7769638299942017
0.795665442943573
0.7939198017120361
0.803081750869751
0.7858723402023315
0.7994571924209595
0.819810152053833
0.8117939829826355
0.8199349045753479
0.8595694303512573
0.8665624260902405
0
0
0
0
0
0
0
0
0
2.3348350524902344
2.3209731578826904
2.2986631393432617
2.304089069366455
2.327709197998047
2.3258988857269287
2.4097511768341064
2.9359993934631348
3.017735719680786
3.1220955848693848
3.1017277240753174
3.077918767929077
3.0352163314819336
3.0214149951934814
2.98028564453125
2.954277992248535
2.9437921047210693
2.9150123596191406
2.900918960571289
2.88639760017395
2.875244379043579
2.8415091037750244
2.8183727264404297
2.4099230766296387
2.5184524059295654
2.708730936050415
0
1.8790550231933594
1.8511871099472046
1.8513866662979126
1.832355260848999
1.8275947570800781
1.8425438404083252
1.839781403541565
1.8881351947784424
1.9358704090118408
0
0
0
0
0
0
0
0
0
0
0
0
0
0
0
0
0
0
0
0
0
0
0
0
0
0
0
0
0
0
0
0
0
0.697188675403595
0.6789126396179199
0.6735996007919312
0.6416841149330139
0.631749153137207
0.659170389175415
0.6136680841445923
0.6194280982017517
0.604423463344574
0.5885094404220581
0.6039696931838989
0.6123815178871155
0.6197686791419983
0.6158981323242188
0.6085122227668762
0.6084120273590088
0.6090447902679443
0.6161118745803833
0.6173182129859924
0.6447808742523193
0.6558277010917664
0.6532231569290161
0.6633699536323547
0.7062763571739197
0
0
3.284960985183716
3.2442522048950195
3.244723320007324
3.2466328144073486
3.2949306964874268
0
0
0
0
0
0
0
0
1.9941056966781616
1.9375303983688354
1.904340386390686
1.8915607929229736
1.9030264616012573
1.9031914472579956
1.9167951345443726
1.9365746974945068
1.9716830253601074
3.3462717533111572
3.3481626510620117
3.3448030948638916
3.3770976066589355
0
0
0
0
0
0
0
0
0
0
0
0
0
0
0
0
2.85441517829895
2.7402403354644775
2.7397854328155518
2.7697954177856445
1.8624234199523926
1.8555642366409302
1.8543213605880737
1.857276439666748
1.8768951892852783
1.8844759464263916
1.90578293800354
1.882764458656311
1.9102586507797241
1.935263991355896
1.931327223777771
1.9570215940475464
2.2749874591827393
2.2029902935028076
2.110105037689209
2.0544869899749756
2.0408873558044434
2.0701024532318115
2.110461711883545
2.0984866619110107
2.116769790649414
2.1728122234344482
2.1887121200561523
2.1907718181610107
2.2316229343414307
3.499899387359619
3.5
0
0
0
0
0
0
0
0
0
0
0
0
0
0
0
0
2.6212425231933594
2.5912744998931885
2.580429792404175
2.582324266433716
2.5846524238586426
2.6266305446624756
2.6965556144714355
0
0
0
0
0
0
0
0
0
0
0
0
0
0
0
0
0
0
0
0
0
2.318528175354004
2.2265748977661133
2.2000904083251953
2.1807568073272705
2.16288161277771
2.1924643516540527
2.1812267303466797
2.226764440536499
