0.6463634967803955
0.6591775417327881
0.6475490927696228
0.644203782081604
0.650859534740448
0.6489019989967346
0.6553865075111389
0.6563513278961182
0.6481279730796814
0.6657325029373169
0.6567069292068481
0.64231276512146
0.6392846703529358
0.6693698763847351
0.681643545627594
0.6677095890045166
0.6514416337013245
0.6778033971786499
0.6620381474494934
0.6876709461212158
0.7016413807868958
0.6899722814559937
0.6989142298698425
0.7020998597145081
0.6970309019088745
0.7289575934410095
0.7166936993598938
0.7212145924568176
0.7228631973266602
0.7489457726478577
0.7472737431526184
0.7235571146011353
0.6956273317337036
0.6881789565086365
0.6829923391342163
0.6533828377723694
0.6346821188926697
0.6319782137870789
0.6146584749221802
0.5985212922096252
0.6067659854888916
0.5873366594314575
0.5578733086585999
0.5700006484985352
0.5286375284194946
0.5191511511802673
0.523845911026001
0.5075439214706421
0.49849626421928406
0.5018059611320496
0.4924348294734955
0.4851897954940796
0.45791247487068176
0.4838997423648834
0.4531945288181305
0.4507644474506378
0.4517630636692047
0.4619322419166565
0.5483265519142151
0.5392649173736572
0.5246759057044983
0.5454460978507996
1.405747413635254
1.4620980024337769
1.4999629259109497
1.5034388303756714
1.4780076742172241
1.460577130317688
1.4580410718917847
1.467024326324463
1.4473942518234253
1.4217040538787842
1.439946174621582
1.4190598726272583
1.4192134141921997
1.4064850807189941
1.4069889783859253
1.394357442855835
1.3725026845932007
1.4060713052749634
0
0
0
0
0
0
0
0
0
0
0
0
0
0
0
0
0
0
0
0
0
0
0
3.1132824420928955
3.367220878601074
3.357283115386963
3.347499370574951
3.3574447631835938
3.32439923286438
3.3214542865753174
3.309288263320923
2.141998052597046
2.0220999717712402
1.9316823482513428
1.8702691793441772
1.8029996156692505
1.7529982328414917
1.5606333017349243
1.5387654304504395
1.570381999015808
1.5903749465942383
1.6039127111434937
1.6144887208938599
1.614311695098877
1.6674202680587769
1.682621955871582
1.7074512243270874
1.7336376905441284
1.7524464130401611
1.7574665546417236
1.701690673828125
1.67754328250885
1.6599388122558594
1.6121492385864258
1.6051737070083618
1.5876834392547607
1.530028223991394
1.514021873474121
1.4853869676589966
1.4588794708251953
1.4460831880569458
1.430823564529419
1.4287388324737549
1.3912798166275024
1.3813438415527344
1.3655462265014648
1.3503414392471313
0.879568874835968
0.9146556258201599
0.914402425289154
0.9508087635040283
0.9793888926506042
1.00869619846344
1.0549546480178833
0.7595143914222717
0.75480717420578
0.7419955134391785
0.7394916415214539
0.7627121806144714
0.7389785647392273
0.7450416088104248
0.7292985320091248
0.7184697985649109
0.7207536101341248
0.7092463374137878
0.7239709496498108
0.72233647108078
0.7253468632698059
0.6963355541229248
0.7035619020462036
0.7085023522377014
0.6992993354797363
0.7004095315933228
0.7086120843887329
0.7031754851341248
0.6988717913627625
0.6838630437850952
0.7034711837768555
0.6890588402748108
0.6829291582107544
0.682547390460968
0.6923313140869141
0.6874677538871765
0.689622700214386
0.7040998935699463
3.349703073501587
3.2719030380249023
0
0
0
0
0
0
0
0
0
0
0
0
0
0
0
0
0
0
0
0
0
0
0
0
0
0
0
0
0
0
3.4507272243499756
3.3909285068511963
3.3216421604156494
0
0
0
0
0
0
0
0
0
0
0
0
0
0
0
0
0
0
0
0
0
0
0
0
0
0
0
0
0
0
0
0
0
0
0
0
0
0
0
0
0
0
0
2.108769416809082
2.0929012298583984
2.048006057739258
2.050978660583496
2.0184922218322754
2.013960838317871
1.9883257150650024
1.9765368700027466
1.9731247425079346
1.9233858585357666
1.9154552221298218
1.9267652034759521
1.8911775350570679
1.8887251615524292
1.8772400617599487
1.859590768814087
1.867911458015442
1.8470747470855713
1.8366597890853882
1.8413020372390747
1.8148709535598755
1.8213738203048706
1.8058472871780396
1.8002113103866577
1.7936674356460571
1.7956222295761108
2.0747954845428467
0
0
0
0
0
0.5897275805473328
0.5501921772956848
0.5684002637863159
0.5595220327377319
0.5990568995475769
0.5920791625976562
0.5667640566825867
0.6042667031288147
0.6276912689208984
0.6298862099647522
0.6103345155715942
0.6334583759307861
0.621964156627655
0.635389506816864
0.6579097509384155
0.6864270567893982
0.6613124012947083
0.6882874965667725
0.7060417532920837
0.7170611619949341
0.713455080986023
0.7387288808822632
0.7751559019088745
0.7632778286933899
0.7722082734107971
0.7874342799186707
0.8111714124679565
0.8168705701828003
0.8126956224441528
0.7967723608016968
0.7971364855766296
0.7709823846817017
0.7818481922149658
0.7470621466636658
0.743984043598175
0.7392148971557617
0.7448461055755615
0.725482165813446
0.7186664342880249
0.7144506573677063
0.7164943814277649
0.6996170282363892
0.6902218461036682
0.6988994479179382
0.6778732538223267
0.6972975134849548
0.6724737286567688
0.6722057461738586
0.6757872700691223
0.6709270477294922
0.6780634522438049
0.6745889186859131
0.6556874513626099
0.6712061762809753
0.6511210799217224
0.6562212705612183
0.66285640001297
0.6574825644493103
0.6624600887298584
0.6571730375289917
0.6717242002487183
0.64512038230896
0.6399035453796387
0.6508582234382629
0.6515611410140991
