0.772489070892334
0.8012340068817139
0.8591089248657227
0.9437380433082581
1.0178509950637817
1.104591965675354
1.2024290561676025
1.3247544765472412
1.497582197189331
1.7039352655410767
1.9913252592086792
2.379786729812622
2.9258713722229004
3.3992743492126465
0
0
0
0
0
0
0
0
0
0
0
0
0
0
0
0
0
0
0
0
0
2.820673942565918
2.797635555267334
2.8012092113494873
2.800661087036133
1.792362928390503
1.697404384613037
1.6436954736709595
1.5903184413909912
1.5399549007415771
1.4985851049423218
1.4483699798583984
1.451581597328186
1.4560796022415161
1.486149549484253
1.3284505605697632
1.3097606897354126
1.334236979484558
1.3493167161941528
1.3631805181503296
1.388586163520813
1.3978509902954102
1.4250953197479248
1.458385944366455
1.4571250677108765
1.492192268371582
1.4845346212387085
1.544392466545105
1.5356414318084717
1.5298748016357422
1.4952971935272217
1.4763509035110474
1.4341658353805542
1.4191945791244507
1.40241277217865
1.3925575017929077
1.3886181116104126
1.349622130393982
1.3220915794372559
1.3163154125213623
1.3023790121078491
1.301424503326416
1.2835181951522827
1.2682385444641113
1.2505322694778442
1.2389482259750366
1.241610050201416
1.2174443006515503
1.2123510837554932
1.2081665992736816
1.170983076095581
1.1938713788986206
1.1775821447372437
1.186104655265808
1.157788872718811
1.1503047943115234
0.7211861610412598
0.7327513098716736
0.7625340819358826
0.8227185606956482
0.9063403606414795
0.9757009744644165
1.0803896188735962
3.2517142295837402
3.2332217693328857
1.2075632810592651
1.1703397035598755
1.1753584146499634
1.1957300901412964
1.1797410249710083
1.1664789915084839
1.1847788095474243
1.209031581878662
1.1845487356185913
1.194473385810852
1.1696845293045044
1.1672887802124023
1.1984999179840088
1.1898189783096313
1.1834228038787842
1.1862059831619263
1.1966640949249268
1.1971510648727417
1.2129828929901123
1.2172706127166748
1.2179555892944336
1.2225873470306396
1.222362756729126
0
0
0
0
0
0
0
0
0
0
0
0
0
0
0
0
0
0
0
0
0
0
0
0
3.4843382835388184
0
0
0
0
0
0
0
0
0
0
0
0
0
0
0
0
3.4959399700164795
2.765371561050415
2.733684778213501
2.716153621673584
2.6963257789611816
2.6657307147979736
2.64508318901062
2.614274740219116
0
0
0
0
3.4766576290130615
3.4402666091918945
3.4459125995635986
0
0
0
0
0
0
0
0
0
0
0
0
0
0
0
0
0
0
0
0
0
0
3.1133573055267334
2.4748687744140625
2.083282470703125
1.802808165550232
1.5849330425262451
1.4128865003585815
1.2942633628845215
1.1549526453018188
1.0594943761825562
0.9843937158584595
0.9195871353149414
0.8519034385681152
0.8016215562820435
0.7661190032958984
0.7128880620002747
0.6875087022781372
0.6547958254814148
0.6150984168052673
0.5865432024002075
0.5512488484382629
0.5509940981864929
0.546863853931427
0.5305085778236389
0.4866672456264496
0.47490236163139343
0.45440492033958435
0.4351353347301483
0.4346875846385956
0.4182984530925751
0.4161638021469116
0.39644140005111694
0.3819792568683624
0.3829708695411682
0.3815559148788452
0.36185896396636963
0.3639712929725647
0.3511713743209839
0.3606506586074829
0.32725560665130615
0.32657527923583984
0.32890304923057556
0.3151300847530365
0.30792373418807983
0.2982581555843353
0.3044983446598053
0.28913772106170654
0.29988011717796326
0.28414759039878845
0.27416831254959106
0.29084575176239014
0.26556724309921265
0.2803025543689728
0.2590338885784149
0.264627605676651
0.2564990520477295
0.27133744955062866
0.26618650555610657
0.27011922001838684
0.2537946403026581
0.25043541193008423
0.24452868103981018
0.24473869800567627
0.2406410127878189
0.2267266809940338
0.2409232258796692
0.25386178493499756
0.24133196473121643
0.23386162519454956
0.24083730578422546
0.23140066862106323
0.23783275485038757
0.23232875764369965
0.23816142976284027
0.21997317671775818
0.23845979571342468
0.2258809506893158
0.21854396164417267
0.22824059426784515
0.21851983666419983
0.23180601000785828
0.22110387682914734
0.22092679142951965
0.22107158601284027
0.2278473824262619
0.2295977920293808
0.2207966297864914
0.22055691480636597
0.22082093358039856
0.2192412167787552
0.21155676245689392
0.2228129357099533
0.21108822524547577
0.23926842212677002
0.22961345314979553
0.23464208841323853
0.23737257719039917
0.22952182590961456
0.2456618696451187
0.22698305547237396
0.23293083906173706
0.23024600744247437
0.2237175554037094
0.23780690133571625
0.2620187997817993
0.23916849493980408
0.2349073439836502
0.25819337368011475
0.25786644220352173
0.2499740868806839
0.2421676516532898
0.2631813585758209
0.2615468502044678
0.2597755491733551
0.2500901520252228
0.2566244304180145
0.2421741485595703
0.2689440846443176
0.27319326996803284
0.2626979947090149
0.2686575651168823
0.2875250577926636
0.2683689296245575
0.27466335892677307
0.29963311553001404
0.3071691393852234
0.30752822756767273
0.29389017820358276
0.30499178171157837
0.3125123679637909
0.3184870183467865
0.4616963863372803
0.4544617831707001
0.45027828216552734
0.43458816409111023
0.43418264389038086
0.43258747458457947
0.429004430770874
0.39051365852355957
0.3894577920436859
0.39052411913871765
0.40276360511779785
0.3895876705646515
0.38588178157806396
0.39574941992759705
0.4023281931877136
0.42130982875823975
0.4568634629249573
0.4633651673793793
0.4342900812625885
0.5036822557449341
0.4987812340259552
0.5080739855766296
0.5502545237541199
0.5654363036155701
0.5719890594482422
0.6093528270721436
0.621263861656189
0.687873125076294
0.729330837726593
0.7531623840332031
