0
0
0
0
0
0
0
0
0
0
0
0
0
0
0
0
0
0
0
0
0
0
0
0
0
0
0
0
0
0
0
0
0
0
0
0
0
0
0
3.108952045440674
3.0277862548828125
2.9969658851623535
2.981574773788452
2.9882991313934326
3.0311901569366455
0
0
0
0
3.479315996170044
1.434840440750122
1.4483424425125122
0
0
0
0
0
0
0
0
0
0
0
0
0
0
0
0
0
0
0
0
0
0
3.2867801189422607
3.263028621673584
3.25490140914917
3.2595300674438477
3.3310604095458984
0
0
0
0
0
0
0
0
0
0
0
0
0
0
0
0
0
0
0
0
0
0
0
0
0
0
0
0
0
0
0
0
0
0
0
0
0
0
0
0
0
0
0
0
0
0
0
0
0
0
0
0
0
0.817193329334259
0.7656478881835938
0.7320634722709656
0.7261342406272888
0.7204038500785828
0.7214999198913574
0.7163593173027039
0.6823418736457825
0.7040678262710571
0.6982778310775757
0.7084746360778809
0.6972135305404663
0.6897492408752441
0.7021674513816833
0.7184640765190125
0.7105478048324585
0.7184141278266907
0.7232993245124817
0.7464398145675659
0.749756395816803
0.754185140132904
0.8127579689025879
0
0
0
0
0
0
0
0
3.203902244567871
3.1860687732696533
3.1805474758148193
3.1771433353424072
3.220269203186035
0
0
0
0
0
0
0
0
0
2.30684232711792
2.222449779510498
2.165440797805786
2.165614604949951
2.174213409423828
2.165797233581543
2.201711654663086
2.2331721782684326
0
0
0
0
0
0
0
0
0
0
0
0
3.3164641857147217
3.220604419708252
3.2011256217956543
3.21689772605896
3.238190174102783
3.3174686431884766
0
1.7096006870269775
1.6765249967575073
1.65818452835083
1.6460490226745605
1.6482244729995728
1.6395093202590942
1.6703221797943115
1.6787309646606445
1.7038761377334595
0
3.44175124168396
3.406038284301758
3.422142744064331
3.44638729095459
0
0
0
0
0
0
0
0
0
0
0
0
0
0
0
0
0
0
0
0
0
0
0
0
0
1.749871015548706
1.7009525299072266
1.682634711265564
1.6872144937515259
1.6819162368774414
1.669015645980835
1.6583365201950073
1.7024997472763062
1.7031723260879517
1.7813807725906372
2.7154884338378906
2.7710206508636475
0
0
0
0
0
0
0
0
0
0
0
0
0
0
0
0
0
0
0
0
0
0
0
0
0
0
0
3.3528683185577393
3.293043375015259
3.2991836071014404
3.3018524646759033
3.346608877182007
0
0
0
0
0
0
2.18332576751709
2.1436891555786133
2.1511073112487793
2.130540609359741
2.1409895420074463
2.144969940185547
0.8785474896430969
0.8459920287132263
0.8134040832519531
0.8163749575614929
0.7960584759712219
0.771930456161499
0.7915837168693542
0.7784163355827332
0.7953935861587524
0.7656906843185425
0.787840723991394
0.7621865272521973
0.7705846428871155
0.7822222709655762
0.7931017279624939
0.7818711996078491
0.809158980846405
0.8030877709388733
0.8408076167106628
0.8738555312156677
0
0
0
0
0
0
0
0
0
0
0
0
0
0
0
0
0
0
0
0
0
0
0
0
0
0
0
0
0
0
0
0
0
0
0
0
0
0
0
0
0
0
