1.7656829357147217
1.783154845237732
1.7712608575820923
1.7506109476089478
1.771019458770752
1.7626605033874512
1.7728756666183472
1.7714518308639526
1.774986743927002
1.785915493965149
0
0
0
0
0
0
0
0
3.1651437282562256
3.101438283920288
3.0667636394500732
3.0738611221313477
3.1104156970977783
3.168928861618042
0
0
0
0
0
0
0
0
1.8969615697860718
1.8799521923065186
1.8470501899719238
1.8468528985977173
1.8466671705245972
1.8483819961547852
1.8714345693588257
1.8950492143630981
1.9282500743865967
0
0
0
0
0
0
3.3996715545654297
3.3625617027282715
3.3622865676879883
3.3634769916534424
3.416604518890381
0
0
0
0
0
0
0
0
0
0
0
3.3447823524475098
2.7557742595672607
2.73175311088562
2.701519727706909
2.7003397941589355
2.7284328937530518
1.2333160638809204
1.1786681413650513
1.1679778099060059
1.1639641523361206
1.1432042121887207
1.1315127611160278
1.1437525749206543
1.1461721658706665
1.1313575506210327
1.1353952884674072
1.1592719554901123
1.1896133422851562
1.2046948671340942
1.2549059391021729
0
0
0
0
0
0
0
0
0
0
0
0
0
0
0
0
0
0
0
0
2.665313959121704
2.5914900302886963
2.5859363079071045
2.5963971614837646
2.5667917728424072
2.6001365184783936
2.6679999828338623
0
0
0
0
0
0
0
0
0
0
0
0
0
0
0
0
1.6604065895080566
1.6136674880981445
1.596764326095581
1.5756779909133911
1.5570060014724731
1.5564563274383545
1.572959303855896
1.563248634338379
1.6096826791763306
1.6189758777618408
0
0
0
0
0
0
0
0
0
0
0
0
0
0
2.8286962509155273
2.7855706214904785
2.7909770011901855
2.7768192291259766
2.8045568466186523
2.896239757537842
0
0
0
0
0
0
1.0003957748413086
1.003008246421814
1.0255404710769653
1.0155104398727417
1.0008307695388794
1.0129525661468506
0.9998764991760254
0.9836723804473877
0.9956889152526855
0.9890348315238953
0.9747933149337769
0.9797745943069458
0.9837093353271484
0.9649290442466736
0.9874118566513062
0.9622505903244019
0.9741606712341309
0.9531545639038086
0.9769368767738342
0.9718623161315918
0.9790071249008179
0.9847860932350159
0.9748594760894775
2.1871392726898193
2.0653693675994873
1.8131731748580933
1.5904529094696045
1.4133307933807373
1.2856967449188232
1.1716117858886719
1.0882560014724731
1.0200589895248413
1.0322614908218384
1.0284215211868286
1.0307559967041016
1.0379658937454224
1.027709722518921
1.0438997745513916
1.0535330772399902
1.068756341934204
1.0517327785491943
1.0625226497650146
1.07244074344635
1.0867211818695068
1.1082231998443604
1.1135553121566772
1.1451281309127808
1.135446310043335
1.1297519207000732
1.1611617803573608
1.1570649147033691
2.496886730194092
2.4455904960632324
2.4231650829315186
2.4333722591400146
2.4450857639312744
2.442498207092285
2.497631788253784
0
0
0
0
0
0
0
0
0
0
0
0
0
3.3004705905914307
3.265871286392212
3.259340524673462
3.276682138442993
3.314901351928711
0
0
0
0
0
1.6781922578811646
1.6577823162078857
1.628404140472412
1.5940520763397217
1.606513261795044
1.5928572416305542
1.5802689790725708
1.6280910968780518
1.6379671096801758
1.6548298597335815
2.691121816635132
2.671330690383911
2.6419107913970947
2.6505579948425293
2.691861629486084
2.781646966934204
0
0
0
0
0
0
0
0
0
0
0
0
0
0
0
0
0
0
0
0
0
2.811789035797119
2.764098644256592
2.7537918090820312
2.7818171977996826
2.776256799697876
2.8112001419067383
0
0
1.698420524597168
1.6719146966934204
1.648311972618103
1.6224240064620972
1.6492725610733032
1.6424685716629028
1.6455028057098389
1.6489282846450806
1.681206464767456
1.7114217281341553
3.036410093307495
3.0993590354919434
0
0
0
0
0
0
0
0
0
0
0
0
2.3330280780792236
2.271505355834961
2.242793321609497
2.235342264175415
2.2597410678863525
2.2720305919647217
2.2902095317840576
0
0
0
0
0
0
3.1357505321502686
3.069894313812256
3.0505294799804688
3.0394718647003174
3.0517921447753906
3.08683443069458
0
0
0
0
0
0
0
0
0
0
0
0
0
0
0
0
0
0
0
0
0
0
0
0
0
1.7811002731323242
1.7783172130584717
1.7730098962783813
1.7667382955551147
