0
0
0
0
0
0
0
0
0
0
0
0
0
0
0
0
0
0
0
0
0
0
1.577308177947998
1.589144229888916
0
0
0
0
0
0
0
0
0
0
0
0
0
0
0
0
0
0
0
0
0
0
0
0
0
0
0
0
0
0
0
0
0
0
0
0
0
0
0
0
0
0
0
0
0
0
0
0
0
0
0
0
0
0
0
0
0
0
0
0
0
0
0
0
0
0
0
0
0
0
0
0
0
0
0
0
0
0
0
0
0
0
0
0
0
0
0
2.658149242401123
0
0
0
0
0
0.8932238817214966
0.8979021310806274
0.8896238803863525
0.8754361271858215
0
0
0
0
0
0
0
0
0
0
0
0
0
0
0
0
0
0
0
0
0
0
0
0
0
0
0
0
0
0
0
0
3.1483376026153564
0
0
0
0
0
0
0
0
0
0
0
0
0
0
0
0
0
0
0
0
0
0
0
0
0
0
0
0
0
0
0
0
0
0
0
0
0
0
3.381152391433716
3.345325469970703
3.3481433391571045
2.6598379611968994
2.611501455307007
2.5805130004882812
2.5833637714385986
2.5962975025177
2.6221208572387695
2.6992499828338623
0
0
0
0
0
0
0
0
0
0
0
1.4714341163635254
1.4345277547836304
1.4241185188293457
1.425637125968933
1.4022397994995117
1.4295693635940552
1.4200876951217651
1.405780553817749
1.4362754821777344
1.4527719020843506
1.5020663738250732
0
0
0
0
0
0
0
0
0
0
2.405174493789673
2.3233394622802734
2.302229404449463
2.2744829654693604
2.293684959411621
2.312236785888672
2.309455394744873
2.392059087753296
0
0
0
0
0
0
0
0
0
0
0
3.309232234954834
0
0
0
0.8338373899459839
0.7798308730125427
0.7708104848861694
0.7645521759986877
0.747467041015625
0.7350975871086121
0.740338921546936
0.7315279245376587
0.7147278785705566
0.7153837084770203
0.7239002585411072
0.7209451198577881
0.7165417671203613
0.7179486155509949
0.736298143863678
0.7335737943649292
0.7401637434959412
0.7588375806808472
0.7707436680793762
0.7886297106742859
0.8341670632362366
0
0
0
0
0
0
0
0
0
3.3619906902313232
0
0
0
0
0
0
0
0
0
0
0
0
0
0
0
0
0
0
0
2.7983527183532715
2.7339882850646973
2.7086801528930664
2.6935973167419434
2.717773675918579
2.745483160018921
2.796353340148926
0
0
0
0
0
0
0
0
0
0
0
0
1.7286378145217896
1.6599524021148682
1.6474967002868652
1.6474860906600952
1.6262599229812622
1.6139146089553833
1.613024115562439
1.639704704284668
1.6668325662612915
1.6752896308898926
1.7248950004577637
0
0
0
0
0
0
0
3.007702350616455
2.9502482414245605
2.927255392074585
2.9254636764526367
2.9641737937927246
2.9919111728668213
0
0
0
0
0
0
0
0
0
0
