2.8811075687408447
2.872007369995117
2.872542381286621
2.8688552379608154
2.8839809894561768
2.8646457195281982
2.0597879886627197
2.0184273719787598
1.961913824081421
1.9766899347305298
1.9573825597763062
1.9546568393707275
1.95663321018219
1.9909021854400635
2.022367238998413
2.963012218475342
2.9809467792510986
2.9886584281921387
3.015249490737915
3.052262306213379
3.066668748855591
3.0822572708129883
3.099780797958374
3.112316370010376
3.1449196338653564
3.168501853942871
3.171717405319214
3.200082302093506
3.2159273624420166
3.2588837146759033
3.2932612895965576
3.3005666732788086
3.350173234939575
3.399413824081421
3.4225573539733887
3.4847958087921143
0
0
0
0
0
0
0
0
0
0
0
0
0
0
0
0
3.4228100776672363
3.3790953159332275
3.3823728561401367
3.4135184288024902
3.4444103240966797
0
0
0
0
0
0
0
0
0
0
0
0
0
0
0
0
0
0
0
0
0
0
0
0
0
0
0
0
0
0
0
0
0
0
0
0
0
0
0
0.9165104627609253
0.8734997510910034
0.8445037007331848
0.8306413292884827
0.8077770471572876
0.8197330236434937
0.8123999834060669
0.8194764256477356
0.8073282241821289
0.8090390563011169
0.8051815032958984
0.8039469122886658
0.8202791213989258
0.7990713119506836
0.8349833488464355
0.835864245891571
0.84395432472229
0.8769720196723938
0.90008944272995
1.3482375144958496
1.3314083814620972
1.3486714363098145
1.3995676040649414
1.4147281646728516
1.469569206237793
0
0
0
0
0
1.0838611125946045
1.0550509691238403
1.0320533514022827
1.0054478645324707
1.0190796852111816
0.9940715432167053
0.9883826375007629
0.9779511094093323
0.9837843179702759
1.004662275314331
0.9967425465583801
1.0077134370803833
1.0419179201126099
1.051685094833374
1.0840535163879395
0
2.1558713912963867
2.0911176204681396
2.093737840652466
2.0441346168518066
2.0668904781341553
2.0848324298858643
2.104994297027588
2.129981517791748
0
0
0
0
0
0
0
0
0
0
3.499506950378418
3.421637535095215
3.4247806072235107
3.425549030303955
3.4715867042541504
0
0
0
0
0
0
0
0
0
0
0
0
0
0
0
0
0
0
0
0
0
0
0
0
0
0
0
0
1.5990957021713257
1.5747766494750977
1.5536935329437256
1.5484650135040283
1.5220552682876587
1.5422097444534302
1.5415153503417969
1.5649219751358032
1.5964834690093994
1.6228909492492676
0
0
0
0
0
0
0
0
0
0
0
0
0
0
0
0
0
0
0
0
0
0
0
0
0
3.0111734867095947
2.970086097717285
2.9583792686462402
2.9776692390441895
2.987126111984253
3.0769050121307373
0
0
0
0
0
0
0
0
0
0
0
0
0
0
0
0
0
0
0
0
0
0
0
0
0
0
0
0
0
0
0
0
0
0
0
0
0
0
0
0
0
0
0
0
0
0
0
0
0
0
0
0
0
0
0
0
0
1.1123398542404175
1.073124647140503
1.0500060319900513
1.0561801195144653
1.0348585844039917
1.0279558897018433
1.0180774927139282
1.039551019668579
1.0208944082260132
1.0149476528167725
1.0238405466079712
1.0618822574615479
1.0466077327728271
1.0699207782745361
1.0939207077026367
1.177964210510254
0
0
0
0
0
0
0
0
0
0
0
0
0
0
0
0
0
0
0
3.458277940750122
3.4367029666900635
3.397737741470337
3.3205204010009766
3.29514479637146
3.248166799545288
3.230890989303589
3.201590061187744
3.183274745941162
3.1558172702789307
3.1295580863952637
3.0821151733398438
3.0696115493774414
3.056133508682251
3.0490052700042725
3.0033254623413086
3.018376350402832
2.979271650314331
2.9905874729156494
2.9503867626190186
2.9639389514923096
2.9389891624450684
2.9282469749450684
2.909613609313965
2.9019806385040283
2.9080233573913574
2.9043877124786377
2.877232074737549
2.8634064197540283
2.873455047607422
2.8747010231018066
2.8777542114257812
2.8782005310058594
2.8684022426605225
