0
0
0
0
0
0
0
0
0
0
0
0
0
0
0
0
0
0
0
0
0
0
0
0
0
0
0
0
0
0
0
0
0
0
0
0
0
0
0
1.5982542037963867
1.532834529876709
1.494576334953308
1.4846616983413696
1.4824450016021729
1.462876319885254
1.446947693824768
1.4674562215805054
1.4870399236679077
1.510465145111084
1.5055575370788574
1.562551498413086
0
0
0
0
0
0
0
0
0
0
0
0
0
0
0
0
0
0
0
0
0
0
0
0
0
0
0
0
0
0
0
2.4947550296783447
2.464470148086548
2.4309635162353516
2.43184494972229
2.4575984477996826
2.475867986679077
2.4925858974456787
0
0
0
0
0
0
0
0
0
0
0
0
0
0
0
0
0
0
0
0
0
0
0
3.230099678039551
3.187258005142212
3.164706230163574
3.1392970085144043
3.1793506145477295
3.3043150901794434
0
0
0
1.0977671146392822
1.0217801332473755
0.9940889477729797
0.9843037128448486
0.9866695404052734
0.9677894115447998
0.9607852101325989
0.9625265598297119
0.9565641283988953
0.9620542526245117
0.9651839733123779
0.9803282022476196
0.9855443239212036
0.9782212376594543
0.9927428364753723
1.0282377004623413
0
0
0
0
0
0
0
0
0
0
0
0
0
0
0
0
2.9623570442199707
2.928903818130493
2.922262191772461
2.9406704902648926
2.9720382690429688
0
0
0
0
0
0
0
0
0
0
0
0
0
0
0
0
0
2.6121671199798584
2.5603222846984863
2.554466724395752
2.563225269317627
2.56473970413208
2.5856282711029053
0
0
0
0
0
0
0
0
0
0
0
0
0
0
0
0
0
0
0
0
0
0
0
0
0
0
0
0
1.8766226768493652
1.7962005138397217
1.791555404663086
1.7699522972106934
1.7569605112075806
1.7440614700317383
1.7557469606399536
1.7677099704742432
1.8145078420639038
1.8719478845596313
0
0
0
0
0
0
0
0
0
0
0
0
0
0
0
0
0
0
0
0
0
0
0
0
0
0
0
0
0
0
0
0
0
0
0
0
0
0
0
0
0
0
0
0
0
0
0
0
0
0
0
0
0
0
0
0
0
0
0
0
0
0
0
0
0
0
0
0
0
0
0
0
0
0
0
0
0
0
0
0
0
0
0.6905511617660522
0.6659612059593201
0.6380274295806885
0.6387186050415039
0.6361141204833984
0.632696270942688
0.6291364431381226
0.6061527729034424
0.606123685836792
0.6117340326309204
0.6025193929672241
0.6192171573638916
0.6093168258666992
0.6096439957618713
0.6130035519599915
0.6393440365791321
0.5963199734687805
0.612972617149353
0.6282927393913269
0.6395882368087769
0.6510080695152283
0.6688058972358704
0.6759164929389954
0.6918842196464539
0
0
0
0
0
0
0
0
0
0
0
0
0
0
0
0
0
0
0
0
0
0
0
0
0
0
0
0
0
0
0
0
0
0
0
