0
0
0
0
0
0
0
0
0
0
0
0
0
0
0
0
0
1.946254014968872
1.8895903825759888
1.8929240703582764
1.9075078964233398
1.8742907047271729
1.8713366985321045
1.8954129219055176
1.9222337007522583
1.9790089130401611
0
0
0
0
0
0
0
0
0
0
0
0
0
0
0
0
0
0
0
0
0
0
0
0
0
0
0
3.1365537643432617
3.0980708599090576
2.5511271953582764
2.4968037605285645
2.4910404682159424
2.4941811561584473
2.4941864013671875
2.507387638092041
2.5320382118225098
0
1.141615629196167
1.049635648727417
1.0219321250915527
0.9990043640136719
1.0011982917785645
1.000610113143921
0.9780194163322449
0.9697083234786987
0.9770841598510742
0.9857003092765808
0.9964792728424072
0.9912052750587463
0.9866624474525452
0.9999094605445862
1.0222691297531128
1.0506951808929443
1.110054612159729
0
0
0
0
0
0
0
0
0
0
0
0
0
0
0
0
2.8008131980895996
2.7450249195098877
2.729764938354492
2.7144615650177
2.7283976078033447
2.7482049465179443
2.8506991863250732
0
0
0
0
0
0
0
0
0
0
0
0
0
0
0
0
3.1211793422698975
3.0831286907196045
3.0854439735412598
3.097424030303955
3.1302833557128906
0
0
0
0
2.6323752403259277
0
0
0
0
0
0
0
0
0
0
0
0
1.662030577659607
1.6402232646942139
1.6152257919311523
1.6027406454086304
1.5908833742141724
1.5938496589660645
1.6028591394424438
1.639035940170288
1.6338188648223877
1.7016897201538086
0
0
0
0
0
0
0
0
3.2840824127197266
3.2446248531341553
3.243781328201294
3.2551076412200928
3.313187599182129
0
0
0
0
0
0
0
0
0
0
0
0
0
0
0
0
0
0
0
0
0
0
3.1188251972198486
3.0632081031799316
3.061998128890991
3.077824354171753
3.0975663661956787
0
0
0
0
0
0
0
0
1.6328152418136597
1.6101526021957397
1.5776556730270386
1.570143222808838
1.5471075773239136
1.5665103197097778
1.5661959648132324
1.589448094367981
1.5968507528305054
1.6350746154785156
0
0
0
0
0
0
0
0
0
0
0
0
0
0
0
0
0
0
0
0
0
0
0
0
0
0
0
0
0
0
0
0
0
0
0
0
0
0
0
0
0
0
0
0
0
0
0
0
0
0
0
0
0
0
3.216090202331543
3.132229804992676
3.1044843196868896
3.0908608436584473
3.114680290222168
3.138052225112915
0
0
0
0
0
0
0
0
0
1.033210039138794
1.0132458209991455
0.9978755116462708
0.9573410153388977
0.9567354321479797
0.9496282339096069
0.9286292791366577
0.9450626373291016
0.9545835852622986
0.925768256187439
0.9447072148323059
0.94442218542099
0.958629310131073
0.9672607779502869
0.9845288395881653
1.0192047357559204
1.0284011363983154
0
0
0
0
0
0
0
0
2.903148651123047
2.857353448867798
2.8420372009277344
2.8301351070404053
2.8438141345977783
2.431687831878662
2.360222101211548
2.3542399406433105
2.3700857162475586
2.3566768169403076
2.3830759525299072
2.417534112930298
2.8556838035583496
2.8341336250305176
2.8595635890960693
2.8740439414978027
2.945297956466675
0
0
0
0
0
0
0
0
0
0
0
0
0
0
2.1248860359191895
2.091944694519043
2.081498384475708
2.0794694423675537
2.076333999633789
2.0818276405334473
2.1078970432281494
2.143859386444092
0
0
0
0
0
0
0
0
0
0
0
0
0
0
0
0
0
0
