0.520363450050354
0.5119649767875671
0.5271191596984863
0.5311534404754639
0.5525914430618286
0.5498719215393066
0.5520932674407959
0.5905891060829163
0.615697979927063
0
0
0
0
0
0
0
0
0
0
0
0
0
0
0
0
0
0
0
0
0
0
0
0
0
0
0
0
0
0
0
0
0
0
2.2682278156280518
2.2398462295532227
2.2143607139587402
2.2192232608795166
2.2006313800811768
2.2307615280151367
2.2572035789489746
2.3095035552978516
0
0
0
0
0
0
0
0
0
0
0
0
0
0
0
0
0
0
0
0
0
0
0
0
0
0
0
0
0
0
0
0
1.2229548692703247
1.1863311529159546
1.1902687549591064
1.1573857069015503
1.1611382961273193
1.1515090465545654
1.1367220878601074
1.1521596908569336
1.1469155550003052
1.1570100784301758
1.1559629440307617
1.1796715259552002
1.2014150619506836
1.2494068145751953
0
0
0
0
0
0
0
0
0
0
0
0
0
0
0
0
0
0
0
0
0
0
0
0
0
0
2.9036483764648438
2.8545315265655518
2.821983575820923
2.8151280879974365
2.809530735015869
2.8752880096435547
0
0
0
0
0
0
0
0
0
0
0
1.9466763734817505
1.9138596057891846
1.8961176872253418
1.878028154373169
1.8995355367660522
1.905100703239441
1.9286479949951172
1.9484748840332031
0
0
0
0
0
1.0277411937713623
0.999566912651062
0.9680655002593994
0.9619194865226746
0.9116770625114441
0.9399142265319824
0.9288148880004883
0.9321016669273376
0.9194615483283997
0.913421094417572
0.9104812145233154
0.9245580434799194
0.9296912550926208
0.9450587630271912
0.9471060037612915
0.9889594912528992
1.0019773244857788
2.649073839187622
2.727806329727173
0
0
0
0
0
0
0
0
0
0
0
0
0
0
0
2.9873836040496826
2.9822070598602295
2.951439380645752
2.961418867111206
2.9951977729797363
0
0
0
0
0
0
0
0
0
0
0
0
0
1.4940288066864014
1.4595776796340942
1.4438693523406982
1.4237526655197144
1.4206125736236572
1.4114176034927368
1.430590033531189
1.4423013925552368
1.445424199104309
1.4628045558929443
1.4902427196502686
0
0
0
0
0
0
0
0
0
0
0
0
0
3.2125842571258545
3.1495325565338135
3.1587932109832764
3.173820734024048
3.175846815109253
0
0
0
0
0
0
0
0
0
0
0
0
0
0
1.8891725540161133
1.8486870527267456
1.8223522901535034
1.8072645664215088
1.7997188568115234
1.788806438446045
1.8121464252471924
1.8336210250854492
1.8411149978637695
0
0
0
0
0
0
0
0
0
0
0
0
0
0
0
0
0
0
0
0
0
0
0
0
0
0
0
0
0
0
0
0
0
0
2.975390672683716
2.9272007942199707
2.9147140979766846
2.908846378326416
2.9353201389312744
2.9745941162109375
0
0
0
0
0
0
0
0
0
0
0
0
0
0
0
0
0
0
0
0
0
0
0
0
0
0
0
2.9551610946655273
2.885883331298828
2.8594868183135986
2.862334966659546
2.8739044666290283
2.8979759216308594
2.9962379932403564
0
0
0
0
0
0
0
0
0
0
0.6134235858917236
0.5763196349143982
0.5628154277801514
0.5491743683815002
0.5476160049438477
0.5438615679740906
0.5310001373291016
0.5166186690330505
0.5121123790740967
0.5279375910758972
0.5077274441719055
0.5045983791351318
0.5049207806587219
0.5381026268005371
0.5108193755149841
0.4962185323238373
0.5124311447143555
0.5300971269607544
0.5359257459640503
