0
0
0
0
0
0
0
0
0
3.017643451690674
2.981855869293213
2.9748854637145996
2.970979928970337
2.9957356452941895
3.026195526123047
0
0
0
0
0
0
0
0
0
0
1.3341987133026123
1.2531102895736694
1.2457448244094849
1.2163190841674805
1.1958826780319214
1.2129894495010376
1.1952378749847412
1.1870789527893066
1.1874476671218872
1.2101573944091797
1.2147676944732666
1.2235597372055054
1.2397077083587646
1.281535029411316
0
0
0
0
0
0
0
0
0
0
0
0
0
0
0
0
0
0
0
0
0
0
0
0
3.158618450164795
3.118790864944458
3.107067584991455
3.114119052886963
3.141688585281372
0
0
0
0
0
0
0
0
0
0
0
0
0
0
0
0
0
0
0
0
0
0
0
0
0
0
0
0
1.3315134048461914
1.264631986618042
1.2680740356445312
1.234840989112854
1.2462223768234253
1.2203288078308105
1.2302203178405762
1.2116409540176392
1.2503798007965088
1.228510856628418
1.2348055839538574
1.2620056867599487
1.3002394437789917
1.376928448677063
0
0
0
0
0
1.6135592460632324
1.547019362449646
1.541465163230896
1.5161757469177246
1.5258381366729736
1.5295100212097168
1.5172923803329468
1.5401455163955688
1.5504560470581055
1.5675607919692993
1.6256245374679565
0
0
0
0
0
0
0
0
0
0
0
0
0
0
0
0.5459738373756409
0.5213549733161926
0.5093978047370911
0.4915328919887543
0.49468567967414856
0.4728943109512329
0.45936092734336853
0.4911399185657501
0.4547298550605774
0.4801943898200989
0.4655746519565582
0.453681617975235
0.4534958600997925
0.46428412199020386
0.45792365074157715
0.4574570059776306
0.46448853611946106
0.46244528889656067
0.46000707149505615
0.45652610063552856
0.4600332975387573
0.468267560005188
0.4710177779197693
0.49540475010871887
0.4952273666858673
0.4868498146533966
0.48964062333106995
0.5070152282714844
0.5250158309936523
0.5818533301353455
0
0
0
0
0
0
0
0
0
0
2.304060697555542
2.2537178993225098
2.246134042739868
2.2267487049102783
2.2465548515319824
2.26092529296875
2.30548357963562
0
0
0
0
0
0
0
0
0
0
0
0
0
0
0
3.4982247352600098
3.5
0
0
0
0
2.4848899841308594
2.4529166221618652
2.419722080230713
2.4302797317504883
2.4436607360839844
2.4513895511627197
2.5537567138671875
0
0
0
0
0
0
0
0
0
0
0
0
0
0
0
0
0
0
0
0
0
0
0
0
0
0
0
0
0
0
0
2.837754964828491
0
0
0
0
0
0
0
1.2090286016464233
1.1780612468719482
1.1395901441574097
1.1407623291015625
1.1340258121490479
1.123763918876648
1.1262131929397583
1.1266825199127197
1.1195379495620728
1.114946961402893
1.1370513439178467
1.1556140184402466
1.1671026945114136
1.2113763093948364
0
3.0838892459869385
3.034121036529541
3.023176431655884
3.01816463470459
3.061925172805786
3.1296441555023193
0
0
2.681734800338745
2.605909824371338
2.6109507083892822
2.5893735885620117
2.592566967010498
2.6183459758758545
2.7060279846191406
0
0
0
0
0
3.1374709606170654
3.0909228324890137
3.084696054458618
3.1103639602661133
3.1452841758728027
3.2113194465637207
0
0
0
0
0
0
0
0
0
0
0
0
0
0
1.9023596048355103
1.8681657314300537
1.8483705520629883
1.819216251373291
1.8145231008529663
1.823957920074463
1.8420987129211426
1.8618409633636475
1.8838387727737427
1.9315630197525024
0
0
0
0
0
0
0
0
0
0
0
0
0
0
0
0
0
0
0
3.243908643722534
3.189161539077759
3.202821731567383
3.21903133392334
3.2582268714904785
0
0
0
0
0
0
0
0
0
0
0
0
0
0
0
0
