1.296556830406189
1.3087644577026367
1.287720799446106
1.3159055709838867
1.2890406847000122
1.3110785484313965
1.343827724456787
1.3584264516830444
1.3933532238006592
2.8538715839385986
2.932283401489258
0
0
0
0
0
0
0
0
0
0
0
0
0
0
0
0
0
0
0
0
0
0
0
0
0
0
0
0
0
3.131108283996582
3.0643110275268555
3.056558609008789
3.0480401515960693
3.074535369873047
3.1194264888763428
0
0
0
0
0
0
0
0
0
0
0
0
0
0
0
0
0
0
1.585424780845642
1.5281703472137451
1.4991719722747803
1.471131443977356
1.475696086883545
1.4676191806793213
1.4625931978225708
1.47610342502594
1.5150383710861206
1.4819917678833008
1.5196037292480469
1.5853605270385742
2.913651943206787
0
0
0
0
0
0
0
0
0
0
0
0
0
0
0
0
0
0
0
0
0
0
0
0
0
0
0
0
0
0
0
0
1.1148678064346313
1.0488154888153076
1.0414894819259644
1.0416535139083862
1.0170787572860718
1.0181158781051636
0.9857383370399475
1.026214361190796
0.991675853729248
0.9955474138259888
1.0247490406036377
1.0240615606307983
1.03087317943573
1.0357110500335693
1.0726208686828613
1.1052850484848022
0
0
0
0
0
0
0
0
0
0
0
0
0
0
0
0
0
0
0
0
2.1543679237365723
2.120868682861328
2.096318244934082
2.1165964603424072
2.1039552688598633
2.1203911304473877
2.142786979675293
0
0
0
0
0
0
0
0
0
0
0
0
0
0
0
0
0
0.7081387639045715
0.6739792227745056
0.6604747772216797
0.6603299379348755
0.6382104754447937
0.6390926837921143
0.6385038495063782
0.6155205368995667
0.6279858350753784
0.6215858459472656
0.6152682900428772
0.6188898682594299
0.6200645565986633
0.6071334481239319
0.6319565176963806
0.5975483655929565
0.6198703050613403
0.6163404583930969
0.6396080851554871
0.6547359228134155
0.6584748029708862
0.6715783476829529
0.6938513517379761
0
0
0
0
0
0
0
0
0
0
0
1.754521131515503
1.7143372297286987
1.6986734867095947
1.6628488302230835
1.6758183240890503
1.6696242094039917
1.6573214530944824
1.67034113407135
1.6912606954574585
1.7355648279190063
0
0
0
0
0
0
0
0
0
0
0
0
0
0
0
0
0
0
2.96230149269104
2.892240524291992
2.8925671577453613
2.875438690185547
2.8839027881622314
2.914919853210449
0
0
0
0
0
0
0
0
0
0
0
0
0
0
0
0
0
0
0
0
0
0
0
0
0
0
0
0
0
0
0
0
0
0
0
0
1.816428303718567
1.7456212043762207
1.7235102653503418
1.7122209072113037
1.6990525722503662
1.706459879875183
1.7168922424316406
1.7342720031738281
1.7700400352478027
1.791974425315857
0
0
0
0
0
0
0
0
0
0
0
0
0
3.4070351123809814
3.355750560760498
3.3446943759918213
3.3462467193603516
3.4179396629333496
0.5192453265190125
0.4811532497406006
0.46816033124923706
0.4665969908237457
0.4529006779193878
0.42770180106163025
0.43952417373657227
0.43418240547180176
0.42720580101013184
0.43284305930137634
0.42361581325531006
0.41213396191596985
0.4098844826221466
0.4131143093109131
0.42625924944877625
0.3993270695209503
0.38432979583740234
0.41094911098480225
0.4084337055683136
0.41191667318344116
0.41912996768951416
0.41571927070617676
0.4149259030818939
0.41062960028648376
0.4158461093902588
0.424520343542099
0.4200804829597473
0.4143601655960083
0.46478351950645447
0.46291932463645935
0.4751792848110199
0.49090608954429626
0.5269308090209961
0
0
0
0
0
0
0
0
0
0
0
0
0
0
0
0
0
0
0
0
0
1.4177216291427612
1.3587919473648071
1.3333617448806763
1.3047865629196167
1.3009684085845947
