1.3887429237365723
0
0
0
0
0
0
0
0
0
0
0
0
0
0
0
0
0
0
0
0
0
0
0
0
0
0
0
0
0
0
0
0
0
0
0
0
0
0
0
0
0
0
0
0
0
0
3.4917662143707275
0
0
0
0
0
0
0
0
0
0
0
0
0
0
0
0
0
0
3.4893147945404053
3.4607455730438232
3.443661689758301
3.498645067214966
0
0
0
0
0
0
0
0
0
0
3.5
0.9509722590446472
0.9341364502906799
0
0
0
0
0
0
0
0
0
0
0
0
0
0
0
0
0
0
0
0
0
0
0
0
0
0
0
0
0
0
0
0
0
0
0
0
0
0
0
0
0
0
0
0
0
0
0
0
0
0
0
0
0
0
0
0
0
0
0
0
0
0
0
0.9142003655433655
0.9162861704826355
0.8892517685890198
0.8799645304679871
0.8738881945610046
0.8520829081535339
0.8452078700065613
0.8477319478988647
0.8760172724723816
0.8454392552375793
0.8536826372146606
0.8643550276756287
0.8732607960700989
0.8726643323898315
0.8538990020751953
0.8948503732681274
0.9143648743629456
0.5385279059410095
0.49197378754615784
0.4861616790294647
0.47596272826194763
0.4800739288330078
0.462568074464798
0.4435102939605713
0.45340511202812195
0.43867456912994385
0.4266972839832306
0.4486163854598999
0.419508695602417
0.43530842661857605
0.42457419633865356
0.43088579177856445
0.425213485956192
0.436009019613266
0.42148229479789734
0.41546830534935
0.433049738407135
0.43653592467308044
0.4450741410255432
0.4432048201560974
0.43118593096733093
0.4407394528388977
0.4568505585193634
0.4816594421863556
0.48203951120376587
0.5083317756652832
0.5012338161468506
0.526077151298523
2.0880515575408936
2.016059398651123
1.972147822380066
1.866193175315857
1.809830665588379
1.7488436698913574
1.7253271341323853
1.6451586484909058
1.6021544933319092
1.5605525970458984
1.5192933082580566
1.482975959777832
1.4375245571136475
1.4007785320281982
1.3807162046432495
1.3588231801986694
1.330838680267334
1.2890832424163818
1.2740757465362549
1.2354216575622559
1.2174701690673828
1.209741473197937
1.1831120252609253
1.1466517448425293
1.1222846508026123
1.1141762733459473
1.099960446357727
1.110572338104248
1.0688998699188232
1.0453449487686157
1.0435861349105835
1.0197519063949585
1.0178883075714111
0.9947688579559326
0.9855710864067078
0.9987855553627014
0.9554703235626221
0.9666862487792969
0.9398458003997803
0.9321214556694031
0.933928906917572
0.9186137318611145
0.9179613590240479
0.909457266330719
0.894505500793457
0.8933757543563843
0.9026846289634705
0.8984721302986145
0.8810189366340637
0.8725469708442688
0.8842245936393738
0.8581573963165283
0.8807148933410645
0.8646537065505981
0.879520058631897
0.8417549133300781
0.8704631924629211
0.849563479423523
0.8532285690307617
0.8489899039268494
0.8433271050453186
0.8592314720153809
0.8400020599365234
0.8486932516098022
0.8320795893669128
0.8337551951408386
0.835271954536438
0.831876814365387
0.8234103918075562
0.8326829075813293
0.8474093675613403
0.8469391465187073
0.8430626392364502
0.8398756980895996
0.8462973237037659
0.852024257183075
0.8545892238616943
0.8691911101341248
0.8661195039749146
0.8642107844352722
0.8582350015640259
0.8836855292320251
0.8720163106918335
0.8589966893196106
0.870363175868988
0.8907096982002258
0.8919622898101807
0.8846651911735535
0.905823826789856
0.9137101173400879
0.9267628192901611
0.9205120205879211
0.9207751154899597
0.952809751033783
0.9433667063713074
0.9562057852745056
1.1185468435287476
1.0833806991577148
1.0475271940231323
1.0382100343704224
1.0554770231246948
1.033326506614685
1.0740000009536743
1.0983057022094727
1.1008278131484985
1.1310770511627197
1.1303915977478027
1.1510568857192993
1.1944825649261475
1.1977216005325317
1.1993614435195923
1.225837230682373
1.2525783777236938
1.2764770984649658
1.313256859779358
1.314001202583313
1.3521980047225952
1.3949189186096191
1.4304416179656982
1.4558385610580444
1.4860106706619263
1.5079481601715088
1.5436961650848389
1.6130434274673462
1.643588662147522
1.6660990715026855
1.7389743328094482
1.8032840490341187
1.8455654382705688
1.9015908241271973
1.2037605047225952
1.1313084363937378
1.1081598997116089
1.0884923934936523
1.0883264541625977
1.081159234046936
1.0654089450836182
1.0861647129058838
1.0757498741149902
1.065887689590454
1.071924090385437
1.0916495323181152
1.1025549173355103
1.1166893243789673
1.1291873455047607
1.220381498336792
0
0
0
0
0
0
0
1.3349775075912476
1.3219833374023438
1.2950985431671143
1.2753726243972778
1.2834054231643677
1.2673239707946777
1.247287631034851
1.2918115854263306
1.2675495147705078
1.2923974990844727
1.2802128791809082
1.3416478633880615
1.371846079826355
