0
0
0
0
0
0
0
0
0
0
2.038501739501953
1.99924635887146
1.9964447021484375
1.9718352556228638
1.9841357469558716
1.9900085926055908
2.0161805152893066
2.06009840965271
0
0
0
0
0
0
0
0
0
0
0
0
0
0
0
2.507291793823242
2.502225637435913
2.4503872394561768
2.466844081878662
2.4679393768310547
2.4999382495880127
2.5573933124542236
0
0
0
0
0
0
0
0
0
0
0
0
0
0
0
0
0
0
0
0
0
0
0
0
0
0
0
0
0
0
0
0
0
0
0
0
0
0
0
0
0
0
0
0
0
0
0
0
0
0
0
0.981783390045166
0.9530297517776489
0.9556630849838257
0.9379479289054871
0.9088317155838013
0.8979183435440063
0.9394397735595703
0.9141904711723328
0.9143237471580505
0.9053951501846313
0.9178028106689453
0.9157336950302124
0.9325802326202393
0.9406566023826599
0.9540268778800964
0.9881971478462219
1.0325976610183716
0
0
0
0
0
0
0
0
0
0
0
0
0
0
0
0
0
0
0
0
0
0
0
0
0
0
0
0
0
0
0
0
0
0
2.6006672382354736
2.573516607284546
2.541327953338623
2.50675106048584
2.4789555072784424
2.4607937335968018
2.435176134109497
2.396181344985962
2.376826524734497
2.3401389122009277
2.3332748413085938
2.302353858947754
2.301039218902588
2.2599387168884277
2.2473278045654297
2.2454419136047363
2.2068231105804443
2.206251382827759
2.1870803833007812
2.18146014213562
2.160663604736328
2.150449514389038
2.15049409866333
2.1351981163024902
2.1309616565704346
2.114184617996216
2.101536512374878
2.089052200317383
2.0927278995513916
2.0834574699401855
2.0851643085479736
2.071822166442871
2.0587453842163086
2.0715348720550537
2.081634283065796
2.0645530223846436
2.0786330699920654
2.0575523376464844
2.063795566558838
2.0823400020599365
2.0560717582702637
2.0766825675964355
2.080641746520996
2.0708887577056885
2.08181095123291
2.0891025066375732
2.0884623527526855
2.102010726928711
2.09914231300354
2.1097640991210938
2.1217026710510254
2.1256661415100098
2.146941661834717
2.1454713344573975
2.1421709060668945
2.141514539718628
2.1831746101379395
2.1819028854370117
2.201789140701294
2.2366232872009277
2.23333477973938
2.258992910385132
2.272675037384033
2.308481454849243
2.315218210220337
2.3406777381896973
2.357327938079834
2.383568286895752
2.403167963027954
1.0860294103622437
1.0193439722061157
1.00322687625885
0.9774515628814697
0.9858339428901672
0.971666157245636
0.9693111181259155
0.9694240093231201
0.9799225926399231
0.9790970087051392
0.968875527381897
0.989774227142334
0.9827567338943481
1.002153754234314
0.9954414963722229
1.04777193069458
3.088374376296997
3.118546724319458
3.192495822906494
3.2735226154327393
3.3222408294677734
3.4104514122009277
3.4752542972564697
0
0
0
0
0
0
0
0
0
0
0
0
0
0
0
0
0
0
0
0
0
0
0
0
0
0
0
0
0
0
0
0
0
0
0
0
0
0
0
0
0
0
3.283613443374634
3.2169582843780518
3.2035751342773438
3.183715581893921
3.2181897163391113
3.297036647796631
0
0
0
0
0
0
0
0
0
0
0
0
0
0
0
0
0
0
0
0
0
0
0
0
0
0
1.6574989557266235
1.6096620559692383
1.628254771232605
0
0
0
0
0
0
0
0
0
0
0
0
0
0
0
0
0
0
0
0
0
0
0
0
0
0
0
0
0
0
0
0
0
0
0
0
0
0
0
0
0
0
0
0
0
0
0
0
0
