0
0
0
0
0
0.9360105395317078
0.8986715078353882
0.8601128458976746
0.8694869875907898
0.8431015014648438
0.8319023251533508
0.8184376358985901
0.8049687147140503
0.8104279041290283
0.8150228261947632
0.8140447735786438
0.8182149529457092
0.8238131999969482
0.8265307545661926
0.8199657797813416
0.8445831537246704
0.887410581111908
0.8799607157707214
0.8918870091438293
0
0
0
0
0
0
0
0
0
0
0
0
0
0
0
0
0
0
0
0
0
0
0
0
0
0
0
0
0
0
0
0
0
0
0
0
0
0
0
0
0
0
0
0
0
0
0
0
0
0
0
0
0
2.403351068496704
2.374873638153076
2.3444535732269287
2.34238338470459
2.354569673538208
2.3912110328674316
2.4348509311676025
3.411921739578247
0
0.8937578797340393
0.8436070084571838
0.8247388005256653
0.8122832179069519
0.7763544321060181
0.7922588586807251
0.7866453528404236
0.767662763595581
0.7696211338043213
0.7666661739349365
0.7632362246513367
0.7669117450714111
0.776744544506073
0.7805776596069336
0.7882375121116638
0.7870010733604431
0.7954121232032776
0.8250324726104736
0.8415473699569702
0.861181914806366
3.172255039215088
3.179469347000122
3.185479164123535
3.230074644088745
0
0
0
0
0
0
0
0
0
0
2.26204514503479
0
0
0
0
0
0
0
0
0
0
0
0
0
0
0
0
0
0
0
0
0
0
0
0
0
0
0
0
0
0
0
0
0
0
2.9131345748901367
0
1.0469468832015991
1.048167109489441
1.0295155048370361
0
0
0
0
0
0
0
0
0
0
0
0
0
0
0
0
0
0
0
0
0
0
0
0
0
0
0
0
0
2.2700021266937256
2.182648181915283
2.1801700592041016
2.147244930267334
2.1362245082855225
2.1661465167999268
2.1665050983428955
2.2073514461517334
0
0
0
0
0
0
0
0
0
0
0
0
0
0
0
0
0
0
0
0
0
0
3.352092981338501
3.388054132461548
3.4240193367004395
3.5
0
0
2.98769211769104
3.028033494949341
3.091397762298584
3.15138840675354
3.2112691402435303
3.2769346237182617
3.2111570835113525
3.185852527618408
3.158474922180176
3.110804796218872
3.057332754135132
1.4798779487609863
1.4343657493591309
1.4152185916900635
1.3832712173461914
1.399964451789856
1.3761790990829468
1.39409601688385
1.3881826400756836
1.4008742570877075
1.422926425933838
1.4449511766433716
1.5112028121948242
0
0
0
0
0
0
0
0
0
0
0
0
0
0
0
0
0
0
2.1210429668426514
2.5281262397766113
2.518192768096924
2.5264999866485596
2.5199499130249023
2.5268797874450684
2.515075445175171
2.519529342651367
2.537421464920044
2.5398123264312744
2.535494804382324
2.5348660945892334
2.558483123779297
2.5660083293914795
2.574155569076538
2.5694918632507324
2.5689167976379395
2.5993876457214355
2.6064541339874268
2.6191189289093018
2.627845525741577
2.551156520843506
2.4236254692077637
2.299511194229126
0
0
0
0
0
0
0
0
0
0
0
0
0
0
0
0
0
0
0
0
0
0
0
0
0
0
0
0
0
0
0
0
0
0
0
0
0
0
0
0
0
0
0
0
0
0
0
0
0
0
1.8873753547668457
1.901140809059143
0
0
0
0
0
0
0
0
0
0
0
0
0
0
0
0
0
0
