0
0
0
0
0
0
0
2.1776788234710693
2.1290841102600098
2.118345022201538
2.115083932876587
1.026152491569519
0.9495522379875183
0.9544463157653809
0.9358544945716858
0.8964648842811584
0.9028189778327942
0.8964992761611938
0.8890429139137268
0.901140034198761
0.8807806968688965
0.874477207660675
0.8767868280410767
0.8959460854530334
0.8966307640075684
0.9023561477661133
0.921431303024292
0.9412714242935181
0.968208909034729
0
3.422266960144043
3.3268299102783203
3.304166316986084
3.2866246700286865
3.3155112266540527
3.3637189865112305
0
0
0
0
0
2.4776031970977783
2.428867816925049
2.4098610877990723
2.4205002784729004
2.424459457397461
2.44522762298584
2.4686591625213623
0
0
0
0
0
0
0
0
0
0
0
0
0
0
1.7743031978607178
1.7378785610198975
1.7306774854660034
1.7260483503341675
1.7226464748382568
1.7106763124465942
1.7143105268478394
1.7297767400741577
1.7483147382736206
1.8061273097991943
0
0
0
0
0
0
0
0
0
0
0.32775402069091797
0.30082881450653076
0.30320799350738525
0.2918289303779602
0.2799868583679199
0.2700970470905304
0.262283056974411
0.25698164105415344
0.2411753088235855
0.23708213865756989
0.24737034738063812
0.23989231884479523
0.23884983360767365
0.2324739247560501
0.2251884639263153
0.23080268502235413
0.2379508912563324
0.2272731512784958
0.22609345614910126
0.22389130294322968
0.2239171415567398
0.2191184014081955
0.22306299209594727
0.23292027413845062
0.22026661038398743
0.2390652298927307
0.2202390730381012
0.23774701356887817
0.2345314770936966
0.22164218127727509
0.23983846604824066
0.22485560178756714
0.23384949564933777
0.22526215016841888
0.23402562737464905
0.24709631502628326
0.24499288201332092
0.2390226423740387
0.24317125976085663
0.26626056432724
0.23850496113300323
0.2501794695854187
0.2661237120628357
0.2561977803707123
0.2962146997451782
0.27383100986480713
0.2908080220222473
0.30447322130203247
0.31970611214637756
0
3.1242876052856445
3.052478313446045
3.0261969566345215
3.0331060886383057
3.0449697971343994
3.098900318145752
0
0
0
0
0
0
0
0
0
2.1513309478759766
2.131648063659668
2.1260125637054443
2.133171558380127
2.107361078262329
2.127005100250244
2.176593065261841
0
0
0
0
0
0
0
0
1.2827354669570923
1.2363202571868896
1.235134482383728
1.225783348083496
1.210827350616455
1.196749210357666
1.1973977088928223
1.2131131887435913
1.2100141048431396
1.208304524421692
1.223906397819519
1.2656981945037842
1.287534475326538
3.4576213359832764
3.4645638465881348
3.495788097381592
0
0
0
0
0
0
0
0
0
0
0
0
0
0
2.7854979038238525
2.7270588874816895
2.7216262817382812
2.699375629425049
2.7396202087402344
2.7553839683532715
0
0
0
0
0
0
0
0
0
0
0
0
0
0
0
0
0
0
0
1.8961175680160522
1.8739937543869019
1.833453893661499
1.8361696004867554
1.8385738134384155
1.8284540176391602
1.8458964824676514
1.8672744035720825
1.9050861597061157
0
0
0
0
0
0
0
0
0
0
0
0
0
0
0
0
0
0
0
0
0
0
0
0
0
0
0
0
0
0
0
0
0
0
0
0
0
2.8172950744628906
0
0
0
0
0
0
0
0
0
0
0
0
1.1643964052200317
1.1201096773147583
1.1093350648880005
1.1086528301239014
1.0982027053833008
1.0850049257278442
1.080011010169983
1.0906145572662354
1.0786383152008057
1.0892184972763062
1.0948749780654907
1.1249386072158813
1.1230738162994385
1.1611970663070679
0
0
0
0
0
0
0
0
0
0
0
0
0
0
0
0
0
0
0
0
0
0
0
0
0
0
1.5349814891815186
1.4549620151519775
1.4334428310394287
1.4176814556121826
1.4258596897125244
1.400510549545288
1.4039324522018433
1.4189996719360352
1.4077857732772827
1.4098259210586548
1.4516769647598267
1.4851893186569214
0
0
0
0
0
0
0
0
0
0
2.4135494232177734
2.3574540615081787
2.306009531021118
2.318267583847046
2.3139688968658447
2.3157949447631836
2.331697702407837
2.3864972591400146
3.1382498741149902
3.1298129558563232
3.1567442417144775
3.2228569984436035
0
0
0
0
0
0
0
0
0
0
