1.6803990602493286
1.6776041984558105
1.6645978689193726
1.6748383045196533
1.6633228063583374
1.6643028259277344
1.6546714305877686
1.6388784646987915
1.6347554922103882
1.6291828155517578
1.6311500072479248
1.6401448249816895
1.6488957405090332
1.6429027318954468
1.6382976770401
1.6370570659637451
1.6317448616027832
1.6315653324127197
1.6308135986328125
1.6544221639633179
1.6379790306091309
1.6492923498153687
1.641221046447754
1.664383053779602
1.6545815467834473
1.6824476718902588
1.6858514547348022
1.6664891242980957
1.6872329711914062
1.6893545389175415
1.7032727003097534
1.7100003957748413
1.7253248691558838
1.7297148704528809
1.7429157495498657
1.7466713190078735
1.7568325996398926
1.78707754611969
1.8062628507614136
1.7985029220581055
1.8056703805923462
1.8465667963027954
1.8607832193374634
1.8667577505111694
1.875561237335205
1.92498779296875
1.9369794130325317
1.967734694480896
1.9874935150146484
2.006542921066284
2.0292088985443115
2.053818702697754
2.07458758354187
2.1142609119415283
2.1455771923065186
2.175670862197876
2.223051071166992
2.2515869140625
2.277705430984497
2.323347330093384
2.373577117919922
2.4026358127593994
2.4653682708740234
2.4920127391815186
2.552638292312622
2.626664638519287
2.6738247871398926
2.7470715045928955
2.797806739807129
2.8728902339935303
2.8335113525390625
2.813953161239624
2.773660182952881
2.7396445274353027
2.731628179550171
2.6838302612304688
2.669604539871216
2.63276743888855
2.6195461750030518
2.5852906703948975
2.5872750282287598
2.554187536239624
2.5436973571777344
2.5162837505340576
2.4952194690704346
2.502476453781128
2.483166456222534
2.487978935241699
2.448270559310913
2.4461705684661865
2.439640522003174
2.426353931427002
2.4347987174987793
2.4098587036132812
2.4095499515533447
2.3904483318328857
2.388200283050537
2.384119749069214
2.354997396469116
2.36578369140625
2.3768575191497803
2.345909833908081
2.3832526206970215
2.372720241546631
2.3827459812164307
2.3628005981445312
2.367197036743164
2.362828254699707
2.3798253536224365
2.3740687370300293
2.372562885284424
2.3780407905578613
2.3924238681793213
2.4089438915252686
2.403426170349121
2.410785675048828
2.4301657676696777
2.4446396827697754
2.4606997966766357
2.4659950733184814
2.4842607975006104
2.493295431137085
2.514207601547241
2.527254104614258
2.5316107273101807
2.5675532817840576
2.576812744140625
2.618582010269165
2.6300852298736572
2.657710313796997
2.6690425872802734
2.690495491027832
2.713193893432617
2.725517511367798
2.7386064529418945
2.789155960083008
2.8472249507904053
1.482805848121643
1.4222277402877808
1.416075587272644
1.4105913639068604
1.3921973705291748
1.3887288570404053
1.3984078168869019
1.3899540901184082
1.402712345123291
1.4219801425933838
1.4461747407913208
1.5063599348068237
3.4058127403259277
3.466310739517212
0
0
0
0
0
0
0
0
0
0
0
0
0
0
0
0
0
0
0
0
0
0
0
0
0
0
0
0
0
0
0
0
0
0
0
3.2190167903900146
3.1230220794677734
3.14420223236084
3.128023862838745
3.173513412475586
3.2705812454223633
0
0
0
0
0
0
0
0
0
0
0
0
0
0
0
0
0
0
0
0
0
0
0
0
0
0
0
0
0
0
1.7058584690093994
1.6822844743728638
0
0
0
0
0
0
0
0
0
0
0
0
0
0
3.4761128425598145
3.4816136360168457
3.465958595275879
0
0
0
0
0
0
0
0
0
0
0
0
0
0
0
0
0
0
0
0
0
0
0
0
0
0
0
0
0
0
0
0
0
0
0
3.0807137489318848
3.0429434776306152
3.004370927810669
3.0167653560638428
3.0516226291656494
3.104243040084839
0
0
0
0
0
0
0
0
0
0
0
0
1.4374573230743408
1.3443238735198975
1.3267455101013184
1.33224356174469
1.3145825862884521
1.3093205690383911
1.284180998802185
1.3144880533218384
1.2987812757492065
1.2954347133636475
1.327511191368103
1.324681282043457
1.3724297285079956
0
0
0
0
3.452186107635498
3.368293523788452
3.247847318649292
3.1584312915802
3.0719969272613525
2.9674761295318604
2.9095420837402344
2.8176567554473877
2.7778079509735107
2.7168450355529785
2.659451484680176
2.595075845718384
2.5372262001037598
2.4903528690338135
2.4338958263397217
2.3875296115875244
2.3536856174468994
2.318692922592163
2.2686259746551514
2.2238354682922363
2.2015910148620605
2.167600393295288
2.120128631591797
2.0974414348602295
2.0607144832611084
2.0266644954681396
2.012556314468384
1.995237946510315
1.9660005569458008
1.9593862295150757
1.918122410774231
1.9076532125473022
1.893702507019043
1.8754197359085083
1.8495351076126099
1.8232605457305908
1.8234190940856934
1.8067570924758911
1.8330366611480713
1.7760289907455444
1.748610258102417
1.7611943483352661
1.7247118949890137
1.7196424007415771
1.7451471090316772
1.7118134498596191
1.7101709842681885
1.7190451622009277
1.7014837265014648
