0
0
0
0
0
0
0
0
0
0
0
0
1.9760791063308716
1.9221484661102295
1.900551438331604
1.8881064653396606
1.8970497846603394
1.908345341682434
1.9159702062606812
1.9342873096466064
1.9872701168060303
0
0
0
0
0
0
0
0
0
0
0
0
0
0
0
0
0
0
0
0
0
0
0
0
0
0
0
0
0
0
0
0
0
0
0
0
0
0
0
0
0
0
0
0
0
0
0
0
0
0
0
0
0
0
0
0
0
0
0
0
0
0
0
0
0
0
0
0
0
0
0
0
0
0
0
0
0.9220935106277466
0.8806304335594177
0.8651247620582581
0.8542249202728271
0.8501258492469788
0.8328168392181396
0.8494956493377686
0.8295101523399353
0.8206270337104797
0.8191570043563843
0.8240969777107239
0.8485825657844543
0.8515198230743408
0.8535038232803345
0.8523203134536743
0.880434513092041
0.9165841341018677
0.9298664927482605
1.8277510404586792
1.8143268823623657
1.8191099166870117
1.8058478832244873
1.8455510139465332
1.8460938930511475
1.83893883228302
1.8679858446121216
1.865861415863037
1.8645442724227905
1.8960661888122559
1.8847488164901733
1.9101508855819702
1.911155104637146
1.9359771013259888
1.9737095832824707
1.956729531288147
1.9970612525939941
2.0189549922943115
2.0286593437194824
2.0328540802001953
2.0610692501068115
2.085282802581787
2.107773780822754
2.133176803588867
2.1464104652404785
2.1861157417297363
2.208556652069092
2.2282321453094482
2.265568733215332
2.290567636489868
2.3400347232818604
2.3663265705108643
2.3999054431915283
2.4196364879608154
2.497819423675537
2.5138814449310303
2.563964605331421
2.5860273838043213
2.675752878189087
2.2405223846435547
2.1141278743743896
2.040546417236328
1.947906255722046
1.87052583694458
1.7944453954696655
1.7300171852111816
1.6706535816192627
1.6190978288650513
1.5760741233825684
1.5027650594711304
1.500893235206604
1.4261517524719238
1.4054195880889893
1.3488819599151611
1.3338792324066162
1.3073335886001587
1.2536075115203857
1.2303887605667114
1.1965800523757935
1.1825485229492188
1.1490087509155273
1.104384422302246
1.1104234457015991
1.0913910865783691
1.062632441520691
1.058958649635315
1.0370335578918457
1.0022218227386475
1.0167572498321533
1.0081437826156616
0.9557985663414001
0.9456580281257629
0.9549581408500671
0.9027751684188843
0.9266324639320374
0.9267933964729309
0.8927868008613586
0.8933485150337219
0.8839081525802612
0.875450074672699
0.8658966422080994
0.864327073097229
0.8430602550506592
0.8352404832839966
0.8263739943504333
0.8271242380142212
0.837780237197876
0.8019097447395325
0.8095882534980774
0.8021993041038513
0.8071720004081726
0.7927351593971252
0.7801647782325745
0.7652749419212341
0.7876103520393372
0.7716044783592224
0.7845334410667419
0.7620569467544556
0.770732045173645
0.7692784667015076
0.781316876411438
0.7641577124595642
0.7723303437232971
0.7720381617546082
0.7412714958190918
0.7547168731689453
0.7606052160263062
0.7456187605857849
0.735211968421936
0.7435072064399719
0.7689904570579529
0.7452014088630676
0.7568451166152954
0.7763250470161438
0.7699990272521973
0.7557297348976135
0.7672536969184875
0.7741677165031433
0.7697258591651917
0.7606627345085144
0.7603805065155029
0.7820188403129578
0.748019278049469
0.7692863941192627
0.7787064909934998
0.774574875831604
0.7970163822174072
0.7916984558105469
0.7846487164497375
0.8013662099838257
0.7943017482757568
0.8153166770935059
0.815575361251831
0.8192920684814453
0.8346181511878967
0
0
0
0
0
0
0
0
0
0
0
0
0
0
3.285592794418335
3.22265625
3.22470760345459
3.2212979793548584
3.2392349243164062
0
0
0
0
0
0
0
0
0
0
0
0
1.614212155342102
1.5745998620986938
1.5484161376953125
1.5347963571548462
1.5437498092651367
1.5242915153503418
1.5370831489562988
1.5461184978485107
1.5850725173950195
1.6019784212112427
1.6939467191696167
0
0
0
0
0
0
0
0
0
0
0
0
0
0
0
0
0
1.9879957437515259
1.9559522867202759
1.9248878955841064
1.9098416566848755
1.9225921630859375
1.9223309755325317
1.9234169721603394
1.9387054443359375
1.9927880764007568
0
0
0
0
0
0
0
0
0
0
0
3.291921854019165
3.239387035369873
3.2412333488464355
3.248441457748413
3.2909092903137207
0
0
0
0
0
0
0
0
0
0
0
0
0
0
0
0
0
0
0
0
0
0
0
0
0
