0
0
0
0
0
0
0
0
0
0
0
0
0
0
0
0
0
0
0
0
0
0
0
0
0
0
0
3.406588554382324
0
0
0
0
0
0
0
0
0
0
0
0
0
0
0
1.2328835725784302
1.1884269714355469
1.1700067520141602
1.1323978900909424
1.0922883749008179
1.0775089263916016
1.043370246887207
1.0183932781219482
1.0029863119125366
0.9988175630569458
0.9741841554641724
0.9463390707969666
0.9274861812591553
0.8966191411018372
0.9244956374168396
0.8859178423881531
0.9140720963478088
0.9220600724220276
0.960085391998291
0.9767298102378845
0.9882768392562866
0.9932485818862915
1.022873878479004
1.0564639568328857
1.0797277688980103
1.1141369342803955
1.1293294429779053
1.1810513734817505
1.2057597637176514
1.240860104560852
0
0
0
0
0
0
0
0
0
0
0
0
0
0
0
0
0
0
0
0
0
0
0
0
0
0
0
0
0
0
0
2.2508931159973145
2.2241995334625244
2.198659658432007
2.1766104698181152
2.1653811931610107
2.1621274948120117
2.129398822784424
2.122593641281128
2.1084671020507812
2.1088552474975586
2.211609125137329
2.3078906536102295
2.024441957473755
2.1119401454925537
2.228640079498291
2.3758280277252197
2.4074251651763916
2.3916261196136475
2.3678689002990723
2.370227813720703
2.3622121810913086
2.350172996520996
2.3432366847991943
2.345370292663574
2.338083267211914
2.3218131065368652
2.3262922763824463
2.3164429664611816
2.3319263458251953
2.333787441253662
2.3090810775756836
2.3008155822753906
2.32441782951355
2.3343446254730225
2.3245155811309814
2.325716972351074
2.3248369693756104
2.1539053916931152
1.9574792385101318
0
2.5823729038238525
2.3642802238464355
2.3322412967681885
2.354698896408081
2.341364622116089
2.364884853363037
2.36425518989563
2.40794038772583
2.4079465866088867
2.4245214462280273
2.4073143005371094
2.4594709873199463
0
0
0
0
0
0
0
0
0
0
0
3.3920321464538574
3.4143524169921875
2.5202009677886963
2.5195693969726562
2.533582925796509
2.5289266109466553
2.5652565956115723
2.558553695678711
2.5559215545654297
2.5747580528259277
2.5979437828063965
0
0
0
0
0
0
0
0
0
0
0
0
0
0
0
0
0
0
1.3011926412582397
1.2745627164840698
1.237315058708191
1.2252509593963623
1.1977810859680176
1.1837214231491089
1.1398485898971558
1.1183608770370483
1.1332143545150757
1.0938525199890137
1.074060082435608
1.066671371459961
1.0428543090820312
1.0284818410873413
1.6975066661834717
1.7412736415863037
1.7750357389450073
1.7859303951263428
1.863226294517517
1.9084625244140625
1.9649899005889893
1.9871729612350464
1.9530918598175049
1.9216469526290894
1.9329992532730103
1.893471121788025
1.900956630706787
1.8746081590652466
1.8570268154144287
1.857960820198059
1.847867727279663
1.8145537376403809
3.3645968437194824
3.397995948791504
3.372760057449341
3.3939380645751953
3.4126930236816406
3.405480146408081
3.41778826713562
3.4535350799560547
3.4405550956726074
3.4543488025665283
3.4683539867401123
3.5
0
0
3.42678165435791
3.2391979694366455
0
0
0
0
0
0
1.508679747581482
1.5257701873779297
1.5281413793563843
1.549681544303894
1.5747071504592896
1.584307312965393
1.591464638710022
1.6252318620681763
1.6585332155227661
1.6589829921722412
1.6896440982818604
1.6997168064117432
1.7269883155822754
1.6997226476669312
1.6435351371765137
1.6272283792495728
1.5962116718292236
1.5641790628433228
1.542297124862671
1.525602102279663
1.4795960187911987
1.4577683210372925
1.429753303527832
1.4243205785751343
1.3884295225143433
1.3766752481460571
1.354161262512207
1.3538786172866821
1.3298838138580322
1.3103879690170288
0.8498327136039734
0.8504420518875122
0.8767442107200623
0.8794856071472168
0.9249129891395569
0.9645988941192627
0.9669297933578491
0.9999944567680359
1.0442988872528076
0.6963251829147339
0.6720283627510071
0.7056868076324463
0.764691174030304
0.7742821574211121
0.8382719159126282
0.8805893659591675
0.9226027727127075
0.9699192047119141
1.0457197427749634
1.0631992816925049
1.0756385326385498
1.0620131492614746
1.066006064414978
1.0620782375335693
1.0448565483093262
1.0485697984695435
1.0355249643325806
1.0397496223449707
1.0438847541809082
1.035918951034546
1.0371118783950806
1.0383771657943726
1.0274131298065186
1.0272382497787476
1.0270984172821045
1.0258464813232422
1.051641583442688
1.0466581583023071
1.0584990978240967
1.030094027519226
1.0473134517669678
1.0596988201141357
1.0511201620101929
1.0562855005264282
1.0761257410049438
1.0588128566741943
1.0501307249069214
1.0746861696243286
1.0896189212799072
1.0868096351623535
1.0875332355499268
1.119181752204895
1.092381477355957
1.1187524795532227
1.1039528846740723
1.0985400676727295
1.124131202697754
1.1282321214675903
1.124230146408081
1.1567497253417969
1.1652119159698486
1.1768360137939453
1.1900339126586914
1.194029688835144
1.1733675003051758
1.1386874914169312
1.137058973312378
1.0831294059753418
1.0561944246292114
1.0498138666152954
1.0112595558166504
0.9784939885139465
0.9863501787185669
0.9247599244117737
0.9364855289459229
0.9156621098518372
0.9113735556602478
0.8903959393501282
1.6875436305999756
0
