0
0
0
0
0
0
0
0
0
0
0
0
0
0
0
0
0
0
0
0
0
0
0
0
0
0
0
1.2332991361618042
1.1933839321136475
1.1670211553573608
1.1558796167373657
1.1508047580718994
1.130221962928772
1.1439476013183594
1.1223753690719604
1.1304476261138916
1.1372928619384766
1.1323552131652832
1.1515244245529175
1.1613534688949585
1.1789112091064453
1.2513302564620972
2.0056614875793457
1.9422047138214111
1.9227019548416138
1.9198312759399414
1.9200316667556763
1.9139872789382935
1.9309476613998413
1.9660325050354004
1.9861122369766235
0
0
0
0
0
0
0
0
0
0
0
0
0
0
0
0
0
0
0
0
0
0
0
0
3.013481855392456
2.9641544818878174
2.9528355598449707
2.9711530208587646
2.9740734100341797
1.9012948274612427
1.868147373199463
1.8414311408996582
1.8450031280517578
1.0517035722732544
1.0214378833770752
0.9920540452003479
0.9805435538291931
0.9650855660438538
0.9829349517822266
0.9634965658187866
0.9596203565597534
0.9443210959434509
0.9574980139732361
0.9592316746711731
0.9767726063728333
0.9698693156242371
1.0007084608078003
1.0003952980041504
1.042340874671936
0
0
0
0
0
0
0
0
0
0
0
2.4736461639404297
2.4397735595703125
2.4233312606811523
2.4181766510009766
2.4292523860931396
2.4603798389434814
2.5115816593170166
0
0
0
0
0
0
0
0
0
0
0
0
0
0
1.9223239421844482
1.877677321434021
1.8446800708770752
1.8289777040481567
1.8394711017608643
1.8287353515625
1.8410855531692505
1.8564043045043945
1.879394769668579
0
0
0
0
0
0
0
0
3.3943469524383545
3.3577921390533447
3.358877658843994
3.367891788482666
3.45061993598938
0
0
0
0
0
0
0
0
0
0
0
1.8069607019424438
1.7521007061004639
0.4585953950881958
0.44965285062789917
0.42723986506462097
0.4065188467502594
0.4164206087589264
0.4195493161678314
0.37575602531433105
0.37015706300735474
0.3857371211051941
0.3675777316093445
0.3971596956253052
0.37759026885032654
0.36981454491615295
0.37965795397758484
0.37150174379348755
0.3773807883262634
0.36191526055336
0.3569898307323456
0.3714331388473511
0.35880130529403687
0.37179848551750183
0.3631930649280548
0.3717586398124695
0.377000629901886
0.39313289523124695
0.3822944164276123
0.38372090458869934
0.40256446599960327
0.406867653131485
0.4098558723926544
0.41196611523628235
0.4346119165420532
0.42550966143608093
0.4535708427429199
0.4991815686225891
0
0
0
0
0
0
0
0
0
0
0
0
0
0
0
0
0
1.368943452835083
1.322672724723816
1.301584005355835
1.2938514947891235
1.2896534204483032
1.2933135032653809
1.2806248664855957
1.2934682369232178
1.286155343055725
1.2975691556930542
1.3127167224884033
1.3503819704055786
0
2.556448221206665
2.4834132194519043
2.466479778289795
2.4556350708007812
2.4611356258392334
2.4558470249176025
2.509413957595825
0
0
0
0
0
0
0
0
0
0
0
0
0
0
0
0
0
0
0
0
0
0
0
0
0
0
2.9038004875183105
2.856086254119873
2.827293634414673
2.8477916717529297
2.843506097793579
2.892197370529175
0
0
0
0
0
0
0
0
0
0
0
0
0
0
0
0
1.3925209045410156
1.3538415431976318
1.3446102142333984
1.335580825805664
1.3110541105270386
1.3132758140563965
1.2943940162658691
1.3347539901733398
1.3319542407989502
1.3408851623535156
1.374406099319458
1.3797876834869385
0
0
0
0
3.101138114929199
0
0
0
0
0
0
0
0
0
0
0
0
0
0
0
0
0
0
0
0.7859013080596924
0.7552919983863831
0.7451615333557129
0.7396347522735596
0.7271943688392639
0.7086760997772217
0.7066861987113953
0.7041456699371338
0.6895962357521057
0.6934664249420166
0.698394238948822
0.6950110197067261
0.6724995374679565
0.7012626528739929
0.7155547738075256
0.6961649060249329
0.7155174016952515
0.7322695255279541
0.7306051254272461
0.7313892841339111
0.7759316563606262
0.830321729183197
0
0
0
0
0
0
0
0
0
0
0
0
0
0
0
