0
0
0
0
0
0
0
0
0
0
0
0
0
0
0
0
0
0
0
0
0
0
0
0
0
0
0
0
0
0
0
0
0
0
0
0
0
0
0
0
0
0
0
3.4574155807495117
3.4553544521331787
3.445425510406494
3.4756457805633545
0
0
0
0
0
0
0
0
0
0
0
0
0
0
0
0
0
0
0
0
0
0
0
0
0
0
0
0
0
0
0
0
0
0
0
0
0
0
0
0
0
0
0
0
0
0
0
0
0
0
0
0
0
0
0
0
0.7483412623405457
0.6969828605651855
0.6993144154548645
0.6676098704338074
0.658455491065979
0.6499469876289368
0.6644158959388733
0.6562483906745911
0.6395987272262573
0.6341872811317444
0.6537673473358154
0.6422921419143677
0.6546927690505981
0.6322442889213562
0.6415855288505554
0.6306078433990479
0.6689697504043579
0.6604210138320923
0.6657818555831909
0.7048409581184387
0.6949200630187988
0.7243927717208862
0.7529231905937195
2.14276385307312
2.1156110763549805
2.0758495330810547
2.0702693462371826
2.0578773021698
2.023635149002075
1.991648554801941
1.990519642829895
1.9527108669281006
1.9428709745407104
1.9181265830993652
1.9274083375930786
1.910783290863037
1.8922089338302612
1.8683836460113525
1.851583480834961
1.8385158777236938
1.8389257192611694
1.8255021572113037
1.810513973236084
1.806278109550476
1.8048312664031982
1.7873729467391968
1.7718172073364258
1.767318844795227
1.7676169872283936
1.7414281368255615
1.7459825277328491
1.75334632396698
1.7552874088287354
1.7507246732711792
1.7362514734268188
1.7499942779541016
1.7230111360549927
1.7622137069702148
1.7319293022155762
1.7315064668655396
1.7307835817337036
1.7452601194381714
1.735189437866211
1.7344305515289307
1.7489449977874756
1.735520601272583
1.7490534782409668
2.034278392791748
1.80580735206604
1.7325050830841064
1.731256127357483
1.7442811727523804
1.7424956560134888
1.753535509109497
1.7641090154647827
1.7744247913360596
1.7841752767562866
1.795467495918274
1.8182728290557861
1.8364845514297485
1.8355664014816284
1.8474618196487427
1.842195749282837
1.8548307418823242
1.8873168230056763
1.9054303169250488
1.920375108718872
1.9445722103118896
1.9567636251449585
1.9872013330459595
1.9963405132293701
2.026214122772217
2.0262136459350586
2.0726232528686523
2.1034271717071533
2.136803388595581
2.150214672088623
2.175884962081909
2.200148582458496
2.222668409347534
2.2847180366516113
2.3194985389709473
2.3438210487365723
2.3787598609924316
2.4190778732299805
2.4727492332458496
2.507467746734619
2.5437684059143066
2.60880970954895
2.676140785217285
2.728525400161743
2.7901217937469482
2.84474515914917
2.914942502975464
2.992579460144043
3.0709176063537598
3.149470329284668
3.238677501678467
3.3466782569885254
3.448183059692383
0
0
0
0
2.5030343532562256
2.4469242095947266
2.4018640518188477
2.378932476043701
2.382329225540161
2.4066615104675293
2.464370012283325
0
0
0
0
0
0
0
0
0
0
0
0
0
0
0
0
0
0
0
0
0
0
0
0
0
0
0
0
0
0
0
0
0
0
0
0
0
0
0
0
0
3.1525075435638428
1.0344406366348267
1.0035377740859985
1.0053030252456665
0.9683380722999573
0.9729419350624084
0.960847795009613
0.9623762369155884
0.9436653852462769
0.9556564092636108
0.9600145816802979
0.9498375058174133
0.9706425666809082
0.9922182559967041
1.0020891427993774
1.0193513631820679
1.0538300275802612
0
0
0
0
0
0
0
0
0
0
0
0
0
0
0
0
0
0
0
3.0646302700042725
3.006626844406128
2.9916374683380127
2.9874513149261475
2.9906694889068604
3.04231333732605
0
0
0
0
0
0
0
0
0
0
0
0
0
0
0
0
0
0
0
0
0
0
0
0
0
0
0
0
0
3.112229108810425
3.0188381671905518
3.0205249786376953
2.977328062057495
3.005141019821167
3.0469582080841064
3.164773941040039
0
0
0
0
0
0
0
