0
0
1.6120253801345825
1.5723060369491577
1.5724353790283203
1.5323971509933472
1.5382213592529297
1.5433710813522339
1.5397027730941772
1.5604300498962402
1.5592964887619019
1.586491346359253
1.640215516090393
0
0
0
0
0
0
0
0
0
0.7664061784744263
0.7683771848678589
0.7322598695755005
0.7478413581848145
0.7324424982070923
0.7000834941864014
0.692520797252655
0.6965689063072205
0.674861490726471
0.6556760668754578
0.6684306859970093
0.6309645175933838
0.6378100514411926
0.6349762678146362
0.6166214346885681
0.6169697642326355
0.6096100211143494
0.5997018218040466
0.5929790139198303
0.6002515554428101
0.5971002578735352
0.5882010459899902
0.582136869430542
0.5773281455039978
0.561962366104126
0.5543018579483032
0.5564262866973877
0.5574600696563721
0.5374858379364014
0.5184149742126465
0.5379926562309265
0.5356941223144531
0.5371938943862915
0.5301079154014587
0.511134684085846
0.533570408821106
0.5207153558731079
0.5267670750617981
0.5124874114990234
0.5009933114051819
0.5209693312644958
0.5090288519859314
0.5096683502197266
0.5059980154037476
0.4968520700931549
0.5019751787185669
0.5175298452377319
0.5067322850227356
0.5131306648254395
0.5165619254112244
0.5183363556861877
0.5188623070716858
0.5031991600990295
0.5070903301239014
0.49600139260292053
0.5130120515823364
0.5126029849052429
0.5037506818771362
0.5318133234977722
0.5105048418045044
0.5313699841499329
0.5241180062294006
0.5187819004058838
0.5222309827804565
0.5351647734642029
0.5207733511924744
0.5312315821647644
0.5524177551269531
0.5552799105644226
0.5512436628341675
0.5611893534660339
0.5397669076919556
0.5421169996261597
0.5789082646369934
0.5470016002655029
0.5720134973526001
0.568488597869873
0.5811755061149597
0.5889008641242981
0.6019100546836853
0.5914115905761719
0.6072530150413513
0.6170256733894348
0.6316247582435608
0.6456200480461121
0.6187755465507507
0.6427122354507446
3.0385167598724365
3.0514848232269287
3.120290756225586
0
0
0
0
0
0
0
0
0
0
0
3.3897476196289062
3.3613088130950928
3.3437113761901855
3.383840799331665
3.4309473037719727
0
0
0
0
0
0
0
0
0
0
0
0
0
0
0
0
0
0
0.9928165078163147
0.9462175369262695
0.9264662265777588
0.8985483050346375
0.9102522134780884
0.8766553997993469
0.8798799514770508
0.8744795918464661
0.9041469693183899
0.8784081935882568
0.870591402053833
0.8828589916229248
0.8916105628013611
0.9038717746734619
0.9122699499130249
0.9150184988975525
0.9556562900543213
0.996449887752533
0
0
0
0
0
0
0
0
0
0
0
0
0
0
0
0
0
1.4735698699951172
0.9908208847045898
1.0021947622299194
1.0135453939437866
1.0293141603469849
1.019192099571228
1.0183817148208618
1.0293370485305786
0.9954619407653809
1.0117735862731934
1.0279861688613892
1.0337375402450562
1.0472908020019531
1.0280944108963013
1.0382194519042969
0
0
0
0
0
0
0
0
0
0
0
0
0
0
0
0
0
0
0
0
0
0
0
0
0
0
0
0
0
0
0
0
0
0
0
0
0
0
0
0
0
0
0
0
0
0
0
0
0
0
0
0
0
0
0
0
0
0
0
0
0
0
0
0
0
0
0
0
0
0
0
0
0
0
0
0
0
0
0
0
0
0
0
0
0
0
0
0
0
0
0
0
0
0
0
0
0
0
0
0
0
0
0
0
0
0
0
0
0
0
0
0
0
0
0
0
0
0
0
0
0
0
0
0
0
0
0
0
0
0
0
0
0
0
0
0
0
0
0
0
0
0
0
0
0
0
0
0
0
0
0
0
0
0
0
0
0
0
0
0
0
0
0
0
