0.5210633873939514
0.5264596939086914
0.5076469779014587
0.5078024864196777
0.4928284287452698
0.4839537739753723
0.49965524673461914
0.4814295768737793
0.4936182498931885
0.49171993136405945
0.48597854375839233
0.49439284205436707
0.501293957233429
0.4879150092601776
0.5004355907440186
0.47548729181289673
0.5026443600654602
0.49699699878692627
0.5018603801727295
0.5354806184768677
0.5359471440315247
0.5242473483085632
0.5617830157279968
0.5764502286911011
0
0
0
0
0
0
0
0
0
0
0
0
0
0
0
0
0
0
0
0
0
0
3.1533267498016357
0
0
0
0
0
0
0
0
0
0
0
0
0
0
0
0
0
0
0
0
0
0
0
0
0
0
0
0
0
0
0
0
0
0
0
0
0
0
0
0
0
0
0
0
0
0
0
0
0
0
0
0
0
0
0
0
0.9373676180839539
0.9027175903320312
0.8743459582328796
0.8822501301765442
0.8661789894104004
0.8428583145141602
0.8612351417541504
0.8544465899467468
0.8445106148719788
0.838802695274353
0.8563311100006104
0.8385857343673706
0.8461859822273254
0.843944251537323
0.8823096752166748
0.8733814358711243
0.9054601788520813
0.9394476413726807
0
0
0
0
1.826353907585144
1.791103482246399
1.778084397315979
1.7794615030288696
1.7565069198608398
1.7614198923110962
1.7649812698364258
1.7839213609695435
1.820490837097168
0
0
0
0
0
0
0
0
0
0
0
0
0
0
0
0
3.288924217224121
3.2183451652526855
3.197692632675171
3.186818838119507
3.2211785316467285
3.300208330154419
0
0
0
0
0
0
0
0
0
0
0
0
0
0
0
0
0
0
0
0
0
0
0
0
0
0
0
0
0
0
0
0
0
0
0
1.4799525737762451
1.4550833702087402
1.4380741119384766
1.4431506395339966
1.4113742113113403
1.4084084033966064
1.4259120225906372
1.4240500926971436
1.4589163064956665
1.4583194255828857
1.4961529970169067
0
0
0
0
0
0
0
1.0442620515823364
0.9980283379554749
0.998088538646698
0.9855950474739075
0.9673810601234436
0.9718520641326904
0.9692432284355164
0.9457696676254272
0.9700617790222168
0.9431465268135071
0.9780402183532715
0.9737175107002258
0.9997280836105347
0.9918001294136047
1.0337954759597778
1.060508370399475
0
0
0
2.3812386989593506
2.34674334526062
2.3231844902038574
2.300478935241699
2.3475852012634277
2.353349208831787
2.4021925926208496
0
0
0
0
0
0
0
0
0
0
0
0
0
0
0
0
0
0
0
0
0
0
0
0
0
0
2.3387036323547363
2.2701871395111084
2.2750017642974854
2.2387778759002686
2.234173536300659
2.2537519931793213
2.2605159282684326
2.314826726913452
0
1.0909754037857056
1.046792984008789
1.0060670375823975
1.0243362188339233
1.0174336433410645
1.0069972276687622
0.9942846894264221
0.995166003704071
0.9896368980407715
0.9920766949653625
0.9975576996803284
1.006226897239685
1.0077298879623413
1.0107319355010986
1.0437380075454712
1.0722224712371826
2.726597309112549
2.7433364391326904
2.7933950424194336
0
0
0
0
0
0
0
0
0
0
3.4883921146392822
3.5
0
1.6210498809814453
1.5739189386367798
1.5446287393569946
1.5409526824951172
1.56267249584198
1.5498391389846802
1.531211018562317
1.5719541311264038
1.5824220180511475
1.6201533079147339
1.7029008865356445
0
0
0
2.8459157943725586
2.7556397914886475
2.7324461936950684
2.703010320663452
2.697624683380127
2.72601318359375
2.7613847255706787
0
0
0
0
0
0
0
0
0
0
0
0
0
0
0
0
0
0
0
0
1.3775863647460938
1.3172515630722046
1.3090556859970093
1.3160316944122314
1.2764155864715576
1.2660088539123535
1.2774142026901245
1.251886248588562
1.281237244606018
1.3010696172714233
1.3213971853256226
1.327096939086914
0.5879615545272827
0.5496217608451843
0.5440736413002014
0.5294944643974304
0.5270505547523499
