2.0705220699310303
0
0
0
0
0
0
0
0
0
0
0
0
0
3.4717934131622314
3.442814588546753
3.4106040000915527
3.433241605758667
3.49581241607666
0
0
0
0
0
0
0
0
0
0
0
0
0
0
3.240562677383423
3.2016336917877197
3.168734312057495
3.167837381362915
3.214841365814209
0
0
0
0
0
0
0
0
0
0
0
0
2.3331778049468994
2.2490601539611816
2.2377469539642334
2.2146518230438232
2.2300899028778076
2.2245967388153076
2.2383248805999756
2.283627986907959
0
0
0
0
0
0
0
0
0
0
0
0
0
0
0
0
0
0
0
0
0
0
0
0
0
0
0
0
3.2090840339660645
3.1352438926696777
3.1163344383239746
3.1298885345458984
3.126701593399048
3.17252779006958
0
0
0
0
0
0
0
0
0
0
0
0
0
0
1.015107274055481
0.9687305688858032
0.9548613429069519
0.937682032585144
0.9284467697143555
0.9280630946159363
0.9208566546440125
0.9219904541969299
0.9097833037376404
0.9001407027244568
0.922358512878418
0.9264969825744629
0.9494257569313049
0.9591770172119141
0.9755812883377075
0.9811861515045166
1.0327054262161255
0
0
0
0
0
0
0
0
0
0
0
0
0
0
0
0
0
0
0
0
0
0
0
0
0
0
0
0
0
0
0
0
0
0
0
0
0
0
0
0
0
0
0
0
0
0
0
0
0
0
0
0
0
0
0
0
0
0
0
0
0
0
0
0
0
0
0
0
0
0
0
0
0
0
0
0
0
0
0
0
0
0
0
0
0
0
0
0
0
0
0
0
0
0
0
0
0
0
0
0
0
0
0
0
0
0
0
0
0
0
0
0
0
0
0
0
0
0
0.7351652979850769
0.7196964025497437
0.6910884380340576
0.6703111529350281
0.6697085499763489
0.6691873073577881
0.6540319919586182
0.6534780859947205
0.6340908408164978
0.6608203053474426
0.6432071328163147
0.6398062109947205
0.6409798264503479
0.6285279393196106
0.6517463326454163
0.6656740307807922
0.6806116700172424
0.658858060836792
0.6487088799476624
0.6858487129211426
0.6873443722724915
0.7138465642929077
0.7340839505195618
0
0
0
0
0
0
0
0
0
0
0
0
0
0
0
0
0
0
0
0
0
0
0
0
0
0
0
0
0
0
1.9442534446716309
1.9057903289794922
1.8974034786224365
1.895989179611206
1.882656455039978
1.9020347595214844
1.9142911434173584
1.9250195026397705
2.0017900466918945
0
0
0
0
0
0
0
0
0
0
0
0
0
0
0
0
0
0
0
0
0
3.468761444091797
3.4323484897613525
3.432034969329834
3.4424800872802734
0
0
0
0
0
0
0
0
0
0
0
0
0
0
0
0
0
0
0
0
0
0
0
2.071242570877075
2.0079259872436523
1.9943073987960815
1.9815410375595093
1.9658983945846558
1.9867128133773804
1.986751675605774
2.0141448974609375
2.0664923191070557
