0.25970926880836487
0.2681819200515747
0.27316591143608093
0.2674081027507782
0.25267258286476135
0.272270143032074
0.2714592218399048
0.27690789103507996
0.2677754759788513
0.23434008657932281
0.2685874104499817
0.26400792598724365
0.257600873708725
0.26054102182388306
0.27515164017677307
0.2637746334075928
0.28055259585380554
0.2619960308074951
0.2947714030742645
0.2691367268562317
0.27904316782951355
0.25176820158958435
0.2715732455253601
0.2793554961681366
0.28565144538879395
0.31359541416168213
0.3092731535434723
0.3071422874927521
0.3384883999824524
0.3345598578453064
0.3772391676902771
0
0
0
0
0
0
0
0
0
0
0
0
0
0.6198441386222839
0.6095776557922363
0.6055165529251099
0.5649335384368896
0.556570291519165
0.5548237562179565
0.5370776057243347
0.538104236125946
0.548251748085022
0.5499448776245117
0.5311182141304016
0.5311998128890991
0.5381867289543152
0.5055067539215088
0.5324979424476624
0.5277138352394104
0.546941339969635
0.5404422879219055
0.543921709060669
0.5539025068283081
0.5546897649765015
0.5553775429725647
0.5686582922935486
0.5891373753547668
0.59912109375
0.6175174713134766
0.6443942189216614
3.2054078578948975
2.5583906173706055
2.5312376022338867
2.511188268661499
2.5311615467071533
2.5299220085144043
2.546346664428711
2.624537706375122
3.023499011993408
3.0318174362182617
3.058961868286133
3.091338634490967
0
0
0
0
0
0
0.3799574375152588
0.3566179871559143
0.3469933569431305
0.34421613812446594
0.3152011036872864
0.3332613408565521
0.33907219767570496
0.3024734854698181
0.30709904432296753
0.3058854043483734
0.3008054792881012
0.29913845658302307
0.2890462577342987
0.2825789153575897
0.27808043360710144
0.2825499475002289
0.28014129400253296
0.2664144039154053
0.29780200123786926
0.2981421947479248
0.2715018093585968
0.289868026971817
0.30527788400650024
0.2735806703567505
0.2914734482765198
0.28838050365448
0.2782249450683594
0.29589828848838806
0.2896800935268402
0.2940461337566376
0.2899499535560608
0.3019731640815735
0.29678618907928467
0.31728848814964294
0.31319117546081543
0.33276644349098206
0.3222213387489319
0.3241077661514282
0.34803763031959534
0.38249680399894714
0.3860481381416321
1.7016119956970215
1.6865915060043335
1.715781569480896
1.766310691833496
0
0
0
0
0
0
0
0
0
0
0
0
0
0
0
0
0
0
0
0
0
0
3.3830442428588867
3.345094919204712
3.3231136798858643
3.3664627075195312
3.4095921516418457
0
0
3.0893068313598633
3.0453238487243652
3.0333659648895264
3.030874252319336
3.077153444290161
0
0
0
0
0
0
0
0
0
0
0
0
0
0
0
0
0
0
0
0
0
0
2.7225887775421143
2.6586122512817383
2.6325793266296387
2.6168997287750244
2.5970308780670166
2.653324842453003
2.7283437252044678
0
3.252751111984253
3.149677276611328
3.128499984741211
3.14353609085083
2.6163408756256104
2.564328670501709
2.540328025817871
2.5328104496002197
2.549543857574463
2.5739190578460693
2.652777671813965
0
0
0
0
0
0
0
0
0
0
0
0
0
0
0
0
0
0
0
0
0
0
0
0
0
0
0
0
0
0
0
0
2.582923650741577
2.0321242809295654
1.9699113368988037
1.9419769048690796
1.9188950061798096
1.9220936298370361
1.911936640739441
1.9284837245941162
1.9496099948883057
1.9905487298965454
0
0
2.395214319229126
2.3504796028137207
2.3502018451690674
2.353346109390259
2.3492777347564697
1.8737822771072388
1.8248112201690674
1.8221566677093506
1.806876540184021
1.7817625999450684
1.7908661365509033
1.8072609901428223
1.8445162773132324
1.8565195798873901
0
0
0
0
0
0
0
0
0
0
0
0
0
0
0
0
0
0
0
0
0
0
0
0
0
0
0
2.3838932514190674
2.3903934955596924
2.400752067565918
2.4093117713928223
1.5877935886383057
1.3254008293151855
1.133754849433899
1.0066819190979004
0.8961473107337952
0.8793107867240906
0.8735776543617249
0.8918034434318542
0.8787779211997986
0.9039036631584167
0.9022724628448486
0.9017342329025269
0.888225793838501
0.9084254503250122
0.9088428020477295
0.8959765434265137
0.9427231550216675
0.9571921229362488
0.9514230489730835
0.956271231174469
0.9640759825706482
0.9761204719543457
0.9817831516265869
0.9880813360214233
0.994300127029419
1.0181385278701782
1.0181692838668823
1.0273791551589966
0
0
0
0
0
0
0
0
0
0
0
0
0
0
0
0
0
0
0
0.3435124158859253
0.33927398920059204
0.337667852640152
0.29672086238861084
0.3057427406311035
0.2934105098247528
0.2939230501651764
0.2797330617904663
0.2668527662754059
0.28347668051719666
0.2888553738594055
0.28417906165122986
0.2707073986530304
0.2741146683692932
0.2678249776363373
