0.6909609436988831
0.6802588105201721
0.6748790740966797
0.6732164025306702
0.665827751159668
0.652315616607666
0.6854103803634644
0.6683115363121033
0.6710016131401062
0.6569708585739136
0.6688757538795471
0.6609832644462585
0.6530290246009827
0.644162654876709
0.638733983039856
0.6712095737457275
0.6523866057395935
0.6658703684806824
0.6714165806770325
0.6639456152915955
0.6671739816665649
0.6456164717674255
0.6483524441719055
0.6740961670875549
0.668025016784668
0.655651330947876
0.6627225875854492
0.6643626689910889
0.6674176454544067
0.6697086691856384
0.652866780757904
0.6759694814682007
0.6879000663757324
0.6738197803497314
0.6925602555274963
0.6949595808982849
0.7021535038948059
0.670967161655426
0.6872686147689819
0.7069900035858154
0.7194296717643738
0.7100153565406799
0.7240507006645203
0.728132426738739
0.7466195821762085
0.7200055122375488
0.7251632213592529
0.7527358531951904
0.7519927024841309
0.77499920129776
0.8031253218650818
0.7987788319587708
0.8080341815948486
0.8094916343688965
0.8237869143486023
0.8414627909660339
0.8460784554481506
0.8570159077644348
0.8687577843666077
0.8859187960624695
0.910582423210144
0.9296282529830933
0.9436036348342896
0.9524968266487122
0.9571264982223511
0.9989492297172546
0.9909673929214478
1.0172855854034424
1.035537838935852
1.0670069456100464
1.1051745414733887
1.122314691543579
1.1614559888839722
1.1883536577224731
1.2082293033599854
1.2672444581985474
1.2657777070999146
1.3299505710601807
1.3543570041656494
1.4207754135131836
1.4599859714508057
1.5262502431869507
1.5850412845611572
1.6441893577575684
1.6971865892410278
1.7814781665802002
1.8538479804992676
1.9572136402130127
2.0447840690612793
2.167728900909424
2.289356231689453
2.43744158744812
2.5985331535339355
2.7761731147766113
2.9929354190826416
3.2576088905334473
0
0
0
0
0
0
0
0
0
0
0
0
0
1.1354979276657104
1.1221327781677246
1.0857574939727783
1.1043509244918823
1.0757615566253662
1.08778715133667
1.0807396173477173
1.0643712282180786
1.078762412071228
1.093275547027588
1.0895678997039795
1.0916533470153809
1.1250078678131104
1.166559100151062
1.2236394882202148
0
0
0
0
0
0
0
2.7649667263031006
2.665992021560669
2.5887646675109863
2.503293991088867
2.420165538787842
2.3232192993164062
2.261211395263672
2.192990779876709
2.15295147895813
2.0975799560546875
2.0414562225341797
1.963447093963623
1.9343018531799316
1.885353446006775
1.8504563570022583
1.8026622533798218
1.7482104301452637
1.7334835529327393
1.687907099723816
1.679651141166687
1.6266682147979736
1.6118682622909546
1.5786241292953491
1.5603442192077637
1.5303455591201782
1.516175627708435
1.4894410371780396
1.4639867544174194
1.4515657424926758
1.427280068397522
1.4118455648422241
1.3999865055084229
1.3830513954162598
1.3585983514785767
1.3577872514724731
1.3237024545669556
1.295264720916748
1.302019476890564
1.3088281154632568
1.278486967086792
1.2628711462020874
1.2790815830230713
1.257325291633606
1.2443623542785645
1.238195538520813
1.2281590700149536
1.2038971185684204
1.2202060222625732
1.1991746425628662
1.1955220699310303
1.2022368907928467
1.1745628118515015
1.182977557182312
1.1829807758331299
1.179040551185608
1.1813246011734009
1.1621531248092651
1.1669741868972778
1.150327444076538
1.147047996520996
1.1500139236450195
1.1501529216766357
1.1456176042556763
1.160499095916748
1.1740275621414185
1.1497693061828613
1.1323461532592773
1.137470006942749
1.1622304916381836
1.1487789154052734
1.1481928825378418
1.1465798616409302
1.1446523666381836
1.1638143062591553
1.15041983127594
1.1604028940200806
1.167126178741455
1.1696056127548218
1.184361219406128
1.1636614799499512
1.1861907243728638
1.1969133615493774
1.1924411058425903
1.2172784805297852
1.2156691551208496
1.2269690036773682
1.2214443683624268
1.2330387830734253
1.2467741966247559
1.26106595993042
1.268155813217163
1.2711148262023926
1.2757245302200317
1.2927223443984985
1.2984460592269897
1.3298312425613403
1.3237224817276
1.3650033473968506
1.3601410388946533
1.3609466552734375
1.4041675329208374
1.4318207502365112
1.4275702238082886
1.4500378370285034
1.4575374126434326
1.5058587789535522
1.5087990760803223
1.5493332147598267
1.565756916999817
1.603200078010559
1.5928761959075928
1.6438976526260376
1.6719006299972534
1.7046856880187988
1.7434284687042236
1.7871652841567993
1.8169598579406738
0
0
0
0
0
0
0
0
0
0
0
0
0
0
0
0.9764208793640137
0.9053959846496582
0.920839786529541
0.8859153389930725
0.8665491938591003
0.8663598895072937
0.8647331595420837
0.8635023832321167
0.8739771246910095
0.856275737285614
0.8453884124755859
0.8559911251068115
0.8646645545959473
0.8621795177459717
0.8772476315498352
0.8786133527755737
0.8934888243675232
0.9246328473091125
0.9701468348503113
0
0
0
0
0
0
0
0
0
0
0
0
0
0
0
0
0
0
0
0
0
0
0
0
0
0
0
0
0
0
0
0
0
0
0
0
0
0
0
0
0
0
0
0
0
1.0011091232299805
0.9771079421043396
0.9654771685600281
0.9557132124900818
0.9317122101783752
0.9052836298942566
0.9095976948738098
0.8828908205032349
0.880646288394928
0.859383225440979
0.8557763695716858
0.8429718017578125
0.8125149011611938
0.8135106563568115
0.791343629360199
0.7967386841773987
0.7874159812927246
0.7643410563468933
0.7598381042480469
0.7529350519180298
0.7523712515830994
0.7455021142959595
0.7348867654800415
0.72552090883255
0.7062273621559143
0.7175217866897583
0.7127137780189514
0.7170553207397461
0.7101171612739563
0.7001426219940186
0.6984803080558777
0.6947937607765198
0.6854289770126343
