0
0
0
0
0
0
0
0
0
0
0
0
0
0
0
0
0
0
0
0
0
0
0
0
2.9193105697631836
0
0
0
0
0
0
0
0
0
0
0
0
0
0
0
0
0
1.0671781301498413
1.0241283178329468
1.0113760232925415
0.9829310178756714
0.9909612536430359
0.9735240936279297
0.9700457453727722
0.9591538310050964
0.9591637849807739
0.9629122614860535
0.9642207026481628
0.9620214104652405
0.9739527702331543
0.9870812892913818
0.9979935884475708
1.0120137929916382
1.0593204498291016
3.0108284950256348
2.9564037322998047
3.00248122215271
2.9985673427581787
3.0289645195007324
0
0
0
0
0
0
0
0
0
0
0
0
0
0
0
0
0
0
0
0
0
0
0
0
0
0
0
0
0
0
1.9971227645874023
0
0
0
0
0
0
0
0
0
0
0
0
0
0
0
0
0
0
0
0
0
0
0
0
0
0
0
0
0
0
0
0
0
0
0
0
0
0
0
0
0
0
0
0
0
0
0
0
0
0
0
0
0
0
0
0
0
0
0
0
0
0
0
0
0
0
0
0
0
0
0
0
0
0
1.2291823625564575
1.1922961473464966
1.1702394485473633
1.1446967124938965
1.1406208276748657
1.1335722208023071
1.1393250226974487
1.116408348083496
1.1165204048156738
1.1102626323699951
1.1172972917556763
1.1529275178909302
1.155032753944397
1.2131439447402954
0
0
0
0
0
0
0
0
0
0
0
0
0
0
0
0
0
0
0
0
0
0
0
0
0
0
0
0
0
0
0
0
0
0
0
0
0
0
0
0
0
0
0
0
0
0
0
0
0
0
0
0
0
0
0
0
0
0
0
0
0
0
0
0
0
0
0
0
0
0
0
0
0
0
0
0
0
0
0
0
0
0
0
0
0
0
0
0
0
0
0
0
0
0
0
0
0
0
0
0
0
0
0
0
0
0
0
0
0
0
0
0
0
0
0
0
0
0
0
0
0
0
0
0
0
0
0
0
0
0
0
0
0
0
0
1.0993382930755615
1.0732526779174805
1.0653196573257446
1.043411374092102
1.0304728746414185
1.0267727375030518
1.0313034057617188
1.0307263135910034
1.0552414655685425
1.0213062763214111
1.0122764110565186
1.0416057109832764
1.0782006978988647
1.088373064994812
1.1242563724517822
2.4974310398101807
2.494340658187866
2.5275189876556396
2.565539836883545
0
0
0
3.45801043510437
3.366853952407837
0
0
0
0
0
0
0
0
0
0
0
0
0
0
0
0
0
0
