0.4199724793434143
0.451384037733078
0.44771209359169006
0.4567378759384155
0.4500115215778351
0.4657909870147705
0.47793176770210266
0.46668189764022827
0.4968682825565338
0.509127676486969
0.5160869359970093
0.5322731733322144
0.5187027454376221
0.5427911281585693
0.5678235292434692
0.5722540020942688
0.5670278668403625
0.614001452922821
0.609153151512146
0.6410673260688782
0.6531506776809692
0.6844273805618286
0.7872456312179565
0.7666925191879272
0.7729573845863342
0.7587645053863525
0.7542663812637329
0.742696225643158
0.7223244309425354
1.2451300621032715
1.220687985420227
1.2148839235305786
1.2136765718460083
1.2167837619781494
1.1992202997207642
1.1968629360198975
1.1975675821304321
3.3002407550811768
2.8770782947540283
3.1487865447998047
0
2.9170825481414795
3.2443103790283203
3.253049373626709
3.253962278366089
3.233680009841919
3.2295773029327393
3.2211616039276123
3.232435941696167
3.207113742828369
3.2348086833953857
3.2343034744262695
3.2241785526275635
3.2203831672668457
3.229675531387329
3.2359471321105957
3.2411770820617676
3.2599830627441406
3.015495538711548
0
0
0
0
0
0
0
0
0
0
0
0
0
0
0
0
0
0
0
0
0
0
2.251173973083496
2.266500949859619
0
0
0
0
0
0
0
0
0
0
0
0
0
0
0
0
0
0
0
3.4360239505767822
0
0
0
0
0
0
0
0
0
0
0
0
0
2.317408561706543
2.3277230262756348
2.357921600341797
2.40887451171875
2.4717323780059814
2.5106558799743652
2.5320515632629395
2.5496625900268555
2.5004100799560547
2.473832607269287
2.420933485031128
2.41839861869812
2.380082845687866
2.325802803039551
2.310046672821045
2.2646687030792236
2.2512965202331543
2.2231976985931396
2.216989755630493
2.1946916580200195
1.7313095331192017
1.7807631492614746
1.8427282571792603
1.8876276016235352
1.9585449695587158
2.038752794265747
0
0
0
0
0
0
0
0
0
0
0
0
0
0
0
0
0
0
0
0
0
0
0
0
0
0
0
0
0
0
0
0
0
0
0
0
0
0
0
0
0
0
0
0
0
0
0
3.149688243865967
3.2194430828094482
3.2876527309417725
3.37843656539917
3.390472412109375
3.371042490005493
3.327918291091919
3.297309160232544
3.263336658477783
3.2207090854644775
3.1734607219696045
3.162459373474121
3.1375162601470947
3.1036674976348877
3.0673680305480957
2.675905466079712
2.7882819175720215
2.6144614219665527
2.7405664920806885
2.8626608848571777
2.942044734954834
2.932372808456421
2.900557279586792
2.9083099365234375
2.9117252826690674
2.8863844871520996
2.8594229221343994
2.8704423904418945
2.8474619388580322
2.83419132232666
2.8349015712738037
2.8182408809661865
2.8147385120391846
2.804145097732544
2.7937088012695312
2.7892425060272217
2.7968358993530273
2.373418092727661
0
0
0.9916689395904541
1.0069745779037476
0.9902033805847168
1.0035467147827148
1.0022575855255127
0.9907439351081848
0.9924483299255371
0.9933488965034485
1.0114250183105469
1.0109225511550903
1.0138911008834839
1.0205931663513184
1.021680474281311
1.0220208168029785
1.021343469619751
1.0381394624710083
1.0349717140197754
1.0396827459335327
1.0427151918411255
1.050865650177002
1.0694525241851807
1.0768247842788696
1.0806785821914673
0.9721665978431702
0.9092386364936829
0.8782772421836853
0.8690001964569092
0.8370944857597351
0.7892757058143616
0.7905535101890564
0.7664542198181152
0.7589156031608582
0.7143442034721375
0.718511164188385
0.6853665709495544
0.675936758518219
0.6628178358078003
0.6616402864456177
0.655886173248291
1.1741998195648193
1.1982595920562744
1.2125155925750732
1.2421448230743408
1.2610044479370117
1.277932047843933
1.3187952041625977
1.3334325551986694
1.3439924716949463
1.3914328813552856
1.409245491027832
1.445942759513855
1.4675806760787964
1.5078734159469604
1.512041687965393
1.5771849155426025
1.5466547012329102
1.5417879819869995
1.5105839967727661
1.5104244947433472
1.5085917711257935
1.469014286994934
1.4809321165084839
1.4530720710754395
1.443749189376831
1.4321680068969727
1.4177993535995483
1.4013843536376953
1.4010255336761475
0
0
0
0
0
3.48557710647583
3.4580328464508057
3.4412717819213867
3.4331870079040527
3.4210309982299805
3.4034152030944824
3.397733449935913
3.3698155879974365
3.359957456588745
3.0817999839782715
0
0
0
0
0
0
0
0
0
0
0
0
0
0
0
0
0
1.2478159666061401
1.2588454484939575
1.2734402418136597
1.2615519762039185
1.2630267143249512
1.2660943269729614
1.283866286277771
1.2945103645324707
1.265575885772705
1.297081470489502
1.308266282081604
1.3206688165664673
1.3212732076644897
1.3314796686172485
1.359493374824524
1.3506137132644653
1.3729686737060547
1.3094980716705322
1.2953822612762451
1.2406920194625854
1.207743525505066
0.40186432003974915
0.38060206174850464
0.39939936995506287
0.4023789167404175
0.39036116003990173
0.4055338501930237
0.39896729588508606
0.41209176182746887
0.440656840801239
0.44025343656539917
