0
0
2.8454887866973877
2.783966064453125
2.7453908920288086
2.747164726257324
2.7668168544769287
2.7791497707366943
2.816385507583618
0
0
0
0
0
0
0
1.2582437992095947
1.2185277938842773
1.215928316116333
1.2030078172683716
1.173223853111267
1.1835684776306152
1.184137225151062
1.1766314506530762
1.1742732524871826
1.190266728401184
1.2155996561050415
1.2018564939498901
1.2178668975830078
1.273220181465149
2.4881300926208496
2.481407403945923
2.4835071563720703
2.511727809906006
2.6193394660949707
0
0
0
0
0
0
0
0
0
0
0
0
0
0
2.921964645385742
2.833224058151245
2.7988102436065674
2.7776761054992676
2.7760696411132812
2.8054492473602295
2.8509867191314697
0
0
0
1.3404886722564697
1.285056471824646
1.2631752490997314
1.2442150115966797
1.2292753458023071
1.2268918752670288
1.2207413911819458
1.220729112625122
1.2303283214569092
1.2361440658569336
1.2287925481796265
1.256473183631897
1.2826542854309082
1.3262525796890259
3.4972000122070312
0
0
0
0
0
0
0
0
0
0
0
0
0
0
0
0
0
0
0
0
2.7022271156311035
2.6618940830230713
2.629575729370117
2.6429178714752197
2.662548303604126
2.7023227214813232
0
0
0
0
0
0
0
0
0
0
0
0
0
0
0
0
0
0
0
0
0
0
0
0
0
0
0
0
0
0
0
0
0
0
0
0
1.544734001159668
0
0
0
0
0
0
0
0
0
0
0
0
0
0
0
0
0
0
0
0
0
0
0
0
0
0
0
0
0
0
2.716472625732422
2.6734232902526855
2.657409906387329
2.647233486175537
2.681272268295288
2.7038071155548096
0
0
0
0
0
0
0
2.8879919052124023
2.8205909729003906
2.7764031887054443
2.7733983993530273
2.7779204845428467
2.8422415256500244
0
3.4803993701934814
3.4588963985443115
3.4296586513519287
3.396477699279785
3.380413770675659
3.3440473079681396
3.3334784507751465
3.3113179206848145
3.4288926124572754
3.292837381362915
3.2669992446899414
3.2497050762176514
3.238905429840088
3.2248685359954834
3.199249505996704
3.20609712600708
3.1922621726989746
3.174635171890259
3.1783335208892822
3.166783571243286
3.152822971343994
3.135664701461792
1.8377548456192017
1.8000493049621582
1.7773468494415283
1.7820264101028442
1.76443350315094
1.785093069076538
1.7791863679885864
1.7973229885101318
1.8364298343658447
2.3238236904144287
2.2908313274383545
2.290422201156616
2.3092944622039795
2.333423376083374
2.3811633586883545
1.9795739650726318
1.927600622177124
1.914908528327942
1.8843231201171875
1.9027847051620483
1.9079666137695312
1.9159542322158813
1.9319688081741333
1.994504451751709
2.3662970066070557
2.355881690979004
2.343554973602295
2.3692634105682373
2.3916854858398438
2.4865925312042236
3.430428981781006
3.467759132385254
3.4856598377227783
0
0
0
0
0
0
0
0
0
0
0
0
0
0
0
0
0
0
0
0
1.8915810585021973
0
0
0
3.4741880893707275
3.4634134769439697
3.4845550060272217
0
0
0
0
0
0
0
0
0
0
0
0
0
0
0
0
0
0
0
0
0
0
0
0
0
0
0
0
0
0
0
0
0
0
0
0
0
0
0
0
0
0
0
0
0
0
3.4088189601898193
3.392763614654541
3.407444953918457
3.4038522243499756
3.493706226348877
0
0
0
0
0
0
0
0
0
0
2.487398147583008
2.462987184524536
2.426187515258789
2.4216578006744385
2.4309680461883545
2.4336860179901123
2.4775149822235107
0
0
0
0
0
0
0
1.8843830823898315
1.8267526626586914
1.8135781288146973
1.7959290742874146
1.7927252054214478
1.7982171773910522
1.8192973136901855
1.8401739597320557
1.87627112865448
3.3261048793792725
3.3680500984191895
0
0
0
0
0
