0
0
0
2.354124069213867
1.9303117990493774
1.7526301145553589
1.7833448648452759
1.7961550951004028
1.7912777662277222
1.796510934829712
1.795513391494751
1.7911185026168823
1.8167845010757446
1.8087798357009888
1.8180055618286133
1.8332736492156982
1.8469898700714111
1.8380064964294434
1.858625054359436
1.8736718893051147
1.8848875761032104
1.918755054473877
1.9231212139129639
1.9257243871688843
1.9366183280944824
1.9543945789337158
1.9915021657943726
1.9857935905456543
2.013557195663452
2.0356674194335938
2.053635835647583
2.0851125717163086
2.1216671466827393
0
0
0
0
0
0
0
0
0
0
0
0
0
0
0
2.168156623840332
2.122150421142578
2.102877378463745
2.0818886756896973
2.092951774597168
2.0882620811462402
2.1106879711151123
2.159761667251587
0
0
0
0
0
0
1.8855640888214111
1.883719563484192
1.8372305631637573
1.7985399961471558
1.7830721139907837
1.7653357982635498
1.7683721780776978
1.8166061639785767
1.8643251657485962
1.887747049331665
1.9332164525985718
2.0075018405914307
2.039112091064453
2.1006360054016113
2.151818037033081
2.2199926376342773
2.263106346130371
2.3228626251220703
2.4195635318756104
2.501166820526123
2.5887346267700195
2.7018110752105713
2.8070743083953857
2.892136812210083
3.037703275680542
3.1696572303771973
3.325413703918457
3.483450174331665
0
0
0
0
0
0
0
0
0
0
0
0
0
0
0
0
0
0
0
0
0
0
0
0
0
0
0
0
0
0
0
0
0
0
0
0
0
0
0
0
0
0
0
0
0
0
0
0
0
0
0
0
0
0
0
0
0
0
0
0
0
0
0
0
0
0
0
0
0
0
0
0
0
0
0
0
0
0
0
0
0
0
0
0
0
0
0
0
0
0
0
0
0
0
0
0
0
0
0
0
0
0
0
0
0
0
0
0
0
0
0
0
0
0
0
0
0
0
0
0
0
0
0
0
0
0
0
0
0
0
0
0
0
0
0
0
0
0
0
0
0
0
0
0
0
0
0
0
0
0
0
0
0
0
0
0
0
0
0
0
0
0
0
0
0
0
0
0
0
0
0
0
0
0
0
0
0
0
0
0
0
0
0
0
0
0
0
0
0
0
0
0
0
0
0
0
0
0
0
0
0
0
0
0
0
0
0
0
0
0
0
0
0
0
0
0
0
0
0
0
0
0
0
0
0
0
0
0
0
0
0
0
0
0
0
0
0
0
0
0
0
0
0
2.062506675720215
2.0159335136413574
1.9670186042785645
1.9581438302993774
1.979578971862793
1.9767508506774902
1.979609489440918
1.995387077331543
2.048720359802246
0
0
0
0
0
0
0
0
0
0
0
0
0
0
0
0
0
0
