0
1.0031404495239258
0.9810331463813782
0.972251832485199
0.9570187330245972
0.9353414177894592
0.9285330772399902
0.9163138270378113
0.9194883108139038
0.919588029384613
0.929375410079956
0.9143192172050476
0.9377606511116028
0.9340350031852722
0.9287031888961792
0.9410303235054016
0.9574984312057495
0.9824213981628418
1.0357807874679565
0
0
0
0
0
3.2712645530700684
3.1962804794311523
3.171579599380493
3.1670148372650146
3.169829845428467
3.2198750972747803
0
0
0
0
0
0
0
0
0
0
0
0
0
0
0
0
3.0406413078308105
2.9774508476257324
2.9493627548217773
2.9453108310699463
2.9631056785583496
3.019756317138672
0
0
0
0
0
0
0
0
2.232032060623169
2.2106122970581055
0
0
0
0
0
0
0
0
0
0
0
0
0
0
0
0
0
0
0
0
0
0
0
0
0
0
0
0
0
0
0
0
0
0
1.2185417413711548
1.1927039623260498
1.1707676649093628
1.1322262287139893
1.1391764879226685
1.134317398071289
1.1199110746383667
1.1303253173828125
1.1256667375564575
1.1337496042251587
1.1314966678619385
1.132960557937622
1.1525609493255615
1.1758918762207031
1.2324767112731934
0
0
0
0
0
0
0
0
0
0
0
0
0
0
0
0
0
0
0
0
0
0
2.695080041885376
0
0
0
0
0
0
0
0
0
0
0
0
0
0
0
0
0
0
0
0
0
0
0
0
0
0
0
0
0
0
0
0
0
0
0
0
0
0
0
0
0
0
0
0
3.1232426166534424
3.1396005153656006
3.1343860626220703
2.232912540435791
2.248948335647583
2.2448408603668213
1.7906193733215332
1.7935765981674194
1.7840549945831299
1.8015716075897217
1.8058351278305054
1.8186750411987305
1.804221510887146
1.843288540840149
1.8575751781463623
1.8907283544540405
1.8718386888504028
1.8940755128860474
1.8757761716842651
0.9371010065078735
0.9194933176040649
0.9304019212722778
0.9648630023002625
0.9626109004020691
0.9717614650726318
0.9701472520828247
0.9870676398277283
0.996163547039032
1.01349675655365
1.0111159086227417
1.0342881679534912
1.0530930757522583
1.0753051042556763
1.1061688661575317
1.1060551404953003
1.1217767000198364
1.1340694427490234
0
0
0
0
0
0
0.5414612293243408
0.5490955710411072
0.5529236197471619
0.5628869533538818
0.5896254181861877
0.6007140874862671
0.5988064408302307
0.636257529258728
0.6283408999443054
0.648726224899292
0.6953401565551758
0.7103362679481506
0.7277911305427551
0.7689685225486755
0.7798214554786682
0.8143015503883362
0.8408746719360352
0.8786547183990479
0.8821781277656555
0.8738723397254944
0.8800836205482483
0.8639212846755981
0.8664567470550537
0.8641382455825806
0.8431605100631714
0.8374367356300354
0.8285198211669922
0.8366837501525879
0.843586266040802
0.8370134234428406
0.8307217955589294
0.8385224342346191
0.8255006074905396
0.8398510813713074
0.8405168652534485
0.8358171582221985
0.8235613107681274
0.8370590209960938
0.8144233822822571
0.8143332600593567
0.8354881405830383
0.8236082196235657
0.8292487859725952
0.8283631205558777
0.8278239369392395
0.8310400247573853
0.8407407999038696
0.8284586071968079
0.8331400156021118
0.8366232514381409
0.8275138735771179
0.8419614434242249
0.8237919807434082
0.8466492891311646
0.8430687189102173
0.8603499531745911
0.8694208860397339
0.8608284592628479
0.8836948275566101
0.8623111248016357
0.9015125036239624
0.8799793124198914
0.9148104190826416
0.8732182383537292
0.9177457690238953
0.9031423330307007
0.9043706655502319
0.904719352722168
0.9416642189025879
0.953896701335907
0.9568116068840027
0.9720889329910278
0.9916322827339172
0.964816153049469
0.9488604068756104
0.9057915806770325
0.8855293989181519
0.8895496726036072
0.8607151508331299
0.8370331525802612
0.8157843947410583
0.8184921145439148
0.7887285351753235
0.7825825810432434
0.7743333578109741
0.7661463022232056
0.7603644132614136
0.7204890251159668
0.721447229385376
0.7243900895118713
0.6884071826934814
0.6983932852745056
0.7176481485366821
0
0
0
0
0
0
0
0
0
0
1.7972370386123657
1.7886793613433838
1.7796772718429565
1.7576991319656372
1.7600141763687134
1.7159702777862549
1.715133786201477
1.7053134441375732
1.6971461772918701
1.6951656341552734
1.672662615776062
1.674925684928894
2.600003719329834
2.5708632469177246
2.5710537433624268
2.5497450828552246
2.571218252182007
0
0
0
0
0
0
0
0
0
0
0
0
0
0
0
0
0
0
0
