1.1413874626159668
1.1888411045074463
1.1859439611434937
1.1982872486114502
1.2348963022232056
2.9400885105133057
3.0263009071350098
0
0
0
0
0
0
0
0
0
0
0
0
0
0
0
0
0
0
0
0
0
3.3123934268951416
3.24839448928833
3.216475486755371
3.204704999923706
3.240549325942993
3.29402756690979
0
0
0
0
0
0
0
0
0
0
0
0
0
0
0
0
0
0
0
2.43239688873291
2.3568942546844482
2.3414955139160156
2.3283722400665283
2.3362889289855957
2.321472406387329
2.373053550720215
2.423863649368286
0
0
0
0
0
0
0
0
0
0
0
0
0
0
0
0
0
0
0
0
0
0
0
0
0
0
0
0
0
0
0
0
0
0
0
0
0
2.0185346603393555
1.941567063331604
1.9231224060058594
1.8814620971679688
1.8828775882720947
1.8993664979934692
1.9010822772979736
1.9069647789001465
1.9488451480865479
0
0
0
0
0
0
0
0
0
0
0
0
0
0
0
0
0
0
0
0
0
0
0
0
0
0
0
2.9229273796081543
2.885364532470703
2.883486270904541
2.8867177963256836
0.5635276436805725
0.5698269605636597
0.5436906814575195
0.5284252762794495
0.5174201130867004
0.5029257535934448
0.5047099590301514
0.4983210563659668
0.5035808682441711
0.4868973195552826
0.4926784336566925
0.48787835240364075
0.4816100597381592
0.48002150654792786
0.47323134541511536
0.49903374910354614
0.49745699763298035
0.49199092388153076
0.5212235450744629
0.49090147018432617
0.5007462501525879
0.5044910907745361
0.5192204713821411
0.5176277756690979
0.5281350612640381
0.552865743637085
0.5590839385986328
0.5835720896720886
2.089885711669922
2.0975799560546875
2.110776662826538
2.1199746131896973
3.3070740699768066
3.306938886642456
3.3809378147125244
0
0
0
0
0
0
0
0
0
0
0
0
0
0
0
0
0
0
0
0
0
0
0
3.468689203262329
3.4019668102264404
3.374037981033325
3.3743033409118652
3.4229161739349365
0
0
0
0
0
0
0
0
0
0
0
0
0
0
0
0
0
0
0
0
0
0
0
0
0
0
0
0
0
0
0
0
0
0
0
0
0
0
0
0
0
0
0
0
0
0
0
0
0
0
0
0
0
0
3.3397905826568604
3.2880098819732666
3.2705235481262207
3.29840350151062
3.3419740200042725
0
0
0
0
0
0
0
0
0
0
0
0
0
0
0
0
0
0
0
0
0
0
0
0
0
2.330487012863159
2.2686924934387207
2.226994037628174
2.2168149948120117
2.2074155807495117
2.216366767883301
2.240461587905884
2.2653374671936035
0
0
0
0
0
0
0
0
0
0
0
0
0
0
0
0
0
0
0
0
0
0
0
0
0
0
0
0
0
0
0
0
0
0
0
0
3.0859432220458984
2.9777486324310303
2.9360549449920654
2.925978422164917
2.934624671936035
2.965686082839966
3.062931776046753
0
0
2.7378783226013184
2.666534900665283
2.6502721309661865
2.6424193382263184
2.6488122940063477
2.6782822608947754
2.7245922088623047
0
0
0
0
0
1.2683066129684448
1.2245138883590698
1.1885870695114136
1.1692882776260376
1.1687008142471313
1.149171233177185
1.159740924835205
1.1447597742080688
1.1587260961532593
1.1674599647521973
