0
0
0
0
0
0
0
0
3.4740405082702637
3.4568240642547607
3.4568428993225098
3.4655678272247314
0
2.286241292953491
2.2285664081573486
2.1965034008026123
2.1745691299438477
2.166520118713379
2.176086664199829
2.1854891777038574
2.240171194076538
0
0
0
0
0
0
0
0
0
2.7290055751800537
2.6699705123901367
2.6312143802642822
2.6277081966400146
2.6320276260375977
2.6806066036224365
2.7133431434631348
0
0
0
0
0
0
0
0
0
0
3.4093480110168457
3.3772377967834473
3.3435351848602295
3.3537373542785645
3.3678412437438965
0
0
0
0
0
0
0
0
0
0
0
0
0
0
0
0
0
0
0
0
0
0
0
0
0
0
0
0
0
0
0
0
0
0
0
0
0
0
0
0
0
0
0
0
0
0
0
0
0
1.5289357900619507
1.4826360940933228
0
0
3.0385963916778564
2.972031831741333
2.950593948364258
2.9650940895080566
2.981881618499756
2.537992477416992
2.5089945793151855
2.483562707901001
2.484250068664551
2.4900519847869873
2.545046806335449
2.9965245723724365
2.914759874343872
2.90891432762146
2.912957191467285
2.916506767272949
2.3662075996398926
2.3357203006744385
2.311677932739258
2.310304880142212
2.317275285720825
2.3353700637817383
2.4094760417938232
3.4705870151519775
3.363598108291626
3.3084042072296143
3.2393901348114014
3.193209171295166
3.1151676177978516
3.0636818408966064
3.010814905166626
2.9502482414245605
2.9097161293029785
2.867389678955078
2.801539421081543
2.77862811088562
2.7365059852600098
2.6828675270080566
2.6669492721557617
2.6250553131103516
2.5939104557037354
2.5532374382019043
2.5382187366485596
2.5035035610198975
2.481961965560913
2.460655689239502
2.426809310913086
2.399475336074829
2.3765101432800293
2.3567495346069336
2.3591742515563965
2.4340832233428955
2.5504794120788574
2.331876754760742
2.3084943294525146
2.2729334831237793
2.261415719985962
2.240873336791992
2.250277280807495
2.225613832473755
1.6096386909484863
1.6006444692611694
1.567865014076233
1.5510118007659912
1.5421664714813232
1.5234994888305664
1.1464179754257202
1.1289918422698975
1.0808827877044678
1.0887950658798218
1.0583157539367676
1.0532139539718628
1.0495773553848267
1.0460220575332642
1.0363502502441406
1.061804175376892
1.0768240690231323
1.0828893184661865
1.0607569217681885
1.110880732536316
1.1549279689788818
2.156334638595581
2.15554141998291
2.170754909515381
2.1738314628601074
2.168761730194092
2.199148654937744
2.200899839401245
2.2018702030181885
2.215839147567749
2.2204339504241943
2.2479989528656006
2.237868070602417
2.2579185962677
2.2632453441619873
2.2882144451141357
2.2986128330230713
2.323281764984131
2.331387519836426
2.3393988609313965
2.3685853481292725
2.369349241256714
2.397383213043213
2.4292805194854736
2.43310284614563
2.477965831756592
2.4833738803863525
2.533358335494995
2.5469839572906494
2.5730834007263184
2.615150213241577
2.6536848545074463
2.7010509967803955
2.7200098037719727
2.748044967651367
2.8075432777404785
2.842008352279663
2.8852977752685547
2.9214911460876465
2.969125747680664
0
0
0
0
0
0
0
0
0
0
0
0
0
0
0
0
0
0
0
0
0
0
0
0
0
0
0
0
0
0
0
0
0
0
0
0
0
0
0
0
0
0
0
1.5632314682006836
0
0
0
0
0
0
0
0
0
0
0
0
0
0
0
0
0
0
0
0
0
0
0
0
0
0
0
0
0
0
0
0
0
0
0
0
0
0
0
0
0
2.0730271339416504
2.0137760639190674
1.98399817943573
1.9691216945648193
1.9619122743606567
1.954880952835083
1.985560417175293
1.990014672279358
2.0395026206970215
0
0
0
0
0
0
0
0
0
0
0
0
0
0
0
0
0
0
0
1.7375767230987549
1.7162812948226929
1.6903042793273926
1.6823704242706299
1.6859819889068604
1.683426856994629
1.692575454711914
1.6936283111572266
1.7305324077606201
1.7820051908493042
3.3993518352508545
3.3469789028167725
3.3196756839752197
3.3329241275787354
3.3472983837127686
0
0
0
0
0
0
0
