0
0
0
0
0
0
0
0
0
0
0
0
0
0
0
0
0
0
0
0
0
0
0
0
0
0
0
0
0
0
0
0
0
0
0
0
0
0
0
0
0
0
0
0
0
0
0
0
0
0
0
0
2.4223036766052246
2.3737823963165283
2.360534429550171
2.317337989807129
2.3456366062164307
2.358677625656128
2.3929107189178467
2.442795991897583
0
0
0
0
0
0
0
0
0
0
0
0
0
0
0
0
0
0
1.2797874212265015
1.2384918928146362
1.2060916423797607
1.1824069023132324
1.1703544855117798
1.1771206855773926
1.1691573858261108
1.1914504766464233
1.1906994581222534
1.183410406112671
1.187764286994934
1.1978297233581543
1.2198866605758667
1.2586398124694824
2.429591655731201
2.411797523498535
2.4237520694732666
2.4740195274353027
2.5311219692230225
0
0
0
0
0
0
0
0
0
0
0
0
0
0
0
0
0
0
0
2.7780725955963135
2.742039680480957
2.740480661392212
2.720517873764038
2.758606433868408
2.7806951999664307
0
0
0
0
0
0
0
0
0
0
0
1.9363155364990234
1.818180799484253
1.8080171346664429
1.8029588460922241
1.8105852603912354
1.7883986234664917
1.7943201065063477
1.8086202144622803
1.8567968606948853
1.9149272441864014
0
0
0
0
0
0
0
0
0
0
0
0
0
0
0
0
0
0
0
0
0
0
0
0
0
0
0
0
0
0
0
0
0
0
0
0
0
0
0
0
0
0
1.6100366115570068
1.572566270828247
1.5589840412139893
1.5231785774230957
1.5418788194656372
1.5380338430404663
1.5244243144989014
1.557787537574768
1.5530447959899902
1.5729438066482544
1.6536970138549805
0
0
0
0
0
0
0
0
0
0
0
0
0
0
0
0
0
0
0
0
0
0
0
0
0
0
0
0
2.904662609100342
2.849897623062134
2.8143279552459717
2.805267810821533
2.832771062850952
2.8625006675720215
0
0
0
0
0
0
0
0
0
0
0
0
0
0
0
0
0
0
0
0
0
0.33685600757598877
0.3377208709716797
0.3298003375530243
0.3320557773113251
0.2998499870300293
0.2883412837982178
0.30471116304397583
0.29228514432907104
0.2996799349784851
0.2786184251308441
0.26352977752685547
0.2643357813358307
0.25116002559661865
0.2721286416053772
0.276429146528244
0.26514750719070435
0.2577993869781494
0.25978973507881165
0.24952316284179688
0.27647092938423157
0.2642582356929779
0.2653923034667969
0.26083457469940186
0.27140238881111145
0.27012303471565247
0.2628434896469116
0.25383543968200684
0.28280460834503174
0.2736506164073944
0.261592298746109
0.2791996896266937
0.27286651730537415
0.2704481780529022
0.3018184304237366
0.27994391322135925
0.27887624502182007
0.29531070590019226
0.28425493836402893
0.29262515902519226
0.3128390610218048
0.3120148181915283
0.3146752715110779
0.3481287956237793
0.3707408308982849
0
0
0
0
0
2.9942328929901123
2.9534976482391357
2.924604654312134
2.947824239730835
2.958519220352173
3.032243251800537
0
0
0
0
0
0
0
0
0
0
0
0
0
2.2445740699768066
2.1907904148101807
2.187986373901367
2.171381950378418
2.1782281398773193
2.184849739074707
2.217108964920044
2.266657590866089
0
0
0
0
0
0
0
0
0
0
0
0
0
0
0
0
0
0
0
0
0
1.1237881183624268
1.127594232559204
1.6835161447525024
1.655387043952942
1.6474084854125977
1.6571513414382935
1.6529719829559326
1.6636162996292114
1.6644806861877441
1.7115930318832397
1.7508633136749268
0
