1.1134753227233887
1.115156650543213
1.1009585857391357
1.0843783617019653
1.0940717458724976
1.1310396194458008
1.1804203987121582
1.2478138208389282
1.2809299230575562
1.359706163406372
1.4298607110977173
0
0
0
0
0
0
0
0
0
0
0
0
0
0
0
0
0
3.4051334857940674
3.389946460723877
3.3661272525787354
3.3527486324310303
3.309131145477295
3.293490171432495
3.267831563949585
3.255770206451416
3.255403995513916
3.2402806282043457
3.201873779296875
3.1876673698425293
3.167200803756714
3.164609432220459
3.1548573970794678
1.879063606262207
1.9246642589569092
1.9305601119995117
1.9218958616256714
1.9266453981399536
1.9683502912521362
1.9620366096496582
1.9719486236572266
1.9885456562042236
1.9989885091781616
2.0300827026367188
2.0289547443389893
1.964699387550354
1.0651618242263794
1.0738279819488525
1.0812679529190063
0.9981934428215027
0.981615424156189
1.0280958414077759
1.0349546670913696
1.0335817337036133
1.0397776365280151
1.0536978244781494
1.0876877307891846
1.09395432472229
1.1083948612213135
1.1356772184371948
1.1572809219360352
1.164336085319519
1.1792268753051758
1.1762794256210327
1.2427202463150024
1.2458765506744385
1.2087600231170654
1.2025142908096313
1.187850832939148
1.1819278001785278
1.160422444343567
1.151005506515503
1.1313484907150269
1.1039270162582397
1.1074577569961548
1.0872507095336914
1.0871306657791138
1.0524958372116089
1.0351734161376953
1.0295337438583374
1.043878436088562
1.026841163635254
1.0154320001602173
1.025511384010315
0.9961915016174316
0.9819696545600891
0.9763184785842896
0.9630977511405945
0.9534237384796143
0.9858886003494263
0.9607446193695068
0.9606726169586182
0.934090793132782
0.9183696508407593
0.9364979863166809
0.9182321429252625
0.9398939609527588
0.9173204302787781
0.9313846230506897
0.921329915523529
0.9362476468086243
0.9218295812606812
0.9172462224960327
0.9047485589981079
0.9142031669616699
0.9144555926322937
0.9134241938591003
0.9236411452293396
0.9001280069351196
0.8994724154472351
0.7150064706802368
0.5484921336174011
0.5019718408584595
0.5272178649902344
1.1316832304000854
1.1480491161346436
1.1414737701416016
1.1453769207000732
1.1709197759628296
0
0
0
0
0
0
0
0
0
0
0
0
0
0
0
2.9064688682556152
3.113049030303955
3.1258692741394043
3.1196186542510986
3.1417317390441895
3.157628297805786
3.1456801891326904
3.1675477027893066
3.1695632934570312
3.164717674255371
3.1958861351013184
3.206785202026367
3.23940110206604
3.239057779312134
3.2631032466888428
3.273573875427246
3.23644757270813
3.0709502696990967
2.907622814178467
0
0
0
0
0
0
0
0
0
0
0
0
0
0
0
0
0
0
2.2750275135040283
0
0
0
0
0
0
0
0
0
0
0
0
0
3.1134471893310547
3.3777964115142822
3.343878984451294
3.3290228843688965
3.3172266483306885
3.335270643234253
3.3069467544555664
3.3064541816711426
3.2833480834960938
3.301332473754883
3.294013738632202
3.2778666019439697
3.3044753074645996
3.2955148220062256
3.2937662601470947
3.3188486099243164
3.2839927673339844
0
3.0998594760894775
3.266301393508911
3.264979839324951
3.262810468673706
3.2846992015838623
3.2949252128601074
3.304548501968384
3.308547019958496
1.6473852396011353
1.7446565628051758
1.9045443534851074
2.0173499584198
2.017822265625
2.008424758911133
2.019684076309204
1.9959267377853394
2.0150561332702637
1.9921908378601074
2.00510311126709
1.9876432418823242
1.9847571849822998
1.9798613786697388
1.9902589321136475
2.013770341873169
1.981928825378418
1.9906325340270996
1.9788317680358887
2.0114917755126953
2.0141854286193848
2.014740467071533
2.016986131668091
0.8479617834091187
0.8245365619659424
0.809106707572937
0.810295045375824
0.7798575758934021
0.7701262831687927
0.7488414645195007
0.728892982006073
0.7395593523979187
0.7279191613197327
0.6958860158920288
0.6869255900382996
0.6825347542762756
0.6637153029441833
0.6766226291656494
0.6296143531799316
0.6684038043022156
0.6376389265060425
0.6289278864860535
0.6167702078819275
0.6058450937271118
0.6010892987251282
0.5981865525245667
0.5947935581207275
0.5721980929374695
0.592330276966095
0.5700538158416748
0.5704690217971802
0.5669015049934387
0.5754901766777039
0.569254457950592
0.5739381909370422
0.6053517460823059
0.6272420883178711
0.6926016807556152
0.7052223682403564
0.7610784769058228
0.7996410131454468
0.8338141441345215
0.9040620923042297
0.9837408065795898
0
0
0
0
0
0.45617368817329407
0.46840399503707886
0.4546476900577545
0.6055526733398438
0.8490386009216309
0.8552917838096619
0.8488743901252747
0.8662926554679871
0.8660745024681091
0.8463339805603027
0.8597965240478516
0.8663146495819092
0.8528947830200195
0.8657323718070984
0.8616918921470642
0.8556008338928223
0.8696465492248535
0.8497772812843323
0.862036943435669
0.8728113174438477
0.8776773810386658
0.8812249302864075
0.8878797888755798
0.8989110589027405
0.910306990146637
0.8964844346046448
0.910997211933136
0.914170503616333
0.9273119568824768
0.9332805275917053
0.9346787333488464
0.9474289417266846
0.9416268467903137
0.944595456123352
0.9933144450187683
0.9754636883735657
0.9954259991645813
0.9881859421730042
1.0120062828063965
1.0268439054489136
1.029952049255371
1.0564464330673218
1.0639281272888184
1.0713388919830322
1.0841774940490723
1.1074035167694092
1.126362919807434
1.1551789045333862
1.1613503694534302
1.1736088991165161
1.1890573501586914
1.1914268732070923
1.1843205690383911
1.163940191268921
1.1406432390213013
1.1320488452911377
1.103806972503662
1.0904648303985596
1.0717912912368774
1.0536363124847412
1.0257805585861206
1.0231479406356812
1.0298908948898315
1.0047343969345093
1.0009552240371704
0.9776177406311035
0.9847487807273865
0.9635797739028931
1.1177932024002075
1.1145479679107666
