1.118569254875183
1.1232792139053345
1.1346113681793213
1.165976643562317
1.1715693473815918
1.1718086004257202
1.188241720199585
1.201733946800232
1.2321029901504517
1.2306437492370605
1.266262173652649
1.2593557834625244
1.291020393371582
1.246559500694275
1.2112066745758057
1.2178317308425903
1.1951911449432373
1.173983097076416
1.1643925905227661
1.1300499439239502
1.1131110191345215
1.0819388628005981
1.0717915296554565
1.0793423652648926
1.0367406606674194
1.0283087491989136
1.0145050287246704
0
0
0
0
0
0
0
0
0
0
0
0
0
0
0
0
0
0
0
0
0
0
0
0
0
0
0
0
0
0
0
0
0
0
0
0
0
0
0
0
2.8956496715545654
2.816936731338501
2.7492687702178955
2.6512959003448486
2.662075996398926
2.700744390487671
2.726323366165161
2.763979434967041
2.7913732528686523
2.8241546154022217
2.8931725025177
2.9273433685302734
2.769958257675171
2.7401413917541504
2.6904103755950928
2.6315181255340576
2.598867654800415
2.575575828552246
3.2266242504119873
3.2917468547821045
3.3702139854431152
3.451629638671875
3.493288993835449
3.436422824859619
3.4416816234588623
3.36503529548645
3.3389623165130615
3.306607961654663
0
0
0
0
2.0808560848236084
2.0774993896484375
2.060419797897339
2.0435521602630615
2.0285770893096924
2.0233349800109863
2.015913486480713
1.9940104484558105
1.9875627756118774
1.973497986793518
1.9551172256469727
2.096543788909912
1.8789482116699219
1.9523495435714722
2.132082939147949
2.309229612350464
2.309053897857666
2.300243616104126
2.3067681789398193
2.277524471282959
2.2995009422302246
2.283902883529663
2.283719301223755
2.2888681888580322
2.280241012573242
2.2686047554016113
2.2699167728424072
0
0
0
0
0
0
0
0
0
0
0
0
0
0
0
0
0
0
0
0
0
0
0
0
0
0
0
0
3.483823299407959
0
0
0
0
0
0
3.4861958026885986
3.3751578330993652
2.7284364700317383
2.7826201915740967
2.6331684589385986
2.6724765300750732
2.7107131481170654
2.7587335109710693
2.8168113231658936
2.8415110111236572
2.8711984157562256
2.819946527481079
2.7761435508728027
2.7298660278320312
2.703998565673828
2.6507158279418945
2.6045475006103516
2.597914457321167
2.563601493835449
2.514465093612671
2.023232936859131
2.0353288650512695
2.1127099990844727
2.1783361434936523
2.2315266132354736
2.3000121116638184
3.0575501918792725
0.8632960915565491
0.8336994051933289
0.861122190952301
2.9541523456573486
2.934873104095459
2.9166808128356934
2.896143913269043
2.893043041229248
2.8492202758789062
2.837074041366577
2.8270153999328613
2.821831703186035
2.8032279014587402
2.7806811332702637
2.76413631439209
2.7426135540008545
2.7664601802825928
2.7411537170410156
2.736485481262207
2.7393102645874023
2.7370340824127197
2.7077698707580566
2.7139856815338135
2.69895601272583
2.7009921073913574
2.699430465698242
2.711200475692749
2.6957569122314453
2.6880733966827393
2.7062177658081055
2.6930110454559326
0
3.4710702896118164
2.9283225536346436
2.73891282081604
2.7396647930145264
2.7431252002716064
2.7754220962524414
2.7668023109436035
2.791415214538574
2.7754454612731934
2.802290201187134
2.805182933807373
2.842499017715454
2.8261406421661377
2.874114990234375
2.893136739730835
2.8892698287963867
2.9100654125213623
2.942546844482422
2.96958589553833
2.9807512760162354
3.0065131187438965
3.029545545578003
3.0444042682647705
3.079864501953125
3.114558696746826
3.1399965286254883
3.1676735877990723
3.2302706241607666
3.2615575790405273
3.283677101135254
3.3279407024383545
3.373574733734131
3.4121437072753906
3.4700419902801514
0
0
0
0
0
0
0
1.7517340183258057
1.688491702079773
1.5978457927703857
1.5617221593856812
1.4985228776931763
1.4587706327438354
1.917474627494812
1.9382656812667847
1.9509341716766357
1.9676092863082886
1.9919859170913696
2.0212607383728027
2.0464625358581543
2.05387544631958
2.095259428024292
2.1109697818756104
2.1523964405059814
2.178058385848999
2.20849347114563
2.2474172115325928
2.284303903579712
2.2775657176971436
2.2355237007141113
2.205054759979248
2.165227174758911
2.124872922897339
2.0690200328826904
2.061112403869629
2.0341856479644775
0
0
0
0
0
0
0
0
0
2.619267702102661
2.6118335723876953
2.604238748550415
2.608626365661621
2.5918052196502686
2.61765193939209
2.6073529720306396
2.61286997795105
2.6221022605895996
0
0
3.1089463233947754
2.5850720405578613
2.273636817932129
2.1127877235412598
2.1347298622131348
2.133098602294922
2.143705368041992
2.149336338043213
2.143017053604126
2.165034532546997
2.170017957687378
2.1655259132385254
2.1930246353149414
0
0
0.5890582799911499
0.5765691995620728
0.6868405342102051
0.9297203421592712
0.9803106188774109
0.9857386350631714
0.9815312623977661
0.9688689112663269
1.0077993869781494
0.994910717010498
0.9776469469070435
0.9764848351478577
0.9759849905967712
0.9910745620727539
1.0046803951263428
0.9838643074035645
0.9893001914024353
1.0162159204483032
1.0023621320724487
0.9789447784423828
1.0055605173110962
1.012446641921997
1.0514487028121948
1.0398554801940918
1.0439448356628418
1.0385295152664185
1.0431458950042725
1.0765718221664429
1.0536283254623413
1.0687873363494873
1.069433331489563
1.070056676864624
1.1113883256912231
1.1056678295135498
1.0957120656967163
