0.5046140551567078
0.4860246181488037
0.4898087680339813
0.49168869853019714
0.4665345847606659
0.4671722650527954
0.4800041615962982
0.4765436053276062
0.48748233914375305
0.44523724913597107
0.47754549980163574
0.4728197455406189
0.46215349435806274
0.47350990772247314
0.4671904742717743
0.48372429609298706
0.48229095339775085
0.4739488363265991
0.4890933036804199
0.48954397439956665
0.5188824534416199
0.48885858058929443
0.5248656868934631
0.5287928581237793
0.5375410914421082
0.5770350694656372
0
0
0
0
0
0
0
2.6312003135681152
2.582895517349243
2.5667028427124023
2.5526981353759766
2.5766067504882812
2.6069722175598145
2.7012062072753906
0
0
0
0
0
0
0
0
0
0
0
0
0
0
0
0
0
0
0
0
0
0
0
0
0
0
0
0
3.451061248779297
0
0
1.6997532844543457
1.6689611673355103
1.6468720436096191
1.648946762084961
1.6409428119659424
1.6370060443878174
1.6458368301391602
1.6686549186706543
1.684983253479004
1.712058663368225
0
0
0
0
0
0
0
0
0
0
0
0
0
0
0
0
0
0
0
0
0
0
1.667029619216919
1.5993597507476807
1.5609862804412842
1.5558935403823853
1.5526844263076782
1.5345782041549683
1.5434534549713135
1.5737941265106201
1.5657609701156616
1.5896055698394775
1.639102816581726
0
0
0
0
0
0
0
0
0
0
0
0
0
0
0
0
0
0
0.4737730920314789
0.46397799253463745
0.42166513204574585
0.45160341262817383
0.4170567989349365
0.40572044253349304
0.3829937279224396
0.3831081986427307
0.40470394492149353
0.3914610743522644
0.3835735023021698
0.3858393430709839
0.3906254172325134
0.38914695382118225
0.3763951063156128
0.372981458902359
0.38877636194229126
0.3804536461830139
0.3780592679977417
0.3915644586086273
0.3893515467643738
0.3760899603366852
0.40059858560562134
0.39203405380249023
0.373047411441803
0.3942074477672577
0.39676305651664734
0.39120590686798096
0.4092438220977783
0.4193412959575653
0.41815459728240967
0.44079700112342834
0.465227335691452
0.5104593634605408
1.5922737121582031
1.5821884870529175
1.6181102991104126
1.605446696281433
1.6269029378890991
1.6962063312530518
2.4706733226776123
2.485476016998291
2.4933087825775146
2.581606388092041
0
0
0
0
0
0
0
0
0
0
0
0
0
0
0
0
0
0
0
0
0
2.6641385555267334
2.6123578548431396
2.5960593223571777
2.5945794582366943
2.6117451190948486
2.6446094512939453
0
0
0
0
0
0
1.7586491107940674
1.7082422971725464
1.6795414686203003
1.6852519512176514
1.6906111240386963
1.6753689050674438
1.70244562625885
1.717710018157959
1.7322657108306885
1.7830042839050293
0
0
0
0
0
0
0
0
0
0
0
0
0
0
0
0
0
0
0
0
0
2.9357337951660156
1.1326754093170166
1.0988739728927612
1.058107852935791
1.0542813539505005
1.0348002910614014
1.0127311944961548
1.0452405214309692
1.0283830165863037
1.015761137008667
1.028307557106018
1.0319868326187134
1.031737208366394
1.0543900728225708
1.0563218593597412
1.1013120412826538
1.1309186220169067
0
0
0
0
0
0
0
0
0
0
0
0
0
0
0
0
0
3.0900802612304688
2.983353614807129
2.9591028690338135
2.9422569274902344
1.5977730751037598
1.5826261043548584
1.5545315742492676
1.5619637966156006
1.546582579612732
1.5307612419128418
1.5543949604034424
1.5696141719818115
1.5753482580184937
1.6265943050384521
0
0
0
0
0
0
0
0
0
0
0
0
0
0
0
0
0
0
0
0
0
0
0
0
0
0
0
0
0
3.115708827972412
3.064656972885132
3.0251119136810303
3.0416550636291504
3.047517776489258
3.1002917289733887
0
0
0
0
0
0
0
0
0
0
0
0
2.4228615760803223
2.388546943664551
2.3592090606689453
2.355365037918091
2.36198353767395
2.368265390396118
2.399475336074829
2.4609344005584717
0
0
0
0
0
0
0
0
0
0
0
0
0.5822542309761047
0.5507011413574219
0.5397887229919434
0.515788197517395
0.5137507319450378
