0
1.7835438251495361
1.7022180557250977
1.694537878036499
1.6568576097488403
1.653440237045288
1.658347487449646
1.6573237180709839
1.6697344779968262
1.659010887145996
1.7112536430358887
1.7463445663452148
3.3460683822631836
3.3391940593719482
3.3322525024414062
3.362224817276001
0
0
0
0
0
0
0
0
0
0
0
0
0
0
0
0
0
0
0
0
0
0
0
0
0.894246518611908
0.8596984148025513
0.8491362929344177
0.8235337734222412
0.8092283010482788
0.8213540315628052
0.7922991514205933
0.8013438582420349
0.7901086211204529
0.8078011870384216
0.7956136465072632
0.804797351360321
0.801806628704071
0.811091959476471
0.8092390298843384
0.837767481803894
0.8675528764724731
0.8635278940200806
0.894171953201294
2.2340614795684814
2.1948728561401367
2.17283034324646
2.155975341796875
2.112514019012451
2.0885233879089355
2.0670053958892822
2.0452356338500977
2.0156829357147217
1.9924590587615967
1.976885199546814
1.9645377397537231
1.9321743249893188
1.926123857498169
1.9057495594024658
1.9031280279159546
1.875951886177063
1.8576514720916748
1.853110671043396
1.8303502798080444
1.8238931894302368
1.8153079748153687
1.7971910238265991
1.7727969884872437
1.8007522821426392
1.7598650455474854
1.7675012350082397
1.7593122720718384
1.8393723964691162
1.9919726848602295
2.624089002609253
2.5122568607330322
2.388129711151123
2.277719497680664
2.1654863357543945
2.098210096359253
2.0272343158721924
1.9325464963912964
1.8754422664642334
1.8185925483703613
1.7493438720703125
1.69529128074646
1.636599063873291
1.604222059249878
1.5461037158966064
1.503226399421692
1.4784878492355347
1.4401779174804688
1.3996068239212036
1.3745495080947876
1.3456087112426758
1.315929889678955
1.2789077758789062
1.256369709968567
1.2365163564682007
1.2164905071258545
1.1773338317871094
1.1543768644332886
1.1545137166976929
1.1457949876785278
1.1318845748901367
1.0916517972946167
1.0794293880462646
1.070631504058838
1.0606492757797241
1.0310933589935303
1.0121259689331055
1.0145689249038696
1.0136576890945435
0.9801586270332336
0.9861476421356201
0.9653900861740112
0.9700844287872314
0.954667329788208
0.9509043097496033
0.9369339942932129
0.9244011640548706
0.900481104850769
0.8992345929145813
0.9068249464035034
0.9153537750244141
0.8835450410842896
0.8985708355903625
0.8699432015419006
0.8867860436439514
0.8696591854095459
0.8808450698852539
0.8570060133934021
0.8672404289245605
0.8700352311134338
0.8704310059547424
0.8588679432868958
0.8383803367614746
0.8390663266181946
0.8359394669532776
0.8465752005577087
0.8465625047683716
0.8315989375114441
0.8248781561851501
0.8390207290649414
0.8283106088638306
0.8617383241653442
0.825086236000061
0.8140897154808044
0.8311173319816589
0.8486228585243225
0.8493456244468689
0.8423216342926025
0.8385483026504517
0.8397473692893982
0.8516461253166199
0.849335253238678
0.8643486499786377
0.856390118598938
0.8750744462013245
0.8760115504264832
0.8680900931358337
0.8671875
0.8739586472511292
0.8826808929443359
0.8814993500709534
0.8849092721939087
0.8841601610183716
0.9055845141410828
0.9162599444389343
0.9095158576965332
0.9364088177680969
0.9382358193397522
0.9318256974220276
0.9499810934066772
0.9375734329223633
0.9679520726203918
0.9769573211669922
1.0081144571304321
0.9859423041343689
1.0054535865783691
1.0198116302490234
0
0
0
0
0
0
0
0
0
0
0
0
0
0
0
0
0
0
0
0
0
0
0
0
0
0
0
0
0
0
0
0
0
0
0
0
0
0
0
0
0
0
0
0
1.0073906183242798
0.9754372239112854
0.9369266033172607
0.9103635549545288
0.9482525587081909
0.9179578423500061
0.8956588506698608
0.8986248970031738
0.8879100680351257
0.911426305770874
0.9328164458274841
0.9135717749595642
0.9418963193893433
0.9221138954162598
0.9416165351867676
0.9508243799209595
1.0000593662261963
0
0
0
0
0
0
0
0
0
0
0
2.8814828395843506
2.812894105911255
2.804919481277466
2.7983205318450928
2.8304429054260254
2.8824236392974854
0
0
0
0
0
0
0
0
0
0
0
0
0
0
0
0
0
0
0
0
0
0
0
0
1.618799090385437
1.5819768905639648
1.5825893878936768
1.5746837854385376
1.5512757301330566
1.5510390996932983
1.5584847927093506
1.5784294605255127
1.6069291830062866
1.6280280351638794
0
0
0
0
0
0
0
0
0
0
0
0
0
0
0
0
0
0
0
0
0
0
0
2.019810438156128
1.9729344844818115
1.9482611417770386
1.956018328666687
1.9519692659378052
1.953537106513977
1.9713178873062134
1.9965074062347412
2.0453381538391113
0
0
0
0
0
0
0
0
0
0
0
0
0
0
0
0
0
0
0
0
