3.063122034072876
3.1128506660461426
3.1913042068481445
0
2.1104063987731934
2.0617446899414062
2.028573989868164
2.025021553039551
2.012953758239746
2.0193395614624023
2.052624464035034
2.059023141860962
2.1512982845306396
0
0
0
0
0
0
0
0
0
0
0
0
0
0
0
0
0
0
0
0
0
3.092902660369873
3.0406622886657715
3.0423901081085205
3.0506772994995117
3.075148820877075
0
0
0
0
0
0
1.2612935304641724
1.2193129062652588
1.206071376800537
1.1915029287338257
1.1835564374923706
1.1724554300308228
1.1859130859375
1.1787506341934204
1.1798895597457886
1.1889572143554688
1.192827820777893
1.21548330783844
1.2392765283584595
1.2938365936279297
0
0
0
3.493069887161255
3.4478421211242676
3.452346086502075
3.4678211212158203
0
0
0
0
0
0
0
0
0
0
0
0
0
0
0
0
0
0
0
0
0
0
0
0
0
0
0
0
0
0
0
0
0
0
0
0
0
0
0.9606128334999084
0.90791255235672
0.8892104625701904
0.8841185569763184
0.8651977777481079
0.8391926288604736
0.8368402123451233
0.8414283394813538
0.8215413689613342
0.8252788186073303
0.8413008451461792
0.8453120589256287
0.8530909419059753
0.8463992476463318
0.8513014912605286
0.8524848818778992
0.8880777955055237
0.9116553068161011
0.9413135051727295
0
0
0
0
0
0
0
0
0
0
0
0
0
0
0
0
0
0
0
0
0
0
0
0
0
0
0
0
0
0
0
0
0
0
0
0
0
0
0
0
0
0
0
0
0
0
0
0
0
0
0
0
0
0
0
0
0
0
0
0
0
0
0
0
0
0
0
0
0
0
0
0
0
0
0
0
0
0
0
0
0
0
0
0
0
0
0
0
0
0
0
0
0
0
0
0
0
0
0
0
0
0
0
0
0
0
0
0
0
0
0
0
0
2.1394448280334473
2.0641329288482666
2.019124746322632
2.0008671283721924
2.0113749504089355
2.023358106613159
2.0251951217651367
2.048626184463501
2.116326332092285
0
0
0
0
0
0
0
0
0
0
0
0
0
0
0
0
0
0
0
0.6813397407531738
0.6432710886001587
0.6327365040779114
0.6214451789855957
0.5767768621444702
0.5819038152694702
0.5887882709503174
0.5890460014343262
0.5706058144569397
0.5792444348335266
0.5650648474693298
0.5574865341186523
0.5683156251907349
0.5765331387519836
0.5638573169708252
0.5841546058654785
0.5566667318344116
0.5440778732299805
0.5807540416717529
0.5855020880699158
0.5836882591247559
0.608576238155365
0.6176890134811401
0.6151152849197388
0.6421083211898804
0.6928647756576538
2.1903865337371826
2.185910224914551
2.2121236324310303
2.2443034648895264
0
0
0
0
0
0
0
0
0
0
0
0
0
0
0
0
0
0
0
0
0
0
0
0
0
2.2792022228240967
2.2249224185943604
2.207885980606079
2.186333656311035
2.1738946437835693
2.191047191619873
2.22092342376709
2.2460501194000244
3.3731682300567627
3.359607219696045
3.326486587524414
3.327413558959961
3.347118616104126
3.4580647945404053
0
0
0
0
0
0
0
0
0
0
0
0
0
0
0
0
0
0
0
0
0
0
0
3.114006757736206
3.0794520378112793
3.051431179046631
3.075385093688965
