0
0
0
0
2.724963903427124
2.6597213745117188
2.6416192054748535
2.610431432723999
2.631014823913574
2.623013496398926
2.687492847442627
0
0
0
0
0
0
0
0
0
0
0
0
0
0
0
0
0
2.21502685546875
2.151317834854126
2.125718832015991
2.1394786834716797
2.090747117996216
2.1138558387756348
2.1433169841766357
2.1542410850524902
2.2279603481292725
0
0
0
0
0
0
0
0
0
0
0
0
0
0
1.3229202032089233
1.2788842916488647
1.2603485584259033
1.2380900382995605
1.2342560291290283
1.2523008584976196
1.2499449253082275
1.2477428913116455
1.2326301336288452
1.2372037172317505
1.2611923217773438
1.275812029838562
1.3465361595153809
0
0
0
0
0
0
0
0
0
2.928295850753784
2.914121389389038
2.904578447341919
2.9050731658935547
2.9041755199432373
2.9813928604125977
0
0
0
0
0
0
0
0
0
0
0
0
0
0
0
0
0
0
2.854879856109619
2.8535048961639404
2.8235023021698
1.0604475736618042
1.0229448080062866
1.0102077722549438
1.0149526596069336
0.9958617687225342
0.98317551612854
1.0009714365005493
0.977136492729187
0.9824370741844177
0.9835951924324036
0.9858900904655457
1.0026179552078247
1.0432931184768677
1.019443392753601
1.062608242034912
1.1054009199142456
0
0
0
0
0
0
0
3.4439735412597656
3.4015777111053467
3.393728733062744
3.377011775970459
3.4435317516326904
0
0
0
0
0
0
0
0
0
0
0
0
0
0
0
1.8006007671356201
1.7440491914749146
1.7296618223190308
1.7023749351501465
1.703742504119873
1.706011176109314
1.6908692121505737
1.7140685319900513
1.7399935722351074
1.7806800603866577
0
0
0
0
0
0
2.847372055053711
2.7401726245880127
2.70923113822937
2.6978647708892822
2.6980247497558594
2.7404749393463135
2.809957504272461
0
0
0
0
0
0
0
0
0
0
0
0
0
0
0
0
0
0
0
0
0
0
0
0
0
0
0
0
0
0
0
0
0
0
0
0
0
0
0
2.189406156539917
2.1388332843780518
2.1032259464263916
2.0872085094451904
2.0660979747772217
2.0641093254089355
2.1106748580932617
2.1516289710998535
0
3.1272776126861572
3.035839796066284
3.007237195968628
2.9994404315948486
3.0139243602752686
3.0725362300872803
0
0
0
0
0
0
0
0
0
0
0
0
0
0
0
0
1.1204553842544556
1.0747082233428955
1.0678536891937256
1.0498336553573608
1.0623844861984253
1.0532646179199219
1.0318090915679932
1.0477802753448486
1.0521069765090942
1.0641659498214722
1.0461827516555786
1.0606087446212769
1.0746023654937744
1.101443886756897
1.1151072978973389
2.8225066661834717
2.8075320720672607
2.8568003177642822
2.9289793968200684
0
0
0
0
0
0
0
0
0
0
0
0
0
0
0
0
0
0
2.681567668914795
2.6207804679870605
2.596977472305298
2.5948853492736816
2.588573932647705
2.6047780513763428
2.6419081687927246
0
1.0608314275741577
1.0192874670028687
0.9829890727996826
0.949757993221283
0.9359597563743591
0.944856584072113
0.9497460722923279
0.9335105419158936
0.9318554997444153
0.9330073595046997
0.9266483783721924
0.9381689429283142
0.9406366944313049
0.962116539478302
0.9541658759117126
0.9746981263160706
1.0013747215270996
3.0526187419891357
3.036635637283325
2.9984896183013916
3.0331761837005615
3.0465505123138428
0
0
0
0
0
0
0
0
0
0
0
0
0
0
0
0
1.6695964336395264
1.63217031955719
1.6227936744689941
1.6042948961257935
1.6131494045257568
1.6103755235671997
1.6310498714447021
1.622939109802246
1.6363770961761475
1.6687315702438354
0
0
0
0
0
0
0
0
0
2.4928934574127197
2.495283365249634
2.4122560024261475
2.4388315677642822
2.438748359680176
2.4401326179504395
2.4882678985595703
0
0
0
0
0
0
0
0
0
0
0
0
0
0
0
