0
0
0
0
0
0
0
0
0
0
0
0
0
0
0
0
0
0
0
0
0
0
0
0
0
0
0
0
0
0
0
0
0
0
0
0
0
0
0
0
0
0
0
0
0
0
0
0
0
0
0
0
0
0
0
0
0
0
0
0
0
0
0
0
0
0
0
0
0
0
0
0
0
0
0
0
1.2575550079345703
1.2234523296356201
1.2159464359283447
1.2145394086837769
1.1805068254470825
1.1813839673995972
1.1810226440429688
1.1884820461273193
1.1854327917099
1.1790987253189087
1.1957197189331055
1.210417628288269
1.2616125345230103
1.3046069145202637
0
0
0
0
0
0
0
0
0
3.3108205795288086
3.246284246444702
3.2392306327819824
3.2373838424682617
3.269721508026123
3.3514769077301025
0
0
0
0
0
0
0
0
0
0
0
0
0
0
0
0
0
0
0
0
0
0
0
0
0
0
0
2.590646266937256
2.526634693145752
2.4993462562561035
2.491663932800293
2.5069258213043213
2.529203414916992
2.571525812149048
0
0
0
0
0
0
0
0
0
0
0
0
0
0
0
0
0
0
0
0
0
0
0
0
2.796980857849121
2.7239952087402344
2.709105968475342
0.7076030969619751
0.6975067257881165
0.6626634001731873
0.6575400233268738
0.6719684600830078
0.6457656025886536
0.6469598412513733
0.6455314755439758
0.6070611476898193
0.6246628165245056
0.6134200096130371
0.649979829788208
0.636157751083374
0.6296296715736389
0.6356738805770874
0.6550724506378174
0.6488054394721985
0.6548935174942017
0.6656457185745239
0.6919907927513123
0.6797826290130615
0.6903043389320374
0.7447158098220825
1.8309307098388672
1.8323355913162231
1.8867425918579102
0
0
0
0
0
0
2.788851737976074
2.7332406044006348
2.7379207611083984
2.7369110584259033
2.748670816421509
2.80561900138855
0
0
0
0
0
0
0
0
0
0
0
0
0
0
0
0
0
0
0
0
0
0
2.4061455726623535
2.333735942840576
2.314513921737671
2.307537317276001
2.276569128036499
2.2933859825134277
2.3270423412323
2.3882415294647217
0
0
0
0
0
0
0
0
0
0
0
0
0
0
0
0
0
0
0
3.4331986904144287
3.3838887214660645
3.3480067253112793
3.3785228729248047
3.4250032901763916
0
0
0
0
0
0
0
0
0
0
0
0
0
0
0
0
1.3857121467590332
1.3526326417922974
1.3581839799880981
1.3299113512039185
1.3252912759780884
1.3061871528625488
1.3217977285385132
1.3091093301773071
1.3253451585769653
1.3601946830749512
1.3560945987701416
1.4063093662261963
0
0
0
0
0
0
0
0
0
0
0
0
0
0
0
0
0
0
0
0
0
0
0
0
0
0
0
0
0
0
0
0
0
0
0
0
0
0
0
0
0
0
0
0
0
0
0
0
0
0
0
0
0
0
0
0
0
0
0
0
0
0
0
0
0
0
0
0
0
0
0
0
0
0
