0
0
0
0
0
0
0
0
0
0
0
0
0
0
0
1.739898681640625
1.7192676067352295
1.6900514364242554
1.677801251411438
1.6830201148986816
1.6811683177947998
1.6861839294433594
1.684305191040039
1.7227975130081177
1.7637932300567627
0
0
2.2460086345672607
2.1954843997955322
2.190460443496704
2.1765801906585693
2.1642346382141113
2.1676809787750244
1.6520174741744995
1.613877773284912
1.5919737815856934
1.6042653322219849
1.5737013816833496
1.5849299430847168
1.5714449882507324
1.612696647644043
1.6166845560073853
1.661711573600769
0
0
0
0
0
0
0
0
0
0
0
0
0
0
0
0
0
0
0
0
0
0
0
0
0
0
0
0
0
0
0
0
0
0
0
0
0
0
0
0
0
0
0
0
0
2.043025016784668
1.9986099004745483
1.9540178775787354
1.9433200359344482
1.9391134977340698
1.9512262344360352
1.9396299123764038
1.96531343460083
1.550205111503601
1.4791808128356934
1.481969952583313
1.4422565698623657
1.4314383268356323
1.4214340448379517
1.4382041692733765
1.445088505744934
1.4450571537017822
1.4615137577056885
1.50563383102417
1.5403884649276733
1.9738023281097412
1.9928609132766724
2.049835205078125
2.091395854949951
0
0
0
0
1.6522793769836426
1.627068281173706
1.6071887016296387
1.6196619272232056
1.5887125730514526
1.5991477966308594
1.5970858335494995
1.6293952465057373
1.6370031833648682
1.6701635122299194
0
0
0
0
0
0
0
0
0
0
0
0
0
3.377877950668335
3.192382574081421
3.011335611343384
2.8834068775177
2.767780065536499
2.6474924087524414
2.661360263824463
2.6618616580963135
2.698686361312866
2.725348472595215
2.758836507797241
2.789515495300293
2.8247318267822266
0
2.1225175857543945
2.0732710361480713
2.0145726203918457
1.9650992155075073
1.9056071043014526
1.8619654178619385
1.8080270290374756
1.7705812454223633
1.7297691106796265
1.6925499439239502
1.6625884771347046
1.6415530443191528
1.6031802892684937
1.5729957818984985
1.527671217918396
1.5209540128707886
1.516952395439148
1.4695738554000854
1.435193419456482
1.464395523071289
1.4850258827209473
1.5076360702514648
1.580399990081787
1.5922400951385498
1.6264559030532837
1.6650209426879883
1.6983718872070312
1.7624177932739258
0
0
0
0
0
0
0
0
0
0
0
0
0
0
0
0
0
1.3237807750701904
1.2619458436965942
1.2464035749435425
1.219796061515808
1.2022192478179932
1.2147929668426514
1.199655532836914
1.1924939155578613
1.2209638357162476
1.2212588787078857
1.2221755981445312
1.2380386590957642
1.2749724388122559
1.3347253799438477
0
0
0
0
0
0
1.5264463424682617
1.4589385986328125
1.424182653427124
1.426853060722351
1.4032199382781982
1.4076436758041382
1.4119185209274292
0.9761030673980713
0.9378066062927246
0.9415254592895508
0.9119774699211121
0.8922568559646606
0.9124252200126648
0.9042739868164062
0.8778891563415527
0.888771653175354
0.8770979046821594
0.8896111249923706
0.9142343401908875
0.9166304469108582
0.9254743456840515
0.9505913853645325
0.9593957662582397
0.970531165599823
3.0197112560272217
3.061049461364746
0
0
0
3.259521007537842
3.1630501747131348
3.1429357528686523
3.133577346801758
3.1783511638641357
3.242602586746216
0
0
0
0
0
0
0
0
0
0
0
0
0
0
0
0
0
0
0
0
0
0
0
2.211238384246826
2.1407082080841064
2.1530306339263916
2.129730224609375
2.1213150024414062
2.154156446456909
2.1568174362182617
1.7115389108657837
1.6445380449295044
1.6184899806976318
1.6031383275985718
1.60474693775177
1.6119568347930908
1.588407039642334
1.611334204673767
1.6487939357757568
1.668130874633789
2.2130775451660156
2.2219414710998535
2.2455832958221436
2.2879385948181152
0
0
0
0
0
0
0
0
0
0
0
0
0
0
0
0
0
0
0
0
0
0
0
0
0
0
0
0
0
0
0
0
0
0
2.7393667697906494
2.7107467651367188
2.6913681030273438
2.6735990047454834
2.6837563514709473
2.7001020908355713
2.7740490436553955
2.3815786838531494
2.3326261043548584
2.2960972785949707
2.285813331604004
2.2725419998168945
2.2920563220977783
2.3296091556549072
2.361027479171753
2.8565969467163086
2.8760826587677
2.912132740020752
0
0
0
0
0
0
0
0
0
0
0
