0
0
0
0
0
0
1.9035357236862183
0
0
0
0
0
0
0
0
0
0
0
0
0
0
0
0
0
0
0
0
0
0
0
0
0
0
0
0
0
0
0
0
0
0
0
0
0
0
0
0
0
0
0
0
0
0
0
0
0
0
0
0
0
0
2.246527671813965
2.1904871463775635
2.1617965698242188
2.177475690841675
2.176711320877075
2.16827392578125
2.2060952186584473
2.246093988418579
0
0
0
0
0
0
0
0
0
0
0
3.371140718460083
3.342373847961426
3.339621067047119
3.367955446243286
3.4085869789123535
0
0
0
0
0
0
0
0
0
0
0
0
0
0
0
0
0
0
0
0
0
0
0
0
0
0
0
0
0.9979961514472961
0.9957500100135803
0.9867749214172363
3.399278163909912
3.406395435333252
3.4751713275909424
0
0
0
0
0
0
0
0
0
0
0
0
0
0
0
0
0
0
0
0
0
0
0
0
0
0
0
2.843623161315918
2.8103208541870117
2.7985901832580566
2.7880208492279053
2.805548906326294
2.873244285583496
0
0
0
0
0
0
0
0
0
0
0
0
0
0
0
0
0
0
0
0
0
0
0
0
0
0
0
0
0
0
0
0
1.2641912698745728
1.2224186658859253
1.2009632587432861
1.18974769115448
1.1909730434417725
1.1780449151992798
1.1862313747406006
1.186465859413147
1.1624141931533813
1.1937220096588135
1.174686074256897
1.2210750579833984
1.2413898706436157
0
0
0
0
0
0
0
0
0
0
0
0
2.3696813583374023
0
0
0
0
0
0
0
0
0
0
0
0
0
0
0
0
0
0
0
0
0
0
0
3.1090335845947266
3.0245273113250732
3.012172222137451
3.00628399848938
3.0353543758392334
3.068047046661377
0
0
0
0
0
0
0
0
1.6405854225158691
1.5739728212356567
1.5515486001968384
1.5296834707260132
1.5074241161346436
1.5237202644348145
1.515737771987915
1.519943356513977
1.5332273244857788
1.5373215675354004
1.58599054813385
0
0
0
0
0
0
0
0.6725653409957886
0.6653936505317688
0.6351430416107178
0.6368091106414795
0.6173666715621948
0.6003254055976868
0.6120340824127197
0.6018958687782288
0.6154524683952332
0.582069456577301
0.5788717865943909
0.5921708941459656
0.5932387113571167
0.5881525278091431
0.6020743250846863
0.6019478440284729
0.6147741675376892
0.5952238440513611
0.6139616370201111
0.6029869318008423
0.6196202039718628
0.6383351683616638
0.652561604976654
0.679067850112915
0
0
0
0
0
0
0
0
0
0
0
0
0
2.8505361080169678
2.8057572841644287
2.781789779663086
2.7885382175445557
2.8052821159362793
2.8589346408843994
0
0
0
0
0
0
0
0
0
0
0
0
0
0
0
0
0
0
0
0
0
0
0
0
0
0
0
3.434329032897949
3.3458192348480225
3.3247108459472656
3.304938316345215
3.3462178707122803
3.382014036178589
0
0
0
0
0
0
0
0
0
0
0
0
0
0
0
0
0
0
0
