0
0
0
0
0
0
1.6266529560089111
1.5713064670562744
1.5657976865768433
1.5568671226501465
1.5422775745391846
1.5655479431152344
1.5716969966888428
1.5778875350952148
1.5967330932617188
1.6226191520690918
1.6878983974456787
2.132664918899536
2.154137134552002
2.175096035003662
2.2457032203674316
0
0
0
1.7809141874313354
1.7298980951309204
1.7054407596588135
1.688706398010254
1.6781445741653442
1.6731789112091064
1.682801365852356
1.6876373291015625
1.695466160774231
1.7479356527328491
0
0
0
0
0
0
0
0
0
0
0
0
0
0
0
0
0
0
0
0
0
0
0
0
0
0
0
0
3.4083030223846436
3.3081231117248535
3.2675485610961914
3.2572243213653564
3.268305540084839
3.346738338470459
0
0
0
0
0
0
0
0
0
0
0
0
0
0
0
0
0
0
0
0
0
0
0
0
0
0
0
0
0
0
2.4559078216552734
2.3888041973114014
2.384793519973755
2.370981454849243
2.3610336780548096
2.379549980163574
2.438762903213501
0
0
0
0
0
0
0
2.2805469036102295
2.2586939334869385
2.2407922744750977
2.2346668243408203
2.2319071292877197
2.2530744075775146
2.318795919418335
0
0
0
0
0
0
0
2.365053415298462
2.316751003265381
2.311101198196411
2.3016936779022217
2.2896037101745605
2.3463265895843506
2.3649628162384033
0
0
0
0
0
0
2.6994121074676514
2.676945924758911
2.661431074142456
2.6654117107391357
2.6635096073150635
2.748452663421631
0
0
0
0
3.037297010421753
3.001044511795044
3.005953550338745
3.011384963989258
3.0387210845947266
0
0
0
0.8000313639640808
0.7603815793991089
0.7442590594291687
0.7106879353523254
0.7224138379096985
0.7168930172920227
0.7185420989990234
0.6771292090415955
0.6749294400215149
0.7010054588317871
0.683847188949585
0.6970563530921936
0.6873058080673218
0.6878962516784668
0.682899534702301
0.6895582675933838
0.707828164100647
0.7222044467926025
0.7153823375701904
0.7243448495864868
0.7661178112030029
0.7701632380485535
0
0
0
0
0
1.4615283012390137
1.4155465364456177
0.4163081645965576
0.38390129804611206
0.3723694682121277
0.377724289894104
0.38076624274253845
0.35338249802589417
0.3550710082054138
0.3735148012638092
0.3574153482913971
0.34507861733436584
0.3388877213001251
0.3419426381587982
0.3648128807544708
0.3238925039768219
0.32861989736557007
0.33566024899482727
0.3342704474925995
0.3202398419380188
0.3256451487541199
0.33445030450820923
0.3392707109451294
0.32712212204933167
0.32005575299263
0.3212648630142212
0.33925729990005493
0.35232317447662354
0.34544646739959717
0.3548203408718109
0.3570214807987213
0.3481299579143524
0.3497181832790375
0.33909422159194946
0.3765925467014313
0.35181888937950134
0.3838678002357483
0.394307404756546
0.406573086977005
0.4439234733581543
0
0
0
0
0
0
0
0
0
0
0
0
0
0
0
2.3051042556762695
2.2503576278686523
2.2004334926605225
2.2026760578155518
2.1898889541625977
2.199755907058716
2.2322275638580322
2.270402193069458
0
0
0
0
0
2.535066843032837
2.499743938446045
2.4561004638671875
2.458857297897339
2.4755771160125732
2.4989089965820312
2.5514895915985107
0
0
0
0
0
0
0
0
0
0
0
0
0
0
0
0
0
0
0
0
0
0
0
0
0
2.0455188751220703
1.9873405694961548
1.95766019821167
1.9552074670791626
1.9499826431274414
1.9380347728729248
1.9649434089660645
1.563252329826355
1.5210398435592651
1.4830906391143799
1.4854530096054077
1.4580302238464355
1.4756280183792114
1.4646732807159424
1.4767119884490967
1.4879975318908691
1.4832382202148438
1.5331891775131226
1.5874005556106567
1.9399147033691406
1.918296217918396
1.8794804811477661
1.8874059915542603
1.878254771232605
1.8828693628311157
1.899389386177063
1.9126521348953247
1.9898154735565186
0
0
0
0
2.7176365852355957
2.6787326335906982
2.6489555835723877
2.608797788619995
2.555952548980713
2.5306432247161865
2.5106067657470703
3.1652491092681885
3.2406563758850098
3.3324599266052246
3.4038591384887695
3.4159767627716064
3.3836936950683594
3.3396048545837402
3.3025877475738525
3.2589972019195557
3.2410547733306885
0
0
0
0
0
0
0
0
0
0
0
0
0
0
0
0
0
0
0
0
0
0
0
0
0
0
0
