0.686865508556366
0.6465826630592346
0.6352638006210327
0.6312453150749207
0.64751136302948
0.6859022974967957
0.654268205165863
0.6579670906066895
0.6581335663795471
1.1452476978302002
1.1605110168457031
1.1663413047790527
1.1672070026397705
1.2029136419296265
1.207216501235962
1.2331839799880981
1.2358055114746094
1.2681351900100708
1.271573781967163
1.2827246189117432
1.3484638929367065
1.3670793771743774
1.3743623495101929
1.4057860374450684
1.4282225370407104
1.4450117349624634
1.4916114807128906
1.5141593217849731
1.5456490516662598
1.530394434928894
1.5027674436569214
1.4953237771987915
1.469541072845459
1.4781768321990967
1.454247236251831
1.4140383005142212
1.4217565059661865
1.4109959602355957
1.4123412370681763
1.383306860923767
1.3534706830978394
1.3434468507766724
0
0
0
0
0
0
0
0
0
3.0995073318481445
3.125145673751831
3.149366855621338
3.165231943130493
3.196504831314087
3.2157609462738037
3.232264757156372
3.2811577320098877
0
0
0
0
0
0
0
0
0
0
0
0
0
0
0
0
0
0
0
3.4556143283843994
3.4577555656433105
3.4589993953704834
3.486297369003296
3.484109878540039
0
0
0
0
0
0
0
1.4188822507858276
1.3664965629577637
1.3082304000854492
1.2662893533706665
1.2373732328414917
1.191617488861084
1.17411470413208
1.1186492443084717
1.091399073600769
1.0808193683624268
1.043919563293457
1.043734073638916
1.0628917217254639
1.052923560142517
1.0678213834762573
1.0838817358016968
1.11064875125885
0.9463493824005127
0.9380447864532471
0.9715257883071899
0.969953179359436
1.0101563930511475
1.02310311794281
1.0531020164489746
1.0890626907348633
1.1044116020202637
1.1085515022277832
1.1237088441848755
1.1793521642684937
1.20244562625885
1.2279890775680542
1.2427564859390259
1.2094435691833496
1.234625220298767
1.2123042345046997
1.175901174545288
1.16765558719635
1.1550894975662231
1.1801482439041138
1.1678495407104492
1.1321593523025513
1.1353554725646973
1.1275767087936401
1.1243717670440674
1.1236307621002197
1.1053948402404785
1.097338318824768
1.0956429243087769
1.0916539430618286
1.0775189399719238
1.081983208656311
1.068629503250122
1.0799190998077393
1.0689085721969604
1.0503087043762207
1.0598740577697754
1.0738720893859863
1.0672379732131958
1.0389893054962158
1.0577771663665771
1.0434662103652954
1.037867546081543
1.0311543941497803
1.0489673614501953
1.0401475429534912
1.0634095668792725
1.047377109527588
1.033295750617981
1.0509984493255615
1.0537302494049072
1.0442904233932495
1.0594488382339478
1.0507783889770508
1.0524682998657227
1.0715948343276978
0.9857537150382996
0.9383370876312256
0.8533401489257812
0.7892313003540039
0.7336832284927368
0.7146211266517639
0.6635174751281738
0.6774417161941528
0.8877965211868286
0.8231164813041687
0.7856085300445557
0.7590152025222778
0.7327830791473389
0.7298114895820618
0.7111373543739319
0.7114185094833374
0.7272794246673584
0.7324892282485962
0.7371854186058044
0.724684476852417
0.7470139265060425
0.7240156531333923
0.7625200152397156
0.78923100233078
0.767832338809967
0.8016513586044312
0.7775179743766785
0.8095405697822571
0.8214131593704224
0.8440629243850708
0.8332105278968811
0.8641478419303894
0.8786860108375549
0.8842810988426208
0.9159653782844543
0.9198262691497803
0.9371582269668579
0
0
0
0
2.152846097946167
2.059394121170044
1.989991545677185
1.9173864126205444
1.8624788522720337
1.797293782234192
1.7338995933532715
1.7123643159866333
1.6538670063018799
1.600343108177185
1.5524029731750488
1.5209742784500122
1.487436294555664
1.4585893154144287
1.4239040613174438
1.4042253494262695
1.4182050228118896
1.4373488426208496
1.4589766263961792
1.4929112195968628
1.5035006999969482
1.5480161905288696
1.561510682106018
1.5952589511871338
1.6405788660049438
1.6718645095825195
0
0
0
0
0
0
0
0
0
0
0
0
0
0
0
0
0
0
0
0
0
0
0
0
0
0
0
2.167194128036499
0
0
0
0
0
0
0
0
0
0
0
0
0
0
3.4911949634552
0
0
0
0
0
0
0
0
0
0
0
0
0
0.8119939565658569
0.8312792181968689
0.8392094969749451
0.8537631034851074
0.8713757395744324
0.9034111499786377
0.9229273200035095
0.9361199140548706
0.9561536312103271
0.9712450504302979
0.9922924637794495
1.0251315832138062
1.0460491180419922
1.0595377683639526
1.0924525260925293
1.106479525566101
1.1186054944992065
1.0934230089187622
1.0934442281723022
1.0705548524856567
1.0705429315567017
1.0672619342803955
1.0383539199829102
1.0303360223770142
1.0373607873916626
1.0282783508300781
1.0106860399246216
1.019453525543213
1.0172135829925537
1.0020153522491455
0.987943708896637
0.9940261244773865
0.9799744486808777
0.9848202466964722
0.9742904305458069
0.968440055847168
0.9609206318855286
0.9733614921569824
0.9568169713020325
0.9629257321357727
0.9478881359100342
0.9668229818344116
0.9609887599945068
0.9604220390319824
0.9643751382827759
0.9513170719146729
0.9738261103630066
0.9620624780654907
0.9519190192222595
0.9606348872184753
0.9444652199745178
0.9548371434211731
0.9690552353858948
0.9360491633415222
0.966502845287323
0.9696091413497925
0.9713351130485535
0.9614526033401489
0.978424608707428
0.9756280183792114
0.9656248688697815
0.9714049100875854
0.9846141338348389
0.9814929962158203
0.9752801060676575
0.9157618880271912
0.8576860427856445
0.8191612958908081
0.808289647102356
0.747861921787262
0.7227773666381836
0.7165679335594177
