0
0
0
0
0
0
0
0
0
0
0
0
0
0
0
0
0
0
0
0
0
0
0
0
0
0
0
0
0
0
0
0
0
0
0
0
0
0
0
0
0
0
0
0
0
0
0
0
0
0
0
0
0
0
0
0
0
0
0
0
0
0
0
0
0
0
0
0
0
0
0
0
0
0
0
0
0
0
0
0
0
0
0
0
0
0
0
0
0
0
0
0
0
0
0
0
0
0
0
0
0
0
0
0
0
0
0
0
0
0
0
0
0
0
0
0
0
0
0
0
0
0
0
0
0
0
0
0
0
0
0
0
0
0
0
0
0
0
0
0
0
0
0
0
0
0
0
0
0
0
0
0
0
0
0
0
0
0
0
0
0
0
2.4199838638305664
2.3307440280914307
2.3445000648498535
2.31864333152771
2.3339271545410156
2.3403635025024414
2.3825321197509766
0
0
0
0
0
0
0
0
0
0
0
0
0
0
0
0
0
0
0
0
0
0
0
0
0
0
0
0
0
0
0
0
0
0
0
2.0491936206817627
1.985787272453308
1.9773660898208618
1.9658253192901611
1.972623348236084
1.964150071144104
1.9779237508773804
2.0285234451293945
0
0
0
0
0
0
0
0
0
0
0
0
0
0
0
0
0
0
0
0
0
0
0
0.5496203899383545
0.5326114296913147
0.5119775533676147
0.5100875496864319
0.48566800355911255
0.4872550666332245
0.45705273747444153
0.4748009145259857
0.45657286047935486
0.4794980585575104
0.4658547341823578
0.46371468901634216
0.46037817001342773
0.4649084210395813
0.4674074649810791
0.4449670910835266
0.4646267592906952
0.4636327028274536
0.4595378637313843
0.4708893895149231
0.4598239064216614
0.48688462376594543
0.4860140383243561
0.46927955746650696
0.4747008681297302
0.4912678897380829
0.49137187004089355
0.5207921266555786
0.5293667316436768
0.5525683164596558
0
0
0
0
0
0
0
0
0
0
0
0
0
0
0
0
0
0
0
0
0
0
0
0
0
0
0
0
0
0
0
0
0
0
0
2.0221214294433594
1.9585628509521484
1.9572856426239014
1.9438825845718384
1.9374022483825684
1.954571008682251
1.961354374885559
1.9693753719329834
2.036688804626465
0
0
0
0
0
0
0
0
0
0
0
0
0
0
0
0
0
0
0
0
0
0
0
0
0
0
0
0
0
0
0
0
0
0
0
0
0
0
0
0
0
0
0
0
0
0
0
0
0
0
0
