1.3352057933807373
1.3588356971740723
1.4132680892944336
0
0
1.0077965259552002
0.9879037737846375
0.9623860120773315
0.9349349141120911
0.9303989410400391
0.9309278726577759
0.914639949798584
0.9043735861778259
0.9057886600494385
0.9010692834854126
0.9198580980300903
0.9282522797584534
0.9480737447738647
0.9138405919075012
0.9437731504440308
0.9845572113990784
0.9994595646858215
0
0
0
0
0
0
0
0
0
0
0
0
0
0
0
0
0
0
0
0
0
0
0
0
0
0
0
0
3.1662659645080566
3.117155075073242
3.061325788497925
3.083048105239868
3.1067147254943848
3.1409852504730225
0
0
0
0
3.0229201316833496
2.9440412521362305
2.9408209323883057
2.9162895679473877
2.9340007305145264
3.0042178630828857
3.463531732559204
3.40286922454834
3.40287446975708
3.419079303741455
3.487949848175049
0
0
0
0
0
0
0
0
0
0
0
0
0
0
0
0
0
0
0
0
0
0
0
0
0
0
0
0
3.4560067653656006
3.4425387382507324
3.445873737335205
3.4898250102996826
0
0
0
0
0
0
0
0
0
0
0
0
0
1.6915380954742432
1.6488008499145508
1.6244124174118042
1.6073113679885864
1.5948926210403442
1.608927607536316
1.6053988933563232
1.6172982454299927
1.631537914276123
1.6472704410552979
1.167231798171997
1.1372268199920654
1.1091676950454712
1.0949496030807495
1.1133933067321777
1.0774493217468262
1.0827345848083496
1.0678892135620117
1.0860474109649658
1.0759925842285156
1.0880299806594849
1.1036080121994019
1.1076788902282715
1.1396572589874268
1.2053980827331543
0
0
0
0
0
0
0
0
0
0.827451765537262
0.792755126953125
0.7845938801765442
0.7448062896728516
0.753797173500061
0.7317038178443909
0.7307843565940857
0.7206991314888
0.7363998293876648
0.706278920173645
0.7359069585800171
0.7443286180496216
0.7367352247238159
0.7345414161682129
0.7606260180473328
0.7661052942276001
0.7480428218841553
0.755734384059906
0.7536810040473938
0.8023426532745361
0
0
0
0
0
0
0
0
0
0
0
0
0
0
0
0
0
0
0
0
0
0.9581958651542664
0.9364767670631409
0.9038715958595276
0.8930022716522217
0.8724273443222046
0.8547284007072449
0.8657203316688538
0.8785945177078247
0.8680784702301025
0.8583288788795471
0.8636982440948486
0.8728874325752258
0.8943995833396912
0.8985530138015747
0.9039755463600159
0.8967616558074951
0.9116814136505127
0.9740164875984192
0
0
0
0
0
0
0
0
0
1.278893232345581
1.2637733221054077
1.260190486907959
1.235561490058899
1.2238081693649292
1.2287962436676025
1.203556776046753
1.2235643863677979
1.2141211032867432
1.2375164031982422
1.25510835647583
1.2656018733978271
1.3159654140472412
0
0
0
0
1.6646827459335327
1.6405572891235352
1.6371541023254395
1.607803463935852
1.6145744323730469
1.6046912670135498
1.6222513914108276
1.6446623802185059
1.6564900875091553
1.696753978729248
0
0
0
0
0
0
0
0
0
0
0
0
0
0
0
0
0
0
0
0
0
0
0
0
0
0
0
0
0
0
0
0
0
0
0
0
0
0
0
0
0
0
0
0
0
0
0
0
0
0
0
0
0
0
0
0
0
0
0
0
0
0
0
0
0
3.3921964168548584
3.3838987350463867
3.368492364883423
3.381411075592041
3.4156527519226074
0
0
0
0
0
0
0
0
0
0
0
1.2289421558380127
1.1816790103912354
1.1379976272583008
1.1361593008041382
1.1281616687774658
1.115890383720398
1.114560842514038
1.1216752529144287
0.7220433950424194
0.6937454342842102
0.669536292552948
0.6488093137741089
0.6310707330703735
0.6373956799507141
0.6103982925415039
0.6205127239227295
0.61173415184021
0.6162682771682739
0.6273112297058105
0.6218811273574829
0.6075091361999512
0.5988593697547913
0.5986430644989014
0.6107449531555176
0.6337395310401917
0.6309442520141602
0.6231135725975037
0.6406539082527161
0.6420060396194458
0.6522798538208008
0.6859250068664551
0.6808604001998901
1.324716329574585
1.3518556356430054
