1.4645212888717651
1.4775028228759766
1.487592101097107
1.4669464826583862
1.4785465002059937
1.7209910154342651
2.174724817276001
0
0
0
1.4660919904708862
1.4816874265670776
1.4810230731964111
1.4850080013275146
1.46066153049469
1.4649966955184937
1.4676450490951538
1.467498779296875
1.472988247871399
1.4950721263885498
1.4852485656738281
1.4843270778656006
1.5108333826065063
1.497735857963562
1.5223257541656494
1.538917064666748
1.519159197807312
1.5373843908309937
1.539626955986023
1.572200894355774
1.542602777481079
1.5572627782821655
1.587679147720337
1.5973538160324097
1.6061062812805176
1.624090552330017
1.6585159301757812
1.6563999652862549
1.6809271574020386
1.6953928470611572
1.690718412399292
1.7413671016693115
1.7313473224639893
1.7514941692352295
1.7518577575683594
1.8121397495269775
1.818835973739624
1.8424146175384521
1.867263674736023
1.9007426500320435
1.9255290031433105
1.969122052192688
1.9941734075546265
2.0275185108184814
2.059150218963623
2.0804121494293213
2.106001377105713
2.162940502166748
2.197801351547241
2.256004571914673
2.2905542850494385
2.347794771194458
2.385586977005005
2.464433431625366
2.501450538635254
2.5787885189056396
2.651271104812622
2.7118477821350098
2.810232162475586
2.8579814434051514
2.9555156230926514
3.0629372596740723
3.170294761657715
3.259368896484375
0
0
0
0
0
0
0
0
0
0
0
0
0
0
0
0
0
0
0
0
0
0
0
0
0
0.9682356715202332
0.967259407043457
0.9522944688796997
0.9439134001731873
0.9371412396430969
0.9191668033599854
0.9148668050765991
0.916144609451294
0.9296053051948547
0.9193341135978699
0.9182829856872559
0.9195396900177002
0.9109220504760742
0.8901331424713135
0.8940747976303101
0.9088540077209473
0.9090009927749634
0.9061264395713806
0.8825425505638123
0.8826134204864502
0.8839227557182312
0.8750452399253845
0.8802427649497986
0.8784767985343933
2.4897637367248535
2.512366771697998
2.5311708450317383
2.5523970127105713
2.5904979705810547
2.6112418174743652
2.631840705871582
2.6722495555877686
2.940603017807007
2.8764641284942627
2.7943496704101562
2.714015245437622
2.662005662918091
2.57086181640625
2.5459179878234863
2.469299554824829
2.422757625579834
2.3687031269073486
2.3503243923187256
2.3840742111206055
2.463289260864258
2.4819118976593018
2.5313525199890137
2.5695571899414062
2.6360175609588623
0
0
0
0
0
0
0
0
0
0
0
0
0
0
0
0
0
0
0
0
0
0
1.6899696588516235
1.680499792098999
1.647076964378357
1.6309894323349
1.598564863204956
1.5806643962860107
1.55682373046875
1.5323145389556885
1.5057241916656494
1.4822708368301392
1.475555419921875
2.184779644012451
2.2467074394226074
2.307648181915283
2.36531138420105
2.433168649673462
2.418710470199585
2.394132614135742
2.367502450942993
2.348400592803955
2.323415756225586
2.302987813949585
2.2822864055633545
2.277493953704834
0
0
0
0
0
0
0
0
0
0
0
0
0
0
0
0
0
0
0
0
0
0
0
0
0
0
0
0
0
0
0
0
0
0
0
0
0
0
0
0
0
3.1023988723754883
3.038532257080078
2.992833375930786
2.9445910453796387
2.889258623123169
2.837129592895508
2.7361652851104736
2.792147159576416
2.857431411743164
0.829894483089447
0.8100066184997559
0.8175936937332153
0.8439002633094788
3.0495858192443848
3.0225374698638916
2.463306427001953
2.558760404586792
2.6465179920196533
2.7469539642333984
2.847606658935547
0
0
0
0
0
0
0
0
0
0
0
0
0
0
0
0
0
0
0
0
0
0
0
0
0
0
0
0
0
0
0
0
3.4039206504821777
3.4123454093933105
2.5065059661865234
2.3756699562072754
2.371790885925293
2.38977313041687
2.3950445652008057
2.414950132369995
2.4350624084472656
1.5098339319229126
1.4863495826721191
1.5077186822891235
1.5214165449142456
1.522348165512085
1.5343743562698364
1.5359418392181396
1.5467451810836792
1.577309489250183
1.5754159688949585
1.6117336750030518
1.6196271181106567
1.6312283277511597
1.6413094997406006
2.838852882385254
2.767094612121582
2.6841323375701904
2.6156833171844482
2.5643036365509033
2.5150206089019775
2.4269559383392334
2.3888204097747803
2.32108473777771
2.2783491611480713
2.2217090129852295
2.188408136367798
2.1510627269744873
2.109591007232666
2.068220615386963
2.026214361190796
2.000066041946411
1.9623892307281494
1.9455548524856567
1.9212063550949097
1.8818567991256714
1.8449914455413818
1.8408266305923462
1.8110151290893555
1.7850130796432495
1.762528419494629
1.7651402950286865
1.7353508472442627
1.7117661237716675
1.6772984266281128
1.680945634841919
1.6633270978927612
1.6555628776550293
1.6228255033493042
1.6047216653823853
1.5990931987762451
1.5922882556915283
1.5733935832977295
1.5750497579574585
1.5467380285263062
1.5308818817138672
1.5269219875335693
1.5414183139801025
1.5111579895019531
1.5211621522903442
1.5195643901824951
1.4933909177780151
1.5063390731811523
1.4834492206573486
1.4735853672027588
