1.7699278593063354
0
0
0
0
0
0
0
0
0
0
0
0
3.1125149726867676
0
0
0
0
0
0
0
0
0
0
0
0
0
0
0
0
0
0
0
0
0
0
0
0
0
0
0
0
0
0
0
0
0
0
0
0
0
0
0
0
2.1571383476257324
2.1283068656921387
2.1137733459472656
2.1056816577911377
2.1019976139068604
2.132681369781494
2.1613433361053467
2.184781312942505
0
0
0
0
0
0
0
0
3.0672385692596436
0
0
0
0
0
0
0
0
0
0
0
0
0
0
0
0
0
0
0
0
0
0
0
0
0
0
0
0
0
0
0
0
0
0
0
0
0
0
0
0
0
0
0
0
0
0
0
0
0
0
0
0
3.435419797897339
1.5752971172332764
1.526637315750122
1.5073872804641724
1.4747036695480347
1.5055441856384277
1.4683138132095337
1.4796684980392456
1.489995002746582
1.4795596599578857
1.5206410884857178
1.5556625127792358
0
0
0
0
0
0
0
0
0
0
3.461470365524292
3.4165213108062744
3.4222989082336426
3.429319381713867
3.4811179637908936
0
0
0
0
0
0
0
0
0
0
0
0
0
0
0
0
0
0
0
0
0
0
0
0
0
0
0
0
0
0
2.486788511276245
0
0
0
0
0
0
0
0
0.7255105376243591
0.7273080348968506
0.7108458876609802
0.7360438108444214
0
0
0
0
0
0
0
0
0
0
0
0
0
0
0
0
0
0
0
0
0
0
0
0
0
2.3711698055267334
2.290663719177246
2.2419650554656982
2.238840341567993
2.240443229675293
2.2462050914764404
2.2804152965545654
2.3326501846313477
0
0
0
0
0
0
0
0
0
0
0
0
0
0
0
0
0
0
3.5
3.4610352516174316
3.4376590251922607
3.4482390880584717
0
0
0
0
0
0
0
0
0
0
0
0
0
1.9860628843307495
1.9729382991790771
0
0
0
0
0
0
0
0
0
0
0
0
0
0
0
0
0
0
0
3.473318099975586
2.3411056995391846
2.268588066101074
2.2329728603363037
2.2369208335876465
2.22786021232605
2.224900245666504
2.261197328567505
2.2903666496276855
0
0
0
0
0
0
0
0
0
0
0
0
0
0
0
0
0
0
0
0
0
0
0
0
1.1116036176681519
1.1323620080947876
0
0
2.7598588466644287
2.672659158706665
2.639024496078491
2.6289267539978027
2.619232177734375
2.6499485969543457
2.6862385272979736
0
0
0
0
0
0
0
0
0
0
0
0
3.098923921585083
3.0609614849090576
3.028895139694214
3.0520102977752686
3.0640721321105957
3.109384298324585
0
0
0
0
0
0
1.7871850728988647
1.746837854385376
1.7030572891235352
1.6969678401947021
1.6963672637939453
1.688880205154419
1.687787652015686
1.7349183559417725
1.7215551137924194
1.7753103971481323
