0
0
0
0
0
0
0
0
0
0
0
0
0
0
0
0
3.0985124111175537
3.0398809909820557
3.0249619483947754
3.0144901275634766
3.054440498352051
3.073091506958008
0
0
1.6674538850784302
1.6529823541641235
1.6225192546844482
1.6271402835845947
1.639681100845337
1.6151872873306274
1.619650959968567
1.6485642194747925
1.653493881225586
1.7016464471817017
0
0
0
0
0
0
0
0
0
0
0
0
0
0
0
0
0
0
0
0
0
0
0
2.7447166442871094
2.750924825668335
0
0
0
0
0
0
0
0
0
0
0
0
0
0
0
0
0
0
0
0
0
0.7263687252998352
0.7186015248298645
0.7050426006317139
0.694875180721283
0.6725236773490906
0.6648310422897339
0.6827714443206787
0.6645001173019409
0.6571096181869507
0.666742205619812
0.6591480374336243
0.6649618744850159
0.6399465203285217
0.6616264581680298
0.6637274026870728
0.6757122874259949
0.6894546747207642
0.6744219064712524
0.6823830008506775
0.7132193446159363
0.7202156782150269
0.744019091129303
0
0
0
0
0
0
0
0
0
0
0
0
0
0
0
0
0
0
0
0
0
0
0
0
0
0
0
0
0
0
0
0
0
0
0
0
0
0
0
0
0
1.3906378746032715
1.3281159400939941
1.302074670791626
1.2889244556427002
1.2672176361083984
1.2714275121688843
1.2693792581558228
1.275101900100708
1.2722631692886353
1.3003524541854858
1.3008639812469482
1.3246738910675049
1.3654487133026123
0
0
0
2.6387410163879395
2.609496593475342
2.5765187740325928
2.5897209644317627
2.5873308181762695
2.6202516555786133
3.3420982360839844
3.341226577758789
3.3717005252838135
3.4551663398742676
0
0
0
0
0
0
0
0
0
0
0
0
0
0
0
2.601116180419922
2.5191256999969482
2.487231969833374
2.5018837451934814
2.4933738708496094
1.3293324708938599
1.2598750591278076
1.2041044235229492
1.2063825130462646
1.2014944553375244
1.202372431755066
1.1748028993606567
1.178729772567749
1.201197624206543
1.1972736120224
1.214727759361267
1.2359780073165894
1.2318236827850342
1.2935397624969482
0
0
0
0
0
0
0
0
0
0
0
0
0
0
0
0
0
0
0
0
0
0
0
0
0
0
0
0
0
0
0
0
1.6396610736846924
1.6796891689300537
1.7365591526031494
1.785395622253418
1.8267244100570679
1.8898465633392334
1.9441947937011719
1.9850417375564575
1.9696357250213623
1.9631869792938232
1.9295835494995117
1.9251062870025635
1.9054126739501953
1.882346749305725
1.8937218189239502
1.8657666444778442
1.8545030355453491
1.8461203575134277
1.8330262899398804
1.8259172439575195
1.8139365911483765
1.8165600299835205
1.8052266836166382
1.7902555465698242
1.769541621208191
1.7736681699752808
1.7876451015472412
1.7732529640197754
1.7697609663009644
1.7501250505447388
1.7644721269607544
1.7422231435775757
0.42345428466796875
0.39014947414398193
0.3884037435054779
0.36758190393447876
0.3616950809955597
0.3810133934020996
0.3434203267097473
0.3478526175022125
0.3237040936946869
0.33842647075653076
0.3481720983982086
0.3423634171485901
0.32651999592781067
0.32681894302368164
0.3213025629520416
0.32896578311920166
0.336931437253952
0.3312848210334778
0.31208744645118713
0.33180150389671326
0.3167303204536438
0.33879294991493225
0.3397294580936432
0.33744382858276367
0.3437977135181427
0.3271600008010864
0.3331023156642914
0.32918161153793335
0.3331490159034729
0.34171611070632935
0.34759703278541565
0.35163792967796326
0.36049726605415344
0.3680407702922821
0.35671305656433105
0.392039030790329
0.4040291905403137
0.42523038387298584
1.7574284076690674
1.7242465019226074
2.8871655464172363
2.898963212966919
2.9220852851867676
2.9714553356170654
0
0
0
0
0
0
0
2.322748899459839
2.2621426582336426
2.2590346336364746
2.2554373741149902
2.240626096725464
2.272467851638794
2.3007326126098633
0
0
0
0
0
0
0
0
0
0
0
0
0
0
0
1.9028868675231934
1.8250892162322998
1.7929422855377197
1.800513744354248
1.7957313060760498
1.783568263053894
1.766768455505371
1.8006187677383423
1.8092120885849
1.8576178550720215
3.172715663909912
3.101168632507324
3.0964057445526123
3.101628303527832
3.110138416290283
3.1888692378997803
0
0
0
0
