0.5706115961074829
0.5608668327331543
0.5530096292495728
0.5176494121551514
0.502812385559082
0.5101417303085327
0.48176127672195435
0.47755032777786255
0.46864598989486694
0.45110514760017395
0.4684763550758362
0.4554763436317444
0.4280470609664917
0.4266797602176666
0.4410325884819031
0.41834402084350586
0.41722944378852844
0.41151493787765503
0.3833599090576172
0.39318427443504333
0.37622469663619995
0.3722527325153351
0.3835432231426239
0.38086363673210144
0.41070762276649475
0.4275954067707062
0.41078972816467285
0.4390154480934143
0.376862108707428
0.35926079750061035
0.35318633913993835
0.35181212425231934
0.35629695653915405
0.33655813336372375
0.3301693797111511
0.3454905152320862
0.3449878394603729
0.32953646779060364
0.3324885964393616
0.33158060908317566
0.34379875659942627
0.32850393652915955
0.3182942569255829
0.3161996603012085
0.3245534598827362
0.3039568066596985
0.3112789988517761
0.31851622462272644
0.32160621881484985
0.3046674430370331
0.3045702874660492
0.2994553744792938
0.31416574120521545
0.28665927052497864
0.3134089410305023
0.3034479022026062
0.31029871106147766
0.2999618351459503
0.32935333251953125
0.3195079267024994
0.29999640583992004
0.306795597076416
0.30473780632019043
0.3211679756641388
0.30814772844314575
0.3090503513813019
0.32027244567871094
0.3006387948989868
0.3148711025714874
0.31707772612571716
0.3031642735004425
0.31781142950057983
0.30421334505081177
0.3232146203517914
0.33585870265960693
0.3326307237148285
0.31662479043006897
0.32680049538612366
0.33327603340148926
0.32417842745780945
0.3298746943473816
0.33216649293899536
0.3330138027667999
0.36571407318115234
0.33914846181869507
0.34546083211898804
0.35353580117225647
0.34391671419143677
0.3575892746448517
0.36573082208633423
0.36847996711730957
0.36955493688583374
0.36115187406539917
0.3608149290084839
0.37115174531936646
0.3806697726249695
0.38725709915161133
0.3973430097103119
0.4130675196647644
0.41376441717147827
0.41369935870170593
0.4316364526748657
0.43658462166786194
0.43073585629463196
0.45259982347488403
0.43554002046585083
0.47629687190055847
0.45979025959968567
0.4785997271537781
0.5035681128501892
0.4892549216747284
0.5127730965614319
0.5219833254814148
0.5314508676528931
0.5589116811752319
0.569460928440094
0.5874608159065247
0.6209090352058411
0.6269785761833191
0.6502833366394043
0.6589993238449097
0.7028281688690186
0.7025269269943237
0.7506336569786072
0.7660326361656189
0
0
0
0
0
0
0
0
0
0
0
0
0
0
0
0
0
3.5
0
0
3.475067138671875
3.4953198432922363
3.473564386367798
3.4986937046051025
3.5
3.499541759490967
3.5
0
0
0
0
0
0
0
0
0
0
0
0
0
0
0
3.2683322429656982
3.2477524280548096
3.215197801589966
3.2447431087493896
3.323357343673706
0
0
0
0
0
0
0
2.0824759006500244
2.0644867420196533
2.0345211029052734
2.026681423187256
2.0400948524475098
2.0460033416748047
2.083277940750122
2.165433883666992
0
0
0
0
0
0
0
0
0
0
0
2.9472272396087646
2.9122347831726074
2.909912586212158
1.4118760824203491
1.3792681694030762
1.3726340532302856
1.3443001508712769
1.3359131813049316
1.3192932605743408
1.3415881395339966
1.3400156497955322
1.3613532781600952
1.3711349964141846
1.3890620470046997
1.443253517150879
2.512547016143799
2.4808349609375
2.504243850708008
2.538187265396118
2.5651984214782715
0
0
0
0
0
0
0
0
0
0
0
0
2.5828535556793213
2.543844699859619
2.4909186363220215
2.4986371994018555
2.5168957710266113
2.5378146171569824
2.6122820377349854
0
0
0
0
1.2295055389404297
1.1696223020553589
1.1700032949447632
1.1284984350204468
1.1322059631347656
1.1316282749176025
1.1102622747421265
1.1207152605056763
1.125273585319519
1.1308834552764893
1.137990951538086
1.1344645023345947
1.1848418712615967
1.1972185373306274
3.4219717979431152
3.4137628078460693
3.417330026626587
3.4376344680786133
0
0
2.485337018966675
2.417560577392578
2.4077701568603516
2.377471685409546
2.397592782974243
2.401780843734741
2.4304745197296143
2.514125108718872
0
0
0
0
0
1.6488769054412842
1.5909262895584106
1.5942459106445312
1.5810165405273438
1.5738178491592407
1.5816675424575806
1.5838521718978882
1.5789752006530762
1.6042044162750244
1.6385425329208374
2.4895870685577393
2.463402509689331
2.4241292476654053
2.399106979370117
2.3492393493652344
2.313098907470703
2.3210647106170654
2.2585721015930176
2.2052359580993652
2.2075788974761963
2.180781364440918
2.164743661880493
2.1435093879699707
2.1096160411834717
2.0916292667388916
2.065300464630127
2.065910577774048
2.0440673828125
2.003836154937744
2.0350162982940674
2.11616849899292
1.9158122539520264
1.8710572719573975
1.8710033893585205
1.871379017829895
1.8603907823562622
1.866604208946228
1.8373185396194458
1.8185300827026367
1.8199949264526367
1.8213785886764526
1.8048123121261597
1.7970085144042969
1.8019158840179443
1.7890892028808594
1.786603569984436
1.787692904472351
1.7610952854156494
1.7859681844711304
1.764837384223938
1.7765579223632812
1.7756165266036987
1.7690504789352417
1.7760826349258423
1.761086106300354
1.7847440242767334
1.7761778831481934
1.7837878465652466
1.7800260782241821
0
0
0
2.000359535217285
1.7846086025238037
1.6267399787902832
1.5149608850479126
1.3798294067382812
1.2663066387176514
1.2467213869094849
1.1074897050857544
1.0431569814682007
0.9550901651382446
0.9331628084182739
0.8886839747428894
0.8513026833534241
0.8044077157974243
0.7875187993049622
0.7379785776138306
0.7070987820625305
0.7010369896888733
0.668226420879364
0.6514194011688232
0.6316291689872742
0.5932145714759827
0.5793802738189697
0.574946403503418
