0
0
0
0
0
0
0
2.859090566635132
2.7999730110168457
2.771994113922119
2.7510321140289307
2.769599676132202
2.770448923110962
2.8408737182617188
0
0
0
0
1.1715185642242432
1.1658018827438354
1.1340043544769287
1.1088957786560059
1.106770396232605
1.1114206314086914
1.0856369733810425
1.0770065784454346
1.0992780923843384
1.0919897556304932
1.1033076047897339
1.1099698543548584
1.1187852621078491
1.1557157039642334
1.204210877418518
3.096165657043457
3.0308101177215576
2.999865770339966
3.005871295928955
3.0318217277526855
3.063081979751587
0
0
0
0
0
0
0
0
0
0
0
0
0
0
0
0
0
0
2.000019073486328
1.9398093223571777
1.930655837059021
1.909149408340454
1.9110361337661743
1.902118444442749
1.9163861274719238
1.9470888376235962
1.9856995344161987
0
0
0
0
0
0
0
0
0
0
0
0
0
0
0
0
0
0
0
0
0
0
0
0
0
0
0
1.641932725906372
1.610021948814392
1.6036787033081055
1.5913065671920776
1.587949275970459
1.6002106666564941
1.5941671133041382
1.604119062423706
1.6391836404800415
0.6103101372718811
0.5977249145507812
0.5873716473579407
0.5663349032402039
0.570888102054596
0.5370888113975525
0.5466468930244446
0.5505549311637878
0.5204307436943054
0.5412482023239136
0.5326974391937256
0.5365290641784668
0.5365197658538818
0.5405558943748474
0.5162549614906311
0.5475066304206848
0.5431106090545654
0.5446346402168274
0.5311387777328491
0.5538786053657532
0.561859130859375
0.5658727884292603
0.5520874261856079
0.5708152651786804
0.5963237881660461
0.6036585569381714
2.3122549057006836
2.297267198562622
2.2886714935302734
2.295694351196289
2.2968478202819824
2.3270888328552246
2.3612022399902344
0
0
0
0
0
2.930356502532959
2.8715898990631104
2.8801839351654053
2.896243095397949
2.913203477859497
0
0
0
0
0
0
0
0
1.7101867198944092
1.6568517684936523
1.6289609670639038
1.6218435764312744
1.6015098094940186
1.61087167263031
1.6314043998718262
1.628458023071289
1.6415334939956665
1.68695068359375
2.6517794132232666
2.5956592559814453
2.620485782623291
2.6120505332946777
2.622265100479126
2.6990907192230225
0
0
0
0
0
0
0
0
0
0
0
0
0
0
0
0
0
0
0
0
0
0
0
0
0
0
3.3583250045776367
3.155431032180786
2.9742534160614014
2.844207763671875
2.8768577575683594
2.898083209991455
2.9001903533935547
2.9256880283355713
2.9419960975646973
2.955718517303467
3.0013492107391357
0
0
0
0
0
0
0
0
0
0
0
0
3.2541277408599854
3.220085859298706
3.1955127716064453
3.238241672515869
3.2918152809143066
0
0
0
0
0
0
0
0
0
0
0
0
0
0
2.5437498092651367
2.461148500442505
2.4454598426818848
2.4327807426452637
2.4488134384155273
2.4838736057281494
2.4942309856414795
0
0
0
0
0
0
0
0
0
0
0
0
0
0
0
0
0
0
0
0
0
3.4851157665252686
3.4718680381774902
3.46696400642395
3.4782609939575195
0
0
2.200023651123047
0.914542555809021
0.7477286458015442
0.6189192533493042
0.5038225054740906
0.4243980646133423
0.3668798506259918
0.3825916647911072
0.3734520971775055
0.36945030093193054
0.7910047173500061
0.7666058540344238
0.7849973440170288
0.7642971277236938
0.7838870286941528
0.7909316420555115
0.8072242736816406
0.7994836568832397
0.7948757410049438
0.8233008980751038
0.8198137879371643
0.8256919384002686
0.8431508541107178
0.8197603821754456
0.8457885980606079
0.8548344969749451
0.8447607755661011
0.8626589179039001
0.8767467737197876
0.8811036944389343
0.9040828943252563
0.9015862345695496
0.8879386782646179
0.9229503870010376
0.9242730140686035
0.9549063444137573
0.9569836854934692
0.9665089845657349
0.9719802737236023
0.9911701679229736
1.025240421295166
1.034842610359192
1.0512259006500244
1.0788466930389404
1.0978673696517944
1.1050386428833008
1.1254353523254395
1.1538516283035278
1.1881117820739746
1.1950384378433228
1.2142266035079956
1.1883987188339233
1.1625113487243652
1.1605554819107056
1.156998872756958
1.1324855089187622
1.1167927980422974
1.1344634294509888
1.1057862043380737
1.0993083715438843
1.0764864683151245
1.0815378427505493
1.050290822982788
1.0492193698883057
1.0176302194595337
1.026651382446289
1.029725193977356
1.0305081605911255
1.2004687786102295
1.1919870376586914
2.1316654682159424
2.134061813354492
2.0922651290893555
2.10288143157959
2.08685564994812
2.0699808597564697
2.0583901405334473
2.05657958984375
2.751619338989258
2.771329641342163
2.779574155807495
2.830029249191284
0
0
0
0
0
0
0
