3.061021566390991
3.064589023590088
3.073457717895508
3.086665630340576
0
0
0
0
0
0
0
0
0
0
0
0
0
0
0
0
0
0
0
0
0
0
0
1.9643305540084839
1.906606912612915
1.8892905712127686
1.8725916147232056
1.8510288000106812
1.8574999570846558
1.8691282272338867
1.894696593284607
1.9154236316680908
0
0
0
0
0
2.6771814823150635
2.6355319023132324
2.631147623062134
2.614013910293579
2.628948450088501
2.6455469131469727
2.746164560317993
0
0
0
0
0
0
0
0
0
0
0
0
0
0
0
0
0
0
0
0
0
0
0
0
0
0
0
0
0
0
0
0
0
0
0
0
0
0
2.9467105865478516
2.9009296894073486
2.9061620235443115
2.9068944454193115
2.9407007694244385
3.0117435455322266
1.9354596138000488
1.8884261846542358
1.8852791786193848
1.8522785902023315
1.8521326780319214
1.8529908657073975
1.870091438293457
1.8796415328979492
1.9314876794815063
0
0
0
0
0
0
0
0
0
0
0
0
0
0
0
0.9045613408088684
0.8689866065979004
0.8729021549224854
0.834776759147644
0.8224019408226013
0.8518602848052979
0.8308868408203125
0.8390936255455017
0.8245223760604858
0.8378258943557739
0.8124875426292419
0.8305741548538208
0.8351454734802246
0.8414985537528992
0.8577879071235657
0.8588958382606506
0.8857301473617554
0.923378586769104
0
0
0
0
0
0
0
0
0
0
0
0
0
0
0
0
0
0
0
0
2.657658100128174
2.5798792839050293
2.569793224334717
2.571443796157837
2.557734251022339
2.5831382274627686
2.6612048149108887
0
0
0
0
0
0
0
0
0
0
0
0
0
0
0
0
0
0
0
0
0
0
2.6296567916870117
2.5978312492370605
2.576133966445923
2.580843687057495
2.5828440189361572
2.607797384262085
0
0.8834639191627502
0.8122671246528625
0.8107419013977051
0.7784007787704468
0.7656382918357849
0.7731766104698181
0.7659502625465393
0.7683355808258057
0.7538618445396423
0.779869556427002
0.7494872808456421
0.7556514143943787
0.7444138526916504
0.7660970091819763
0.7853477597236633
0.773313045501709
0.780688464641571
0.8034844994544983
0.8364154100418091
0.8441694378852844
2.8071556091308594
2.751997709274292
2.761446952819824
2.7618794441223145
2.7903473377227783
2.852526903152466
0
0
0
0
0
0
0
0
0
0
0
0
0
0
0
0
0
0
0
0
3.0831384658813477
1.4661988019943237
1.4154982566833496
1.4027178287506104
1.3989335298538208
1.3763866424560547
1.3743846416473389
1.3747165203094482
1.384807825088501
1.3794955015182495
1.413133144378662
1.4196233749389648
1.5049196481704712
0
0
0
0
0
0
0
0
0
0
0
0
0
0
0
0
0
0
3.365307331085205
3.2894551753997803
3.294400691986084
3.305600643157959
3.2994556427001953
3.4211738109588623
0
0
0
0
0
1.7952886819839478
1.773257851600647
1.7648192644119263
1.74482262134552
1.7392629384994507
1.753248929977417
1.7854375839233398
1.8022438287734985
1.8169631958007812
0
0
0
0
0
0
0
0
0
2.690288782119751
2.6284103393554688
2.6087398529052734
2.6051106452941895
2.6146533489227295
2.637281894683838
2.68284273147583
0
0
0
0
0
0
0
0
0
0
0
0
0
0
0
0
0
0
0
0
0
2.0374228954315186
2.0025148391723633
1.9711014032363892
1.9760723114013672
1.9446159601211548
1.9562565088272095
1.9701429605484009
1.9995969533920288
2.037418842315674
3.14750337600708
0
0
0
0
0
0
1.198812484741211
1.1722074747085571
1.1592357158660889
1.1310293674468994
1.1179403066635132
1.1163307428359985
1.1231673955917358
1.1261130571365356
1.139033317565918
1.107582688331604
1.1357166767120361
1.1414700746536255
1.1632623672485352
1.1718213558197021
0
0
0
0
3.09149432182312
3.0823557376861572
