0
0
0
0
0
0
0
0
0
0
0
0
0
0
0
0
0
1.373453140258789
1.3356701135635376
1.3131989240646362
1.277880072593689
1.258117437362671
1.2581380605697632
1.2643136978149414
1.2531650066375732
1.2538912296295166
1.2799654006958008
1.2685915231704712
1.3095288276672363
1.3321433067321777
1.4016633033752441
3.2198190689086914
3.2208902835845947
3.254417896270752
3.3602476119995117
0
1.9730556011199951
1.922795057296753
1.872668981552124
1.866001844406128
1.8580673933029175
1.8773329257965088
1.8851288557052612
1.8766347169876099
1.9344887733459473
2.729499101638794
2.7085628509521484
2.7371625900268555
2.78408145904541
0
0
0
0
0
0
0
0
0
0
0
0
0
0
0
0
0
0
0
0
0
0.9371067881584167
0.8888272643089294
0.8756019473075867
0.8445144295692444
0.8402232527732849
0.8519142866134644
0.8544047474861145
0.8224800825119019
0.8096262812614441
0.8208391666412354
0.8383162021636963
0.8320025205612183
0.8315297365188599
0.8428026437759399
0.8602485656738281
0.8700096011161804
0.8773730993270874
0.9024900794029236
0.951346218585968
0
0
0
0
0
0
0
0
0
0
0
0
3.4307875633239746
3.3297300338745117
3.2334229946136475
3.151665210723877
3.056441307067871
2.9780967235565186
2.915914297103882
2.822852849960327
2.7654199600219727
2.7284934520721436
2.6366007328033447
2.698176860809326
2.722313642501831
2.7521841526031494
2.795267105102539
2.853677749633789
2.8825387954711914
0
0
0
0
0
0
0
0
0
3.4349586963653564
3.3802950382232666
3.364722967147827
3.3809142112731934
3.4235401153564453
0
0
0
0
0
0
0
0
0
0
0
0
0
0
0
0
3.0187695026397705
2.9760074615478516
2.9454500675201416
2.933493137359619
2.965484142303467
3.0238330364227295
0
0
0
0
0
0
0
0
0
0
0
0
0
0
0
0
0
0
0
0
0
3.106729745864868
3.074415683746338
3.036907911300659
3.039630174636841
3.0614423751831055
3.151315927505493
2.1327717304229736
2.0521626472473145
1.9417362213134766
1.8576637506484985
1.8447357416152954
1.8321747779846191
1.6519666910171509
1.6070841550827026
1.5307419300079346
1.4971548318862915
1.4400653839111328
1.4009149074554443
1.383805513381958
1.3478124141693115
1.8314589262008667
1.845198631286621
1.873834490776062
1.9026333093643188
1.908766746520996
1.9515974521636963
1.9703677892684937
2.006162405014038
2.023811101913452
2.0784685611724854
2.0914113521575928
2.138704538345337
2.1852662563323975
0.31794270873069763
0.31753626465797424
0.29130926728248596
0.2713776230812073
0.29843759536743164
0.25764361023902893
0.2589948773384094
0.25816023349761963
0.2625459134578705
0.2487545609474182
0.2522822320461273
0.23582026362419128
0.23469701409339905
0.24507464468479156
0.24864858388900757
0.2431299388408661
0.23789407312870026
0.2513280212879181
0.22601570188999176
0.24029351770877838
0.24276834726333618
0.2520645260810852
0.24440811574459076
0.24521802365779877
0.22336658835411072
0.2499876320362091
0.2425936758518219
0.24741365015506744
0.24359232187271118
0.22648587822914124
0.24002231657505035
0.2400244027376175
0.24490338563919067
0.24715816974639893
0.2596060335636139
0.24487952888011932
0.25381916761398315
0.25203362107276917
0.2567903697490692
0.2648546099662781
0.28725215792655945
0.26470932364463806
0.28805777430534363
0.28148818016052246
0.2730790078639984
0.3054456412792206
0.3314663767814636
0
0
0
0
0
0
0
0
0
0
0
0
0
3.2983529567718506
3.2748775482177734
3.244053363800049
3.2542521953582764
3.276102304458618
0
0
0
0
0
0
0
1.8596200942993164
1.825589895248413
1.7845001220703125
1.773748517036438
1.7772001028060913
1.7754534482955933
1.8026741743087769
1.7789216041564941
1.8041255474090576
1.8851268291473389
0
0
0
0
0
0
0
0
0
0
0
0
0
0
0
0
0
0
0
0.9674310088157654
0.9479532837867737
0.9154412150382996
0.9233185648918152
0.8971282243728638
0.8923009037971497
0.890343964099884
0.9031555652618408
0.8880258798599243
0.888685941696167
0.8820660710334778
0.8995325565338135
0.9040902853012085
0.9071637988090515
0.9238405227661133
0.9396066665649414
0.9534616470336914
1.030669093132019
0
0
0
0
0
0
0
0
0
0
0
0
0
0
0
0
0
0
0
0
0
0
0
0
0
0
0
0
0
0
0
0
0
