2.360507011413574
0
0
0
0
0
0
0
0
0
0
0
0
0
0
0
0
0
0
1.3473904132843018
1.2566851377487183
1.2228938341140747
1.2143045663833618
1.1994714736938477
1.2055009603500366
1.2026374340057373
1.1892136335372925
1.1918679475784302
1.1931769847869873
1.2018005847930908
1.2152116298675537
1.239723801612854
1.2733334302902222
0
0
0
0
0
0
0
0
0
0
0
0
0
0
0
0
0
0
0
0
0
0
0
0
0
0
0
0
0
0
0
0
0
0
0
0
0
0
0
0
0
0
0
0
0
0
0
0
0
2.2302796840667725
2.224531412124634
0
0
0
0
0
0
0
0
0
0
0
0
0
0
0
0
0
0
0
0
0
0
0
0
0
0
0
0
0
0
0
0
0
0.8601588606834412
0.8113837242126465
0.8055679798126221
0.7849616408348083
0.7766543030738831
0.7743846774101257
0.7741738557815552
0.7800325155258179
0.7501857280731201
0.7533988356590271
0.7609944939613342
0.7472378015518188
0.7481352686882019
0.7572064995765686
0.7554723620414734
0.7730340361595154
0.7895476222038269
0.8140636086463928
0.8538193106651306
0.8732714653015137
0
0
0
0
0
0
0
0
0
0
0
0
0
0
0
0
1.575476050376892
1.5248218774795532
1.5313557386398315
1.5199705362319946
1.4852259159088135
1.5037554502487183
1.5018658638000488
1.5118813514709473
1.5332049131393433
1.546676516532898
1.6040481328964233
0
2.6382696628570557
2.597548484802246
2.5842740535736084
2.566871404647827
2.6003384590148926
2.6100776195526123
0
0
0
0
0
0
0
0
0
0
0
0
0
0
0
0
0
0
2.7318613529205322
2.664876937866211
2.6366045475006104
2.642220973968506
2.6401150226593018
2.660996198654175
2.7273340225219727
0
0
0
0
0
1.5364391803741455
1.5176788568496704
1.4806183576583862
1.4835693836212158
1.4592255353927612
1.4722479581832886
1.466079592704773
1.4813051223754883
1.5002517700195312
1.5351991653442383
1.567270278930664
0
0
0
0
3.135312795639038
3.0907301902770996
3.0763559341430664
3.0858209133148193
3.116013765335083
0
0
0
0
0
0
0
0
0
0
0
2.4883487224578857
2.4050426483154297
2.3847668170928955
2.3762454986572266
2.3696537017822266
0.9051923751831055
0.8733251094818115
0.8560842275619507
0.8396218419075012
0.8310227394104004
0.8242574334144592
0.8097109794616699
0.7940396070480347
0.7827305197715759
0.7965350151062012
0.8122439980506897
0.7987543940544128
0.8108097910881042
0.7961177825927734
0.8194348216056824
0.8443692326545715
0.8534400463104248
0.87531977891922
0.9094746708869934
2.574296474456787
2.5905191898345947
2.603562355041504
2.6189937591552734
0
0
0
0
0
0
0
0
0
0
0
0
0
0
0
0
0
0
0
0
0
0
0
0
0
0
0
0
0
0
0
0
0
3.261810541152954
3.2281761169433594
3.216848611831665
3.2426228523254395
3.2593088150024414
0
0
0
2.251399278640747
2.2092413902282715
1.2671960592269897
1.17854905128479
1.1510926485061646
1.1385473012924194
1.1432527303695679
1.142276406288147
1.1165874004364014
1.1286877393722534
1.1226091384887695
1.1329529285430908
1.1288155317306519
1.1255033016204834
1.1425800323486328
1.1749448776245117
1.212854027748108
0
0
0
0
0
0
0
0
0
0
0
0
0
0
0
0
0
3.2068822383880615
3.1801111698150635
3.173067092895508
3.185985803604126
3.225081205368042
0
0
0
0
0
0
0
0
0
0
0
0
2.3030264377593994
2.264373302459717
2.260409355163574
2.23274564743042
2.235760450363159
2.2520713806152344
2.2829389572143555
2.34182071685791
