3.330390453338623
3.276975631713867
3.230078935623169
3.17510986328125
3.130896806716919
3.0984888076782227
0.9953120350837708
0.9861212372779846
0.9586014151573181
0.9382054805755615
0.9364720582962036
0.9389856457710266
0.9328789114952087
0.9014501571655273
0.9323580861091614
0.9284435510635376
0.9308821558952332
0.9200451970100403
0.9347376823425293
0.939283013343811
0.9671559929847717
0.9782329201698303
1.0093647241592407
0
0
0
0
0
0
0
0
0
0
0
0
0
0
0
0
0
0
0
0
0
0
0
0
0
0
0
0
0
0
0
0
0
0
0
0
0
0
0
0
3.1211700439453125
2.9719934463500977
2.8893215656280518
2.7927722930908203
2.819767951965332
2.5965664386749268
2.522028684616089
2.4441614151000977
2.3527870178222656
2.3232555389404297
2.8237950801849365
2.845555067062378
1.244726538658142
1.2094310522079468
1.1848046779632568
1.1743366718292236
1.1431899070739746
1.1608426570892334
1.1683512926101685
1.1521484851837158
1.15546452999115
1.1769344806671143
1.1875864267349243
1.1844360828399658
1.192455768585205
1.2590622901916504
3.042825937271118
0
0
0
0
0
0
0
0
0
0
0
0
2.455515146255493
2.38295578956604
2.3770077228546143
2.379408597946167
2.3625876903533936
2.3847568035125732
2.4376935958862305
0
0
0
0
0
0
0
0
0
0
0
0
0
0
0
0
0
0
0.9092990756034851
0.8535030484199524
0.8147838115692139
0.8200267553329468
0.8086536526679993
0.7900151014328003
0.7910799384117126
0.7683248519897461
0.7849931716918945
0.7505779266357422
0.7755284905433655
0.7920504808425903
0.7768537402153015
0.7762048840522766
0.7827519774436951
0.7819626927375793
0.8000025153160095
0.8249478340148926
0.8307230472564697
0.8707645535469055
0
0
0
0
0
0
0
0
0
0
0
0
0
0
0
0
0
0
0
0
0
0
0
0
0
0
0
0
0
0
0
2.5038113594055176
0
0
0
0
0
0
0
0
0
0
0
0
0
0
0
0
0
0
0
0
0
0
0
0
0
0
0
0
0
0
0
0
0
0
0
0
0
0
0
0
0
0
0
0
0
0
0
0
0
0
0
0
0
0
0
0
0
2.579017400741577
0
0
0
0
0
0
0
0
0
0
0
0
0
0
0
0
0
0
0
3.312133550643921
3.273717164993286
3.252013921737671
3.260075330734253
3.3253092765808105
0
0
0
0
0
0.4565052092075348
0.42929807305336
0.4088323712348938
0.3970639407634735
0.3916415870189667
0.37163418531417847
0.3539442718029022
0.37306421995162964
0.3730410933494568
0.3437481224536896
0.36227551102638245
0.35829922556877136
0.33914220333099365
0.36738571524620056
0.3486146032810211
0.3472323715686798
0.3305303454399109
0.3465348780155182
0.31453943252563477
0.3611659109592438
0.3546654284000397
0.32255229353904724
0.33902785181999207
0.3524704575538635
0.35337215662002563
0.34805792570114136
0.3453441858291626
0.34873509407043457
0.34474658966064453
0.37955155968666077
0.37001240253448486
0.3724025785923004
0.38423779606819153
0.3721914291381836
0.41776546835899353
0.40306219458580017
0.43592971563339233
0.4588990807533264
1.1154464483261108
1.155113935470581
1.148484468460083
1.2059528827667236
3.2900478839874268
3.2862377166748047
3.2826218605041504
3.333622932434082
3.4426801204681396
0
0
0
0
0
0
0
0
0
0
3.434492826461792
3.4006505012512207
3.3860836029052734
3.392991542816162
3.448911428451538
2.5783660411834717
2.557879686355591
2.533829927444458
2.526089668273926
2.5365402698516846
2.566234588623047
2.653592824935913
0
0
1.696581244468689
1.6605420112609863
1.628147006034851
1.6092947721481323
1.624696969985962
1.6286884546279907
1.6271166801452637
1.6317695379257202
1.6548206806182861
1.704192042350769
0
0
0
0
0
0
0
0
0
3.5
3.449705123901367
3.3960509300231934
3.3366611003875732
