0.6661185622215271
0.7121217846870422
0
0
0
2.481621742248535
2.4319956302642822
2.418773889541626
2.4240665435791016
2.412498950958252
2.4575109481811523
2.5234007835388184
0
0
0
0
0
0
0
0
0
0
0
0
0
0
0
0
3.1320364475250244
3.0731215476989746
3.005631923675537
2.9789836406707764
3.054996967315674
3.110180616378784
3.144526958465576
3.1971590518951416
3.2509965896606445
3.3079588413238525
3.3791611194610596
3.414868116378784
0
0
0
0
1.5195376873016357
1.475699782371521
1.4317600727081299
1.4062916040420532
1.3986977338790894
1.4037604331970215
1.4000378847122192
1.3979218006134033
1.3967328071594238
1.4030530452728271
1.4315353631973267
1.4765723943710327
0
0
0
0
0
0
0
0
0
0
0
0
0
2.9650397300720215
2.9407074451446533
2.9108736515045166
2.8928706645965576
2.9114861488342285
2.9621903896331787
0
0
0
0
0
0
0
0
0
0
0
0
0
0
3.0585503578186035
2.988539934158325
2.9964354038238525
2.9942657947540283
3.011445999145508
3.058852434158325
0
0
0
0
0
0
0
0
0
0
0
0
0
0
0
0
0
0
0
0
0
0
0
0
0
0
1.9959176778793335
1.9493361711502075
1.95041823387146
1.9233742952346802
1.9338198900222778
1.9323179721832275
1.9640018939971924
2.0124778747558594
0
0
0
0
0
0
0
0
0
0
3.463388681411743
3.381845474243164
3.349520683288574
3.2854533195495605
3.2494394779205322
3.197659969329834
3.147710084915161
3.0823662281036377
3.0763559341430664
3.0175721645355225
2.995291233062744
2.953050374984741
2.927942991256714
2.8813071250915527
2.870490312576294
2.8387553691864014
2.8023388385772705
2.785738468170166
2.741919755935669
2.7352383136749268
2.715958833694458
2.6894962787628174
2.673950672149658
2.65425705909729
2.622117519378662
2.6053905487060547
2.601008415222168
2.5758960247039795
2.5732696056365967
2.5382802486419678
2.5535638332366943
2.516098976135254
2.527452230453491
2.5340471267700195
2.516608238220215
0.8366102576255798
0.814731776714325
0.8273788094520569
0.799041748046875
0.7785115838050842
0.7828341722488403
0.7742613554000854
0.7549053430557251
0.744617223739624
0.7384394407272339
0.7252147793769836
0.7397571802139282
0.7232574820518494
0.7260077595710754
0.704615592956543
0.6973273754119873
0.7125043272972107
0.6882501840591431
0.6988772749900818
0.6575474143028259
0.6707165241241455
0.6727413535118103
0.6727679967880249
0.6817163825035095
0.6589599847793579
0.6591396927833557
0.6510167121887207
0.6537652611732483
0.6387414932250977
0.6444818377494812
0.6351466178894043
0.6422027349472046
0.6356223225593567
0.639251172542572
0.6311783790588379
0.6277322769165039
0.6214272975921631
0.6276198029518127
0.6194620132446289
0.6306620240211487
0.6330126523971558
0.6258366703987122
0.621910810470581
0.6105605363845825
0.6067480444908142
0.6237031817436218
0.6452551484107971
0.6450784802436829
0.6255151033401489
0.6247628927230835
0.6334876418113708
0.6322245001792908
0.6410563588142395
0.6527599096298218
0.6345677971839905
0.6436240077018738
0.65953528881073
0.6500832438468933
0.6611945629119873
0.6721706390380859
0.6606550216674805
0.6579779982566833
0.6504133343696594
0.6790977716445923
0.67619788646698
0.6873811483383179
0.6864201426506042
0.6826598644256592
0.6850988864898682
0.7128702998161316
0.7262901663780212
0.7192837595939636
0.7278644442558289
0.7439953684806824
0.750244677066803
0.7453160881996155
0.761296272277832
0.774474561214447
0.793663740158081
0.7988423705101013
0.805612325668335
0.8204927444458008
0.8198146224021912
0.8404726386070251
0.8656937479972839
0.8739386200904846
0.8684988617897034
0.9012936949729919
0.9204806685447693
0.9335944652557373
0.9533829689025879
0.9806210994720459
1.0036845207214355
1.0323435068130493
1.0589869022369385
1.0854012966156006
1.1076183319091797
1.1434880495071411
1.1392097473144531
1.1789804697036743
1.2183958292007446
1.2555941343307495
1.284298300743103
1.3292841911315918
1.3881131410598755
1.4273509979248047
1.4943134784698486
1.545942783355713
1.5933622121810913
1.6718215942382812
1.7432124614715576
1.8595036268234253
1.9126403331756592
2.0309853553771973
2.15513014793396
0
0
0
0
0
0
0
0
2.1917264461517334
2.1434502601623535
2.118771553039551
2.0948915481567383
2.1055908203125
2.079296112060547
2.101001501083374
2.1574766635894775
2.214280366897583
2.9836208820343018
3.0169436931610107
3.015866756439209
3.050600528717041
3.076376438140869
3.0965967178344727
3.14442777633667
3.139331102371216
3.189836263656616
3.224331855773926
3.2623138427734375
3.2854158878326416
3.3336150646209717
3.3450331687927246
3.4098846912384033
0
0
0
0
0
0
0
0
0
0
0
0
0
0
0
0
0.73674476146698
0.690658450126648
0.6825328469276428
0.6644687652587891
0.6291859149932861
0.6315467953681946
0.6312471628189087
0.62734055519104
0.6343506574630737
0.6128790974617004
0.5989772081375122
0.6044790148735046
0.6239206790924072
0.6068487167358398
0.6119512915611267
0.6140294671058655
0.6230679154396057
0.6279957294464111
0.6192831993103027
0.6618602871894836
0.6497975587844849
0.6522769331932068
0.6793491840362549
