2.9345667362213135
0
0
0
0
0
0
0
0
0
0
0
0
0
0
0
0
0
0
0
0
0
0
0
0
0
0
0
0
0
3.4792137145996094
3.494925022125244
0
0
0
0
0
0
0
0
0
0
0
0
0
0
0
0
0
0
0
0
0
0
0
0
0
0
0
0
3.481816291809082
3.449796438217163
1.4148411750793457
1.4410086870193481
0
0
0
0
0
0
0
0
0
0
0
0
0
0
0
0
0
0
0
0
0
0
0
0
0
0
0
0
0
2.331214427947998
2.2987964153289795
2.290510654449463
2.2889297008514404
2.296590566635132
2.302525281906128
2.3395137786865234
0
0
0
0
0
0
3.5
0
0
0
0
0
0
0
0
0
0
0
0
0
0
0
0
0
0
0
0
1.4984040260314941
1.4690394401550293
1.4304639101028442
1.4374037981033325
1.4273263216018677
1.412330985069275
1.4346500635147095
1.4347895383834839
1.4509780406951904
1.4592242240905762
1.5222193002700806
0
0
0
0
0
0
0
0
0
0
0
0
0
0
0
0
0
0
0
0
0
0
0
0
0
0
0
0
0
0
0
0
0
0
0
0
0
0
0
0
2.9593818187713623
2.9115521907806396
2.900113105773926
2.909428119659424
2.951437473297119
0
0
0
0
0
0
0
0
0
0
0
0
0
0
0
0
0
0
0
0
0
0
0
0
0
0
0
0
0
0
0
0
2.8048601150512695
2.77554988861084
2.7341761589050293
2.75303053855896
2.7927496433258057
2.844395637512207
0
0
0
0
0
0
0
0
0
0
0
0
0
0.9686282873153687
0.946483314037323
0.9625608921051025
0
0
0
0
0
0
0
0
0
0
0
0
0
0
0
0
0
0
0
0
0
0
0
0
0
0
0
0
0
0
0
0
0
0
0
0
0
0
0
0
0
2.5795164108276367
2.532203435897827
2.5217227935791016
2.5052149295806885
2.5260698795318604
2.5590884685516357
2.6030290126800537
0
0
0
0
0
0
0
0
0
0
0
0
0
0
0
0
0
3.484697103500366
3.488593101501465
3.485950231552124
3.4917564392089844
3.4443161487579346
3.454017400741577
3.4423415660858154
3.429169178009033
3.428812026977539
3.4265542030334473
3.427130937576294
3.426286220550537
3.424072504043579
3.421658992767334
3.425292491912842
3.4226865768432617
3.4262843132019043
3.4168145656585693
3.435901403427124
3.4413578510284424
3.464873790740967
3.4751040935516357
3.4575464725494385
3.499647617340088
3.471271514892578
0
0
0
0
0
0
0
0
0
0
0
0
0
1.5051335096359253
1.4526346921920776
1.4392566680908203
1.4110091924667358
1.3853042125701904
1.3872050046920776
1.3803924322128296
1.381562352180481
1.4154784679412842
1.4213368892669678
1.4179819822311401
1.4577950239181519
1.5194852352142334
2.8685553073883057
2.8400323390960693
2.80708646774292
2.786778211593628
2.813169240951538
2.8367841243743896
2.8912248611450195
