0
0
0
1.7903671264648438
1.8246506452560425
0
0
0
0
0
0
0
0
0
0
0
0
0
0
0
0
0
0
0
0
0
0
0
0
0
3.115870952606201
3.0549581050872803
3.025167942047119
3.0230369567871094
3.036618709564209
3.0609006881713867
0
0
0
0
0
0
0
0
0
0
0
0
0
0
0
0
0
0
0
0
0
0
0
0
0
0
0
0
0
0
0
0
0
0
0
0
0
0
0
0
0
0
0
0
0
0
0
0
0
1.5910719633102417
1.5551328659057617
1.5385979413986206
1.5032817125320435
1.5155611038208008
1.5159623622894287
1.5241546630859375
1.5341700315475464
1.5604168176651
1.566785216331482
0
0
0
0
0
0
0
0
0
0
0
0
0
0
0
0
0
0
0
0
2.23496413230896
2.20578670501709
2.17903995513916
2.1688287258148193
2.161548614501953
2.1964030265808105
0.5332885384559631
0.5006670951843262
0.47295263409614563
0.45736441016197205
0.45387232303619385
0.4429817497730255
0.4532860219478607
0.41859498620033264
0.4336073100566864
0.42863765358924866
0.4318264424800873
0.43178674578666687
0.4226711690425873
0.40166231989860535
0.4038817286491394
0.41724833846092224
0.40395498275756836
0.39398229122161865
0.4143213629722595
0.42305415868759155
0.4323301613330841
0.4194307029247284
0.4289923906326294
0.43370407819747925
0.4380715489387512
0.4196971356868744
0.44013434648513794
0.4576195180416107
0.4590722322463989
0.46621614694595337
0.4756702482700348
0.5167198777198792
1.6483677625656128
1.6490181684494019
1.647680640220642
1.6412992477416992
1.6447241306304932
1.6742935180664062
1.6973687410354614
3.373279571533203
3.457923173904419
0
0
0
0
0
0
0
0
0
0
0
0
0
0
0
0
0
0
0
0
0
0
0
0
2.0652177333831787
2.016627073287964
1.9731450080871582
1.9638519287109375
1.9728209972381592
1.973009705543518
1.9757970571517944
2.0131118297576904
2.0829689502716064
0
0
0
0
0
0
0
0
0
0
0
0
0
0
0
0
3.225625514984131
3.1972780227661133
3.195319652557373
3.214202642440796
3.277404546737671
0
0
0
0
0
0
0
0
0
0
0
1.002753734588623
0.9481325745582581
0.9394663572311401
0.9251347780227661
0.8997896909713745
0.914881706237793
0.8956354856491089
0.9098560214042664
0.8909748792648315
0.8871902823448181
0.8943744897842407
0.923987090587616
0.9182507991790771
0.8963929414749146
0.925231397151947
0.9612191319465637
0.9848090410232544
2.625854969024658
2.6894748210906982
0
0
0
0
0
0
0
0
0
0
0
0
0
0
0
0
0
0
0
0
2.6459879875183105
0
0
0
0
0
0
0
0
0
0
2.802626132965088
2.7366349697113037
2.7396020889282227
2.7306761741638184
2.7482314109802246
2.8150198459625244
0
0
0
0
0
0
0
0
0
3.4880173206329346
0
0
0
0
0
0
0
0
0
0
0
0
0
0
0
0
0
0
0
0
0
0
0
1.0407050848007202
0.9829273819923401
0.937039852142334
0.9227458834648132
0.9062343239784241
0.9157378673553467
0.8894728422164917
0.8849378228187561
0.9006191492080688
0.8940942883491516
0.8956804871559143
0.8848178386688232
0.9042667746543884
0.8828341960906982
0.9104099869728088
0.9132433533668518
0.9650564789772034
0.9909019470214844
2.6522247791290283
2.7051570415496826
0
0
0
0
0
0
0
0
0
0
0
0
0
0
0
0
0
0
0
0
0
0
0
0
