0
0
0
0
0
0
0
0
0
0
0
0
0
0
0
0
0
0
0
0
0
0
0
0
0
0
0
0
0
0
0
0
0
0
0
0
0
0
0
0
0
0
0
0
0
1.1302365064620972
1.1062308549880981
1.0698213577270508
1.0758717060089111
1.052147388458252
1.0390114784240723
1.0193520784378052
1.0472559928894043
1.0362240076065063
1.0333855152130127
1.0684325695037842
1.0579255819320679
1.0591596364974976
1.075541377067566
1.1236480474472046
1.1470344066619873
0
0
0
0
0
0
0
0
0
0
0
0
0
0
0
0
0
0
0
0
0
0
0
0
0
0
0
0
0
0
0
3.436751365661621
3.2705798149108887
3.1453664302825928
3.128885507583618
3.149259567260742
3.169778823852539
3.195692777633667
3.2263598442077637
3.2793123722076416
3.316878080368042
3.326931953430176
3.3634278774261475
3.4107208251953125
3.4570565223693848
3.4797160625457764
0
0
0
0
0
0
0
0
0
0
0
0
0
0
0
0
0
0
0
0
0
0
1.9672811031341553
1.9333199262619019
1.9219304323196411
1.8850998878479004
1.9030910730361938
1.8995212316513062
1.9016276597976685
1.9340665340423584
1.9922537803649902
0
0
0
0
0
0
0
0
0
0
0
0
0
0
0
0
0
0
0
0
0
0
0
0
0
0
0
0
0
0
0
0
0
0
0
0
0
0
0
0
0
0
0
0
0
0
0
0
0
2.5911865234375
2.5627474784851074
2.5592665672302246
2.5478358268737793
2.5694448947906494
2.600597381591797
0
0
0
0
0
0
0
0
1.8622077703475952
1.7778699398040771
1.7673548460006714
1.7467942237854004
1.746154546737671
1.7279237508773804
1.7360106706619263
1.7343072891235352
1.7741862535476685
1.8110405206680298
0
3.3252716064453125
3.298992872238159
3.2639269828796387
3.297384738922119
3.3556690216064453
0
0
0
0
0
0
0
0
0
0
0
0
0
0
0
0
0
3.0199058055877686
0
0
0
0
0
0
0
0
0
0
0
0
0
0
0
0
0
1.8218655586242676
1.7827531099319458
1.7578985691070557
1.7288682460784912
1.7207194566726685
1.715416669845581
1.7229996919631958
1.7322295904159546
1.7538905143737793
1.795209288597107
0
0
0
0
2.844604969024658
0
0
0
0
0
0
0
0
0
0
0
0
0
0
0
0
0
0
0
0
0
0
0
1.181615948677063
1.128385305404663
1.088318109512329
1.0831726789474487
1.0748965740203857
1.0568783283233643
1.0565541982650757
1.0297062397003174
1.060653567314148
1.066630482673645
1.0575635433197021
1.0677775144577026
1.0604666471481323
1.09299898147583
1.1158713102340698
1.1623973846435547
0
0
0
0
0
0
0
0
0
0
0
0
0
0
0
0
0
0
3.5
0
0
0
0
0
0
0
0
0
0
0
0
0
0
0
0
1.7412800788879395
1.720306396484375
0
0
0
0
0
0
0
0
0
0
0
0
0
0
0
0
0
