0.677699863910675
0.6694432497024536
0.7049480080604553
0.7111146450042725
0.7314627766609192
0.7678180932998657
0
0
0
2.2196106910705566
2.23193621635437
0
0
0
0
0
0
0
0
0
0
0
0
0
0
0
0
0
0
0
0
0
0
0
0
0
0
0
0
0
0
0
0
0
0
0
0
0
0
0
0
0
0
0
0
0
0
0
0
0
0
0
0
0
2.1617867946624756
2.0746910572052
2.082327127456665
2.04840087890625
2.064195394515991
2.0645155906677246
2.0787739753723145
2.0925114154815674
2.1534907817840576
3.20841646194458
0
0
0
0
0
0
0
0
0
0
0
0
0
0
0
0
0
0
0
0
0
0
0
0
0
0
0
0
0
0
0
0
0
0
0
0
0
0
0
0
0
0
0
0
0
0
0
0
0
2.506425380706787
2.4565932750701904
2.450202465057373
2.4517502784729004
2.4543590545654297
2.4870285987854004
2.559196949005127
0
0
0
0
0
0
0
0
0
0
0
0
0
0
0
0
0
0
0
0
0
0
0
0
0
0
0
1.775437593460083
1.78327476978302
0
0
0
0
0
0
0
0
0
0
0
0
0
0
0
0
0
0
0
0
0
0
0
0
0
0
3.0109434127807617
2.9774036407470703
2.949414014816284
2.9634182453155518
2.9866089820861816
3.11016845703125
0
0
0
0
0
0
0
0
0
0
0
0
0
0
0
0
0
0
0
0
0
0
0
2.092839241027832
0
0
0
0
0
0
0
0
0
0
0
0
0.520927906036377
0.5124135613441467
0.5093894600868225
0.5204198956489563
0.5254763960838318
0.516280472278595
0
0
0
0
0
0
1.9072673320770264
1.8859200477600098
1.8656882047653198
1.863026738166809
1.8688105344772339
1.8450361490249634
1.8636218309402466
1.9094960689544678
1.9307564496994019
3.087230682373047
3.0888280868530273
3.0655429363250732
3.1079723834991455
3.2038445472717285
0
0
0
0
0
0
0
0
0
0
0
0
0
0
0
0
0
0
0
0
0
0
0
0
0
0
0
0
0
0
0
0
0
0
0
1.7651512622833252
1.6941230297088623
1.691367268562317
1.6681112051010132
1.6538188457489014
1.637059211730957
1.6637319326400757
1.657094120979309
1.704951524734497
1.7138046026229858
0
0
0
0
0
0
0
0
0
0
0
0
0
0
0
0
0
0
0
0
2.02290678024292
1.97195565700531
1.9796591997146606
1.964082956314087
1.9467031955718994
1.971845269203186
1.9817534685134888
2.000638484954834
2.0790352821350098
0
0
0
0
0
0
0
0
0
0
0
0
0
0
0
0.7495282292366028
0.7457215189933777
0.6992034912109375
0.6928946375846863
0.6753801107406616
0.6730414628982544
0.6756295561790466
0.6505295038223267
0.679328203201294
0.6642248034477234
0.6422942280769348
0.6472089886665344
0.6514107584953308
0.6500673294067383
0.6681114435195923
0.6574552655220032
0.6802182793617249
0.6711829304695129
