0
0
0
0
0
0
0
0
0
0
0
0
0
0
0
0
0
0
0
0
0
0
0
0
0
0
0
0
0
0
0
0
0
0
0
0
3.2132372856140137
3.1851463317871094
0.9766021966934204
0.9866044521331787
0.9664480686187744
0.937361478805542
0.9268528819084167
0.9147074818611145
0.9130531549453735
0.8968263268470764
0.9131593108177185
0.8899941444396973
0.9120322465896606
0.9239333868026733
0.9486549496650696
0.9284980297088623
0.9458098411560059
0.9785577654838562
1.0178765058517456
0
0
0
0
0
0
0
0
0
0
0
0
0
0
0
0
0
0
0
0
0
0
0
0
0
0
0
0
3.296670436859131
3.2544376850128174
3.22959303855896
3.2115445137023926
3.252746820449829
3.3111960887908936
0
0
0
0
0
2.4690282344818115
2.448566436767578
2.4358580112457275
2.466050148010254
2.454641342163086
2.483149290084839
2.5264508724212646
0
0
0
0
0
0
0
0
0
0
0
0
0
0
0
0
0
0
0
0
0
0
0
0
0
0
0
0
0
2.053762197494507
2.0219550132751465
1.994086503982544
1.976444125175476
1.9904690980911255
1.9941974878311157
2.0198817253112793
2.0379528999328613
0
0
0
0
0
0
0
0
0
0
0
0
0
0
0
0
0
0
0
0
0
0
0
0
0
0
0
2.651421308517456
2.5971434116363525
2.580021619796753
2.5726704597473145
2.5708627700805664
2.609454870223999
2.6837239265441895
0
0
0
0
0
0
0
0
0
0
0
0
0
0
0
0
0
0
0
0
0
0
0
0
0
0
0
0
0.8979934453964233
0.8786851763725281
0.8608194589614868
0.8592034578323364
0.8411669135093689
0.8386702537536621
0.8355841636657715
0.8394705653190613
0.8287144899368286
0.8331829905509949
0.8473862409591675
0.8472885489463806
0.8562828898429871
0.8594710826873779
0.857278048992157
0.8668500781059265
0.8924805521965027
0.9381842613220215
3.1278884410858154
3.1581943035125732
3.21748423576355
0
0
0
0
0
0
0
0
0
0
0
0
0
0
0
0
0
0
0
0
0
0
0
0
0
0.7222747802734375
0.7230507731437683
0.7056310176849365
0.7125501036643982
0.7067089080810547
0.7424630522727966
0.7102012634277344
0.7066887617111206
0.7212164402008057
0.7078486084938049
0.7216938734054565
0.7226852178573608
0.7227900624275208
0.7199578285217285
0.7302818298339844
0.7141634821891785
0.7140972018241882
0.7139738202095032
0.7357082366943359
0.7467522025108337
0.7306399941444397
0.7417895793914795
0.7498821020126343
0.7283039093017578
0.7438110113143921
0.7533330321311951
0.7624018788337708
0.7754707336425781
0.7807813882827759
0.7837932705879211
0.7877762317657471
0.7727535367012024
0.7839406132698059
0.8098547458648682
0.8253763914108276
0.8089305758476257
0.8323420882225037
0.8352512717247009
0.8386621475219727
0.8673195838928223
0.8432305455207825
0.8685030341148376
0.8909663558006287
0.9173951148986816
0.9096816182136536
0.9184642434120178
0.9373370409011841
0.9329316020011902
0.9737120270729065
0.9768292903900146
0.9874865412712097
1.0119714736938477
1.0201013088226318
1.0575156211853027
1.0686954259872437
1.104585886001587
1.1078461408615112
1.1422219276428223
1.1457743644714355
0
0
0
0
0
0
0
0
0
0
0
0
0
0
0
0
0
0
0
0
0
0
0
0
0
0
0
0
0
0
0
0
0
0
3.2260940074920654
3.158327341079712
3.1454808712005615
3.1384716033935547
3.1800737380981445
3.215796709060669
0
0
0
0
0
0
0
0
0
0
0
0
0
0
0
