0
2.540919303894043
2.5252554416656494
2.5094592571258545
2.51990008354187
2.507472276687622
2.545891046524048
2.585144281387329
0
0
0
0
0
0
0
0
0
0
0
0
0
0
0
0
0
0
0
0
0
1.1410130262374878
1.085292935371399
1.0752753019332886
1.0672484636306763
1.0867775678634644
1.0321625471115112
1.034057378768921
1.0389124155044556
1.0486552715301514
1.0471420288085938
1.0465447902679443
1.0581828355789185
1.0808895826339722
1.0882748365402222
1.1313132047653198
0
0
0
0
0
0
0
0
0
0
0
0
0
0
0
0
0
0
2.6873910427093506
2.6448678970336914
2.6025550365448
2.617717742919922
2.586602210998535
2.6249682903289795
2.687833309173584
0
0
0
0
0
0
0
0
1.619554042816162
1.5385792255401611
1.5186125040054321
1.4940022230148315
1.4912147521972656
1.4987525939941406
1.4874210357666016
1.493425726890564
1.4948561191558838
1.5421128273010254
1.5534082651138306
1.5940921306610107
0
0
0
0
0
0
0
0
0
0
0
0
0
2.8893277645111084
2.8813414573669434
2.867807626724243
2.871624708175659
2.8931379318237305
0
0
0
0
0
0
0
0
0
0
0
0
0
0
0
0
0
0
0
0
0
0
0
0
0
0
2.7174184322357178
0
0
0
0
0
0
0
0
0
0
0
0
0
0
0
0
0
0
0
0
0
0
0
0
0
0.9704529643058777
0.979410707950592
0.9877045154571533
0
0
0
0
0
0
0
0
0
0
0
0
0
0
0
0
0
0
0
0
0
0
0
0
0
0
0
0
0
0
0
0
0
0
0
0
0
0
0
0
0
0
0
0
0
0
2.2793614864349365
0
0
0
0
0
0
0
0
0
0
0
0
0
0
0
0
0
0
0
0
0
0
0
0
0
0
0
0
0
0
0
0
0
0
0
0
0
0
0
0
0
0
0
0
0
0
0
0
0
0
0
0
0
0
0
0
0
0
1.9739491939544678
0
0
0
0
0
0
0
0
0
3.202928304672241
3.1458921432495117
3.1401076316833496
3.1478006839752197
3.195256471633911
0
0
0
0
0
0
0
0
0
0
0
0
0
0
0
0
0
0
2.916893243789673
2.8296806812286377
2.8215863704681396
2.81575870513916
2.8036885261535645
2.844312906265259
2.907346725463867
0
0
0
0
0
0
0
0
0
0
0
2.991788864135742
2.9460031986236572
2.932457685470581
2.922366142272949
2.946624994277954
2.9934206008911133
0
0
0
0
2.3107151985168457
2.2502450942993164
2.249102830886841
2.2180368900299072
2.2436811923980713
2.2543094158172607
2.2875466346740723
2.349508047103882
0
0
1.6758915185928345
1.6128172874450684
1.6006932258605957
1.5740009546279907
1.5528324842453003
1.5543025732040405
1.5802701711654663
1.5849064588546753
1.5848476886749268
1.6167064905166626
1.6549406051635742
3.174001932144165
0
0
0
0
0
0
0
0
0
0
