0
0
0
0
0
0
0
0
0
0
0
0
0
0
0
0
0
0
0
0
0
0
0
0
0
0
0
0
0
0
0
0
0
0
0
0
0
0
0
0
0
0
0
0
0
0
0
0
0
0
0
0
0
0
0
0
0
0
0
0
0
0
0
0
0
0
0
0
0
0
0
0
0
0
0
0
0
0
0
0
1.5944781303405762
1.541395664215088
1.5186594724655151
1.5206797122955322
1.5078845024108887
1.5089870691299438
1.5194050073623657
1.509217381477356
1.5413810014724731
1.57475745677948
1.6074116230010986
0
0
0
0
0
0
0
0
0
0
0
0
0
0
0
0
0
0
0
0
0
0.6301435232162476
0.5970181226730347
0.5744848847389221
0.5650271773338318
0.5610577464103699
0.5381534099578857
0.5507200956344604
0.5492658019065857
0.5326985716819763
0.5237646102905273
0.5257529616355896
0.5125405788421631
0.5337162017822266
0.545960545539856
0.5282976627349854
0.5310308933258057
0.5109211802482605
0.5260867476463318
0.5280856490135193
0.528121829032898
0.5261403322219849
0.5387582778930664
0.5613008737564087
0.5579574108123779
0.5931615829467773
0.6108279824256897
0.6027036309242249
0
0
0
0
0
0
0
0
0
0
0
0
0
0
0
0
0
0
0
0
0
3.060384511947632
3.039919853210449
3.0118181705474854
3.029648542404175
3.072544574737549
0
0
0
0
0
0
0
0
0
0
0
0
0
0
0
0
1.6783219575881958
1.6303631067276
1.6185871362686157
1.5970547199249268
1.596167802810669
1.589235544204712
1.6023552417755127
1.6081780195236206
1.636435866355896
1.6606800556182861
0
0
0
0
0
2.6733412742614746
2.613252878189087
2.6124672889709473
2.5935161113739014
2.6101012229919434
2.640946626663208
0
0
0
0
0
0
0
0
0
0
0
0
0
0
0
0
0
0
0
0
0
3.2055749893188477
3.138389825820923
3.138068914413452
3.1282002925872803
3.1847500801086426
0
0
0
0
0
0
0
0
0
0
0
0
1.4636749029159546
1.4063904285430908
1.4073207378387451
1.3899383544921875
1.3688721656799316
1.3433938026428223
1.3404206037521362
1.3596208095550537
1.373261570930481
1.3764430284500122
1.4248446226119995
1.441123127937317
0
0
0
0
3.1374197006225586
3.0394985675811768
3.0137243270874023
2.995836019515991
3.0170907974243164
3.0587852001190186
0
0
0
0
0
0
0
0
0
0
0
0
0
0
0
0
0
0
0
0
0
0
0
0
0
0
0
0
0
0
0
0
0
0
0
0
0
0
0
0
0
0
0
1.559212565422058
1.530552864074707
1.5131280422210693
1.492714762687683
1.4882150888442993
1.4603441953659058
1.470002293586731
1.4869543313980103
1.48227059841156
1.5199652910232544
1.5384334325790405
0
0
0
0
0
0
0
0
0
0
0
0
0
0
0
0
0
0
0
0
0
0
0
0
0
0
0
0
0
0
0
0
0
0
0
0
0
0
0
0
0
0
0
0
