1.4102563858032227
1.3588136434555054
1.3459898233413696
1.3230748176574707
1.324884057044983
1.3003418445587158
1.310408353805542
1.316127061843872
1.310996651649475
1.3175992965698242
1.3396075963974
1.3751927614212036
1.4108307361602783
0
0
0
0
0
0
0
2.737999200820923
2.7133607864379883
2.691246747970581
2.696866273880005
2.710332155227661
2.745213270187378
0
0
0
0
0
0
0
0
0
0
0
0
0
0
0
0
0
0
0
0
0
0
0
0
0
3.4637346267700195
3.430521011352539
3.4498791694641113
2.4493978023529053
2.398799419403076
2.3767662048339844
2.3582656383514404
2.3825411796569824
2.384039878845215
2.404029369354248
2.484337329864502
0
1.501603126525879
1.431523084640503
1.4102157354354858
1.387565016746521
1.390607476234436
1.3839573860168457
1.3808119297027588
1.391230821609497
1.4018328189849854
1.3994799852371216
1.427507758140564
1.4540319442749023
0
0
0
0
0
0
0
0
2.920560359954834
2.889232635498047
2.858898878097534
2.8561487197875977
2.8676469326019287
2.9160962104797363
0
0
0
0
0
0
0
2.281036615371704
2.226414203643799
2.227470874786377
2.2191388607025146
2.2230052947998047
2.250051736831665
2.2717206478118896
0
0
0
0
0
0
3.4464685916900635
3.4156410694122314
3.4366862773895264
3.4569034576416016
0
0
0
0
0
0
0
0
0
0.6070954203605652
0.5734606981277466
0.5719087719917297
0.5347886681556702
0.5355812907218933
0.513256847858429
0.510741114616394
0.5085522532463074
0.5076056718826294
0.5078945159912109
0.49409642815589905
0.47930410504341125
0.5139002203941345
0.4942606985569
0.5159597992897034
0.5088744163513184
0.49961981177330017
0.501234233379364
0.4790633022785187
0.5134744644165039
0.5144848823547363
0.5328389406204224
0.5233504772186279
0.5363374352455139
0.5383509993553162
0.5547024011611938
0.5668805837631226
0.6062771677970886
0
0
0
0
0
0
0
0
0
0
0
0
0
0
0
0
0
0
0
0
0
0
0
0
0
0
0
0
0
2.105189800262451
1.2418429851531982
1.1968142986297607
1.1522343158721924
1.1801466941833496
1.126430869102478
1.1367089748382568
1.127767562866211
1.1408805847167969
1.1311612129211426
1.1413509845733643
1.1530842781066895
1.1747028827667236
1.190057635307312
1.229231595993042
0
0
0
0
0
0
0
0
0
0
0
0
0
0
0
2.976372241973877
2.9475553035736084
2.916196346282959
2.9162704944610596
2.936763286590576
2.991588830947876
0
0
0
0
0
0
0
0
0
0
0
0
0
0
0
0
0
0
1.7731813192367554
1.7178508043289185
1.7166693210601807
1.7266016006469727
1.734755039215088
1.7024527788162231
1.7154266834259033
1.7330396175384521
1.7769477367401123
0
0
0
0
0
0
0
0
0
0
0
0
0
0
0
0
0
0
0
0
0
0
0
0
0
0
0
0
0
0
0
0
0
0
0
0
0
0
0
0
0
0
0
0
0
0
0
0
0
0
0
0
0.9059744477272034
0.8568363785743713
0.8839059472084045
0.8515239953994751
0.839228630065918
0.8288069367408752
0.8266081809997559
0.8254802227020264
0.8197988867759705
0.8103492856025696
0.823703944683075
0.8294205069541931
0.8279091715812683
0.8190960884094238
0.8619648814201355
0.8843534588813782
0.8666523098945618
0.870676577091217
0.9587379693984985
0
0
0
0
0
0
0
0
0
0
0
0
0
0
0
0
0
0
0
0
0
0
0
0
0
0
0
0
0
0
0
0
0
0
0
0
0
0
0
0
0
0
0
0
0
0
1.3961925506591797
