0
0
0
0
0
0
0
0
0
0
0
2.8043951988220215
2.7686285972595215
2.7728850841522217
2.753192663192749
2.7613332271575928
2.807370662689209
0
0
0
0
0
0
0
1.086944818496704
1.0624018907546997
1.041588544845581
1.0563770532608032
1.0133482217788696
1.0119043588638306
1.0109765529632568
1.027991771697998
1.0096230506896973
1.030595064163208
1.0236873626708984
1.0500576496124268
1.0374952554702759
1.0727516412734985
1.0766490697860718
2.2296230792999268
2.246415376663208
2.267435312271118
2.3454220294952393
0
0
0
0
0
0
0
0
0
0
0
0
0
0
0
0
0
0
0
0
0
0
0
0
0
0
0
0
0
0
0
0
2.5450990200042725
2.513951063156128
2.4811015129089355
2.4713406562805176
2.4792768955230713
2.518486499786377
2.571258068084717
0
0
0
0
0
0
0
0
0
0
0
0
0
0
0
0
0
0
0
0
0
0
0
0
0
0
0
0
0
0
0
0
0
0
0
0
0
0
0
0
0
0
0
0
0
0
0
0
0
0
0
0
0
0
0
0
0
0
0
3.4303808212280273
3.422067165374756
3.3917267322540283
3.4301388263702393
0
0
0
0
0
0
0
0
0
0
0
0
0
0
0
0
0
0
0
0
0
0
0
0
0
0
0
0
2.908953905105591
2.916335105895996
2.8717775344848633
2.902082681655884
2.924834966659546
0
0
0
0
0
0
0
0
0
0
0
0
0
0
0
0
0
0
0
0
0
0
0
0
0
0
0
0
0
0
0
0
0
0
0
0
0
0
0
0
0
2.306586503982544
2.246342182159424
2.226177930831909
2.2188003063201904
2.2174811363220215
2.241177797317505
0.44316521286964417
0.3968617916107178
0.3878011405467987
0.37249651551246643
0.3633496165275574
0.38192644715309143
0.3670981824398041
0.36891844868659973
0.3581830561161041
0.35298097133636475
0.3523164391517639
0.32031571865081787
0.34285444021224976
0.3417932987213135
0.33866986632347107
0.32711687684059143
0.35509926080703735
0.32830116152763367
0.3383181691169739
0.3412688076496124
0.33930155634880066
0.32840630412101746
0.33297696709632874
0.3407124876976013
0.3404881954193115
0.3519992232322693
0.3456679880619049
0.3474447429180145
0.3470664918422699
0.34055110812187195
0.37183016538619995
0.37592124938964844
0.3632868230342865
0.4041338562965393
0.3912294805049896
0.39347755908966064
0.4546877443790436
0
3.028557538986206
2.972929000854492
2.927333354949951
2.9328832626342773
2.932889938354492
2.9435648918151855
0
0
0
0
0
0
0
0
0
0
0
0
0
0
0
0
0
0
0
0
0
0
0
0
0
0
1.8260005712509155
1.7611756324768066
1.7735414505004883
1.7535407543182373
1.7510319948196411
1.740695595741272
1.7627946138381958
1.766116976737976
1.8095049858093262
1.8548823595046997
0
0
0
0
0
2.9341983795166016
3.4425554275512695
3.457228899002075
3.4825899600982666
0
0
0
0
0
0
0
0
0
0
0
0
0
0
0
0
0
0
0
0
0
0
0
0
0
0
0
0
0
0
0
2.1220757961273193
2.0948102474212646
2.087367057800293
2.0855114459991455
2.0619263648986816
2.0736584663391113
2.0993824005126953
2.1339833736419678
0
0
0
0
0
0
0
