0
0
0
0
0
0
0
0
0
0
0
0
0
1.1074198484420776
0.8308073282241821
0.6737528443336487
0.6081402897834778
0.5813164710998535
0.5775448679924011
0.587399959564209
0.5905264019966125
0.5946931838989258
0.5770606398582458
0.5909101963043213
0.5808936953544617
0.6058790683746338
0.6015514731407166
0.5981526374816895
0.6129646301269531
0.5969316959381104
0.6082689166069031
0.6190441250801086
0.6255016326904297
0.6147024631500244
0.6303345561027527
0.6309491991996765
0.653503954410553
0.6267451643943787
0.664345383644104
0.6539691090583801
0.665703296661377
0.6953822374343872
0.6798297166824341
0.6749199628829956
0.70047926902771
0.709919810295105
0.7151455283164978
0.7285947799682617
0.7198179364204407
0
0
0
0
0
0
3.2871670722961426
3.2416675090789795
3.237456798553467
3.2399985790252686
3.2125637531280518
3.2248308658599854
3.1635608673095703
3.249176025390625
3.1095292568206787
3.3332183361053467
0
0
0
0
0
0
0
3.0555503368377686
0
0
0
0
0
0
0
0
0
0
0
0
0
0
0
0
0
0
0
0
0
0
0
1.6983413696289062
1.7328308820724487
0
0
0
0
0
0
0
0
0
0
2.8299953937530518
2.8729939460754395
2.9238264560699463
2.9244861602783203
2.9986774921417236
3.03395676612854
0
0
0
0
0
0
0
0
3.454458236694336
3.4184560775756836
3.3618075847625732
3.309612989425659
3.2524683475494385
3.2159371376037598
3.196155309677124
3.156968116760254
3.094694137573242
3.0875260829925537
3.0462646484375
3.0033371448516846
2.975499153137207
2.953044891357422
2.9199705123901367
2.8929598331451416
2.8792123794555664
2.860464572906494
2.8413119316101074
2.7983591556549072
2.900430679321289
3.0371885299682617
3.186331033706665
2.7464261054992676
2.7315316200256348
2.7075955867767334
2.700639486312866
2.70386004447937
2.682297706604004
2.6861610412597656
2.6513516902923584
2.649817705154419
2.6558401584625244
2.6280128955841064
2.624216318130493
0.8046066164970398
0.7831557393074036
0.8279944658279419
0.8382294774055481
0.8822066187858582
0.909099280834198
0.9415463805198669
0.9781504273414612
1.0236220359802246
1.0639172792434692
1.1302303075790405
1.1617045402526855
1.1369060277938843
1.1398948431015015
1.1341612339019775
1.134048581123352
1.1124529838562012
1.111149787902832
1.1020739078521729
1.1116551160812378
1.0914491415023804
1.1115448474884033
1.0824624300003052
1.0909321308135986
1.0823369026184082
1.076080560684204
1.095929741859436
1.0694433450698853
1.0864211320877075
1.07735013961792
1.1013660430908203
1.0862373113632202
1.0991382598876953
1.0916423797607422
1.0803974866867065
1.0693063735961914
1.0955480337142944
1.0817217826843262
1.1082242727279663
1.1150891780853271
1.0999033451080322
1.0883381366729736
1.0974454879760742
1.113952398300171
1.128346562385559
1.130375862121582
1.1154118776321411
1.1346848011016846
1.1391642093658447
1.1536409854888916
1.1662824153900146
1.1642400026321411
1.1642780303955078
1.1759434938430786
1.1832714080810547
1.182137131690979
1.1339342594146729
1.088069200515747
1.054653286933899
1.0474615097045898
1.0034654140472412
0.9631248116493225
0.9368597865104675
0.9125012755393982
0.8713818192481995
0.8586453795433044
0.8738859295845032
0
0
0
0
0
0
0
0
0
0
0
0
0
0
0
0
0
0
0
0
0
0
2.5178565979003906
1.3844550848007202
1.3824459314346313
1.3858367204666138
1.3745801448822021
1.3667420148849487
1.393471598625183
1.3886563777923584
1.3863418102264404
1.392124891281128
1.3898440599441528
1.395776391029358
1.3781332969665527
1.410986304283142
1.3963651657104492
1.410580039024353
1.3998146057128906
1.4113097190856934
2.040044069290161
1.903780460357666
1.7766634225845337
1.6716272830963135
1.5534172058105469
1.457506775856018
1.366007685661316
1.2888129949569702
1.228209137916565
1.189634919166565
1.1347709894180298
1.0794522762298584
1.04267156124115
0.9924436807632446
0.9623386263847351
0.9699730277061462
0.9913063645362854
0.9907146692276001
0.9936448931694031
1.0092449188232422
1.0072484016418457
1.0224671363830566
1.0242120027542114
1.0368045568466187
1.0622345209121704
1.0661581754684448
1.063153862953186
1.096462368965149
1.1020785570144653
1.118881106376648
1.1649675369262695
1.1541167497634888
3.188823938369751
2.5992157459259033
2.6427812576293945
2.411294460296631
2.385097026824951
2.364840030670166
2.3266851902008057
2.280700922012329
2.2535672187805176
2.213611364364624
2.2155697345733643
2.965381383895874
3.028751850128174
3.1135215759277344
3.1511547565460205
3.111957311630249
3.077209949493408
3.060487747192383
3.0176095962524414
2.9910199642181396
2.967963933944702
0
0
0
0
0
0
0
0
0
0
0
0
0
0
0
0
0
0
0
0
0
0
0
0
0
0
0
0
0
0
0
0
0
0
0
0
0
0
0
0
0
0
0
