0.6675125360488892
0.6891199946403503
0.7038916349411011
0.6722070574760437
0.6792628765106201
0.6979243755340576
0.6921857595443726
0.7036011219024658
0.6794377565383911
0.7023991942405701
0.7042633295059204
0.7124533653259277
0.6834694743156433
0.690767765045166
0.7039921283721924
0.7076808214187622
0.7221292853355408
0.7110456228256226
0.7146338224411011
0.7382420897483826
0.7481154203414917
0
0
0
0
0
0
0
0
0
0
0
0
1.8300951719284058
1.8657830953598022
1.8825595378875732
1.9167815446853638
1.9160388708114624
1.9434348344802856
1.9838008880615234
2.009481191635132
2.0238776206970215
2.0574440956115723
2.0269670486450195
1.9796806573867798
1.9450480937957764
1.916001319885254
1.8654688596725464
1.8525235652923584
1.8473340272903442
1.7911158800125122
1.7795318365097046
1.7393747568130493
1.741832971572876
1.6908023357391357
1.6912554502487183
1.6642407178878784
1.150142788887024
1.2005701065063477
1.2386003732681274
1.271708369255066
1.3038257360458374
1.343321442604065
1.4090473651885986
1.4220821857452393
1.514431118965149
1.5965737104415894
1.6092548370361328
1.5971283912658691
2.0709989070892334
2.057403087615967
2.0542869567871094
2.0257515907287598
2.0117392539978027
0
0
0
0
0
0
0
0
0
0
0
0
0
0
0
0
0
0
0
0
0
0
0
0
0
0
0
0
0
0
0
0
0
0
2.8247175216674805
0
0
0
0
0
0
0
0
0
0
0
0
0
0
0
0
0
0
0
0
0
0
0
0
0
0
0
0
2.501579761505127
2.5146193504333496
2.5264995098114014
2.5370829105377197
2.5513179302215576
2.5853283405303955
2.598907232284546
2.64599609375
2.568138599395752
2.513744354248047
1.6669846773147583
1.6872174739837646
1.6852816343307495
1.699615240097046
1.7354487180709839
1.7808722257614136
1.7806143760681152
1.8109405040740967
1.822047233581543
1.870795726776123
1.8856756687164307
0
0
0
0
0
0
0
0
0
0
0
0
0
0
0
0
0
0
0
0
0
0
0
0
0
0
0
0
0
0
0
0
0
0
0
0
0
0
0
0
0
0
0
0
0
0
0
0
0
0
0
0
0
0
0
0
0
0
0
0
0
0
0
0
2.373002529144287
2.402677297592163
2.4535558223724365
2.4901645183563232
2.526388645172119
2.6074705123901367
2.632730007171631
2.5806312561035156
2.5301387310028076
2.5086283683776855
2.470773935317993
2.4503602981567383
2.415647268295288
2.381147861480713
2.356792688369751
2.3187124729156494
2.312770366668701
2.3127548694610596
2.286458969116211
1.8046103715896606
1.8236662149429321
1.8956040143966675
1.9418089389801025
1.7656561136245728
1.842661738395691
1.9219622611999512
2.0324606895446777
2.1227011680603027
2.118403196334839
2.083453893661499
2.078843593597412
2.063797950744629
2.0782406330108643
2.0536177158355713
2.0356881618499756
2.0338118076324463
2.0365209579467773
2.0144236087799072
2.03920316696167
2.028021812438965
2.0030322074890137
2.010936975479126
2.0084071159362793
2.023418426513672
2.0003676414489746
2.011187791824341
2.006664514541626
1.986628532409668
1.9930946826934814
1.9984238147735596
1.9923137426376343
1.9926265478134155
1.8093763589859009
1.646781086921692
0
0
0
0
0
0
0
0
0
0
0
0
0
0
0
0
0
0
0
0.6755765080451965
0.6513463854789734
0.6126163601875305
0.6051422357559204
0.5788162350654602
0.5608152747154236
0.5487971901893616
0.529825747013092
0.5316970348358154
0.5055659413337708
0.49350976943969727
0.4665220379829407
0.46128302812576294
0.43596306443214417
0.4599130153656006
0.42941540479660034
0.4488315284252167
0.4233191907405853
0.41248881816864014
0.40036484599113464
0.4152250587940216
0.387883722782135
0.3902598023414612
0.38417330384254456
0.36869633197784424
0.3696464002132416
0.37388983368873596
0.3780282437801361
0.3709825277328491
0.36838725209236145
0.37901562452316284
0.3890511095523834
0.41000640392303467
0.426194965839386
0.4257851541042328
0.4479861259460449
0.4508589506149292
0.47102680802345276
0.4925699830055237
0.5182206630706787
0.5306259989738464
0.5688593983650208
0.577939510345459
0.5896285772323608
0.6309026479721069
0.6383609175682068
0.6834456324577332
0.7476528286933899
0.7641674876213074
0.7969148755073547
0.8757051229476929
0.940186083316803
1.0394598245620728
0.6973264813423157
0.6804659962654114
0.6967411041259766
0.684862494468689
0.685913622379303
0.7086555361747742
0.6830756664276123
0.6868175864219666
0.6916150450706482
0.7054697275161743
0.701453685760498
0.7056707739830017
