0
0
0
0
0
0
0
0
3.175313711166382
3.1322803497314453
3.106520175933838
3.1082310676574707
3.141477346420288
3.1737723350524902
0
0
0
0
0
0
0
0
1.534730315208435
1.5024099349975586
1.498325228691101
1.4759281873703003
1.483649730682373
1.4720596075057983
1.4664241075515747
1.4646446704864502
1.5004459619522095
1.5014770030975342
1.5538285970687866
0
0
0
0
0
0
0
0
0.7249850034713745
0.6843150854110718
0.6593946814537048
0.6526241302490234
0.6201185584068298
0.6068927645683289
0.6439148187637329
0.6304154396057129
0.6238976120948792
0.6114012598991394
0.6176513433456421
0.6131058931350708
0.6154965162277222
0.6048305630683899
0.595128059387207
0.6101569533348083
0.6260719299316406
0.6323420405387878
0.6455726623535156
0.6230800747871399
0.6537705659866333
0.647260308265686
0.6843780875205994
0.6886225342750549
0
0
0
0
0
0
0
0
0
0
0
0
0
0
0
0
0
0
0
0
0
0
0
0
0
0
0
0
0
0
0
0
0
0
0
0
0
3.290714740753174
0
0
0
0
0
0
0
0
0
0
0
0
0
0
0
0
0
0
0
0
0
0
0
0
0
0
0
0.7982727289199829
0.7719143629074097
0.7514786124229431
0.747216522693634
0.7552485466003418
0.728114128112793
0.712638258934021
0.7263814210891724
0.7182464599609375
0.7167613506317139
0.7074847221374512
0.7036187648773193
0.7067440748214722
0.7261059284210205
0.7307273149490356
0.7349140048027039
0.7646839022636414
0.7745548486709595
0.7678020000457764
0.8220016956329346
0
1.5731780529022217
1.564099907875061
1.527856707572937
1.5136557817459106
1.5056095123291016
1.5067775249481201
1.5206732749938965
1.5203921794891357
1.5402836799621582
1.588652491569519
0
0
0
0
0
0
0
0
0
0
0
0
0
0
0
0
0
0
0
0
0
0
0
0
0
3.331705331802368
3.3050105571746826
2.6841607093811035
2.658665895462036
2.6462886333465576
2.656104326248169
2.6629927158355713
2.747490882873535
0
0
0
1.6326215267181396
1.633691668510437
1.5816162824630737
1.5783039331436157
1.5724717378616333
1.5940922498703003
1.5655940771102905
1.591009259223938
1.6086102724075317
1.6409847736358643
0
0
0
3.4756860733032227
0.8532352447509766
0.8592966198921204
0.8039135336875916
0.7965472340583801
0.7911676168441772
0.7878403663635254
0.7993075847625732
0.7601289749145508
0.7686425447463989
0.7682864665985107
0.7543186545372009
0.7739790678024292
0.7920358180999756
0.7944091558456421
0.7972474694252014
0.804458737373352
0.7983207702636719
0.8427601456642151
0.8536429405212402
2.3672351837158203
2.3500425815582275
2.3730762004852295
2.423264265060425
0
0
0
0
0
0
0
0
0
0
0
0
0
0
0
0
0
2.034841537475586
1.961000919342041
1.9499084949493408
1.926751971244812
1.924424409866333
1.9205347299575806
1.9428684711456299
1.9817321300506592
2.0249927043914795
0
0
0
0
0
0
0
0
0
0
0
0
0
0
0
0
0
0
0
0
0
2.0808491706848145
2.059800863265991
2.0433847904205322
2.0029780864715576
2.0205626487731934
2.030593156814575
2.0419468879699707
2.065580129623413
2.122952699661255
0
0
0
0
2.9383111000061035
2.880754232406616
0.8691781759262085
0.8080471754074097
0.8028914928436279
0.7812902927398682
0.761008083820343
0.7418578863143921
0.7618022561073303
0.7371244430541992
0.7465808391571045
0.7388325333595276
0.7502365708351135
0.7386868596076965
0.7435603141784668
0.7492231726646423
0.7584130167961121
0.7662381529808044
0.7752134799957275
0.7807143330574036
0.7751695513725281
0.7983139753341675
0.8409473896026611
0
0
0
0
0
0
0
0
0
1.7669453620910645
1.7268202304840088
1.6933608055114746
1.6947569847106934
1.6860309839248657
1.6731849908828735
1.667932152748108
1.6903032064437866
1.7314573526382446
1.7406272888183594
0
0
2.8663394451141357
2.8437559604644775
2.8424296379089355
2.8523108959198
2.8384287357330322
2.899609088897705
0
0
0
0
0
0
0
0
0
0
0
0
0
0
0
0
