0
0
0
0
0
0
0
0
0
0
0
0
0
0
0
0
0
0
0
0
0
0
0
0
0
0
0
0
2.0906450748443604
2.086566209793091
2.038113594055176
2.0341687202453613
2.0275542736053467
2.0530827045440674
2.055762767791748
2.095966339111328
0
0
0
0
0
0
0
0
0
0
0
0
0
0
3.0316836833953857
0
0
0
0
0
0
0
0
0
0
0
0
0
0
0
0
0
0
0
0
0
0
0
0
0
0
0
0.9891350269317627
0.9740433096885681
0.9226518869400024
0.9133252501487732
0.8972768187522888
0.8818841576576233
0.8913815021514893
0.8919038772583008
0.8865107297897339
0.8826553225517273
0.8896177411079407
0.9051822423934937
0.9015474319458008
0.9045011401176453
0.9312103390693665
0.9256432056427002
0.955382764339447
0.9705005884170532
2.752241611480713
0
0
0
0
0
0
0
0
0
0
0
0
0
0
0
0
0
0
0
0
0
0
0
0
0
0
0
0
0
0
0
0
0
0
0
0
0
0
0
0
0
0
0
0
0
0
0
0
0
0
0
0
0
0
0
0
0
0
0
0
0
0
0
0
0
0
0
0
0
0
0
0
0
0
0
1.7431541681289673
1.6866202354431152
0
0
0
0
0
0
0
0
0
0
0
0
0
2.9292290210723877
2.8713021278381348
2.8642845153808594
2.8954076766967773
2.9111645221710205
2.9908878803253174
0
0
0
0
0
0
0
0
0
0
0
0
0
0
0
0
0
0
0
0
0
0
0
0
0
0
0
0
0
0
0
0
0
0
0
1.8606674671173096
1.8430728912353516
1.8139910697937012
1.7975088357925415
1.8163259029388428
1.83236563205719
1.8382517099380493
1.8622111082077026
1.8976410627365112
0
0
0
0
0
0
0
0
0
0
0
3.1990113258361816
0
0
0
0
0
0
0
0
0
0
0
0
0
0
0
0
0
0
0
0
0
0
0
0
0
0
0
0
0
0
0
0
0
0
0
0
0
0
0
0
0
0
0
0
0
0
0
0
0
0
0
0
0
0
0
1.7503020763397217
1.6795742511749268
1.6721017360687256
1.640608310699463
1.6121453046798706
1.6130961179733276
1.6099096536636353
1.633194923400879
1.6294889450073242
1.6640007495880127
1.7007842063903809
0
0
0
0
0
0
0
0
0
0
0
0
0
0
0
0
0
0
0
0
0
0
0
0
0
0
1.2073228359222412
1.1748685836791992
1.2248069047927856
0
0
0
0
0
2.695491075515747
2.639153242111206
2.6483280658721924
2.639892339706421
2.6531357765197754
2.6622819900512695
0
0
0
0
0
