0
0
0
0
0
0
0
0
0
0
0
0
0
0
0
0
0
0
1.8308135271072388
1.7872737646102905
1.7717186212539673
1.7679017782211304
1.7447620630264282
1.7564713954925537
1.7744783163070679
1.7856637239456177
1.793471336364746
1.8741594552993774
0
0
0
0
2.2476983070373535
2.214700698852539
2.1816067695617676
2.1978518962860107
2.1880688667297363
2.1878578662872314
2.193232774734497
2.2519335746765137
0
0
0
0
0
0
0
0
0
0
0
0
0
0
0
0
0
0
0
3.470858573913574
3.4517812728881836
3.4712371826171875
0
0
0
0
0
0
0
0
0
0
0
0
0
0
0
0
0
0
0
0
1.9166492223739624
1.8364269733428955
1.8044856786727905
1.7844799757003784
1.7934305667877197
1.776673436164856
1.3812466859817505
1.3526474237442017
1.3453073501586914
1.3182718753814697
1.31752610206604
1.3088237047195435
1.3141685724258423
1.3244707584381104
1.3203738927841187
1.346819281578064
1.3617597818374634
1.3856607675552368
0
1.8398151397705078
1.8442387580871582
1.8134937286376953
1.8170902729034424
1.8209365606307983
1.8175064325332642
1.8491582870483398
1.8527746200561523
1.9155734777450562
0
0
0
0
0
0
0
0
0
0
0
0
0
0
0
0
0
0
0
0
0
0
0
0
0
0
0
0
0
0
0
0
0
0
0
0
0
0
0
0
0
0
0
0
0
0
0
0
0.6831361651420593
0.65876305103302
0.6401903629302979
0.6200919151306152
0.6210413575172424
0.5936747789382935
0.589586079120636
0.5864430665969849
0.5857778787612915
0.5660985112190247
0.5724295377731323
0.5755746364593506
0.5780507326126099
0.5775590538978577
0.5614848136901855
0.5936480760574341
0.5863819122314453
0.5845339298248291
0.6123470067977905
0.6179404258728027
0.5979108810424805
0.6175318956375122
0.6304301023483276
0.6561529636383057
0.6988031268119812
1.1791828870773315
1.1948676109313965
1.1952816247940063
1.2268496751785278
1.2208826541900635
1.2838822603225708
0
0
0
0
0
0
0
0
0
0.8703858256340027
0.8485150933265686
0.8236962556838989
0.8218515515327454
0.8138396739959717
0.774840772151947
0.7767819762229919
0.8090994954109192
0.7928155064582825
0.7722552418708801
0.7853906154632568
0.799139142036438
0.7992824912071228
0.8010693788528442
0.8029134273529053
0.8257470726966858
0.8292945027351379
0.8630489110946655
0.9032845497131348
0
0
0
0
0
0
0
0
0
0
0
0
0
0
0
0
0
0
0
0
0
0
0
0
0
0
0
0
0
0
0
0
0
2.1988298892974854
2.173095226287842
2.172370672225952
2.1439759731292725
2.1700682640075684
2.1839599609375
2.230902671813965
0
0
0
0
2.5149548053741455
2.482553005218506
1.9637590646743774
1.9224270582199097
1.9145584106445312
1.8944034576416016
1.8974086046218872
1.901938557624817
1.9266434907913208
1.9546741247177124
1.9950379133224487
0
2.429286241531372
2.3476614952087402
2.308979034423828
2.3072335720062256
2.297248125076294
2.3173367977142334
2.349576711654663
2.3802974224090576
0
0
0
0
0
0
0
0
0
0
0
0
0
0
0
3.124635934829712
3.076728582382202
3.010887861251831
2.980074167251587
2.910342216491699
2.848243474960327
2.833456516265869
2.782440185546875
2.7561893463134766
2.696976900100708
2.6776490211486816
2.652369499206543
2.58954119682312
2.616607666015625
2.693081855773926
2.7363498210906982
2.825265884399414
2.924044370651245
0
0
0
0
0
0
0
0
0
2.4750490188598633
2.378934144973755
2.3386104106903076
2.338454008102417
2.336637020111084
2.3512086868286133
2.379063129425049
2.400071620941162
0
0
0
0
1.9568074941635132
1.9076627492904663
1.905092477798462
1.8834952116012573
1.8624162673950195
1.8664592504501343
1.8909884691238403
1.9059721231460571
1.9571914672851562
0
0
0
0
0
0
0
0
0
0
0
0
0
0
0
0
