0
0
0
0
0
0
0
0
0
0.9793013334274292
0.9606652855873108
0.9833559393882751
0
0
0
0
0
0
0
0
0
0
0
0
2.8353159427642822
0
0
0
0
0
0
0
0
0
0
0
0
0
0
0
0
0
0
0
0
0
0
0
0
0
0
0
0
0
0
0
0
0
2.5165469646453857
2.4908039569854736
2.45540189743042
2.4678795337677
2.4703381061553955
2.495048999786377
2.539703130722046
0
0
0
0
0
0
0
0
0
0
0
0
0
0
0
0
3.1200199127197266
3.082587718963623
1.2097382545471191
1.1670801639556885
1.1716066598892212
1.15956711769104
1.1280514001846313
1.1324462890625
1.1393016576766968
1.1299885511398315
1.1341153383255005
1.1423542499542236
1.1564980745315552
1.1682056188583374
1.1934869289398193
1.2341557741165161
0
0
0
0
0
0
0
0
0
0
0
0
0
0
0
2.3113808631896973
2.3022024631500244
2.257504463195801
2.2685885429382324
2.2754013538360596
2.2749717235565186
2.312678098678589
3.264307737350464
3.2525343894958496
3.3387110233306885
0
0
0
0
0
0
0
0
0
0
0
0
0
0
0
0
0
0
0
3.4482786655426025
3.419517993927002
3.4148786067962646
3.4562761783599854
2.3361246585845947
2.296079635620117
2.2825326919555664
2.293705940246582
2.2797024250030518
2.3035480976104736
2.3710289001464844
0
0
0
0
1.0443015098571777
1.0013422966003418
0.9784892201423645
0.9534732103347778
0.9431151151657104
0.9435146450996399
0.9361022710800171
0.9361817836761475
0.9318376183509827
0.9199122190475464
0.9395764470100403
0.9503148198127747
0.9482510685920715
0.9589700102806091
0.9701045751571655
0.9913495779037476
1.0357314348220825
0
3.200216293334961
3.2714786529541016
3.3321709632873535
3.4130055904388428
3.461745023727417
3.4229891300201416
3.3854968547821045
3.3222615718841553
3.2750587463378906
3.251568555831909
3.232941150665283
3.1810731887817383
3.156076192855835
3.132817029953003
2.6633660793304443
2.7396886348724365
2.8427367210388184
2.9497158527374268
0
0
0
0
0
0
0
0
0
0
0
0
0
0
0
0
0
0
0
0
0
0
0
0
0
0
0
0
0
0
0
0
0
0
0
0
0
0
0
0
0
0
0
0
0
0
0
0
0
0
0
0
0
0
0
0
0
0
0
0
0
0
0
0
0
0
0
0
0
0
0
0
0
0
0
0
0
0
0
0
0
0
0
0
0
0
0
0
0
0
0
0
0
0
0
0
0
0
0
0
0
0
0
0
0
0
0
0
0
0
0
0
0
0
0
0
0
0
0
0
0
0
0
0
0
0
0
0
0
0
0
0
0
0
0
0
0
0
0
0
0
0
0
0
0
0
0
0
0
0
0
0
0
0
0
0
0
0
0
0
0
0
0
0
0
0
0
0
