1.2683173418045044
1.3298943042755127
1.3866863250732422
1.467903733253479
1.5255635976791382
1.6401374340057373
1.747782826423645
1.8668959140777588
2.002321481704712
2.161933183670044
3.1875479221343994
3.1477468013763428
3.15630841255188
3.1410107612609863
3.195002794265747
3.2684993743896484
0
0
0
0
0
0
0
0
0
0
0
0
0
0
0
0
0
0
0
0
0
0
0
0
0
0
0
0
0
0
0
0
0
0
0
0
0
0
0
1.131178379058838
1.0913490056991577
1.0960885286331177
1.085365653038025
1.0943098068237305
1.065231442451477
1.0577888488769531
1.0615208148956299
1.0512992143630981
1.0755257606506348
1.086565375328064
1.0830893516540527
1.0997638702392578
1.1175024509429932
1.1741167306900024
0
0
0
0
0
0
0
0
0
0
0
0
0
0
0
0
0
0
0
0
0
0
0
0
0
0
0
0
0
0
0
0
0
1.0433565378189087
1.0155036449432373
0.965133547782898
0.9264947175979614
0.8948986530303955
0.8498045802116394
0.8213318586349487
0.8088821768760681
0.7867713570594788
0.7598506212234497
0.7446874976158142
0.7171919941902161
0.6844020485877991
0.675681471824646
0.6881702542304993
0.6275259256362915
0.6445461511611938
0.6256143450737
0.6050275564193726
0.5776816010475159
0.5796340703964233
0.5516367554664612
0.5536360740661621
0.5426875352859497
0.54361891746521
0.5064020156860352
0.5263848900794983
0.49547821283340454
0.4969669282436371
0.4898967742919922
0.5044862627983093
0.4780957102775574
0.47102680802345276
0.4701487720012665
0.46296149492263794
0.46629390120506287
0.442348837852478
0.44218501448631287
0.4458964169025421
0.43657103180885315
0.433979868888855
0.4463002383708954
0.4364171624183655
0.43367576599121094
0.41690412163734436
0.40706297755241394
0.41837069392204285
0.404424250125885
0.41112902760505676
0.402135968208313
0.4016498327255249
0.3999071419239044
0.3726329803466797
0.38999229669570923
0.38897672295570374
0.3914974629878998
0.37804585695266724
0.3986358642578125
0.38547462224960327
0.3708542287349701
0.3788100779056549
0.3754138648509979
0.38054850697517395
0.37979263067245483
0.3737408518791199
0.38228389620780945
0.3701167106628418
0.38139939308166504
0.3723815679550171
0.3823261857032776
0.3903301954269409
0.3725135624408722
0.3897833526134491
0.3968856930732727
0.38644149899482727
0.374966025352478
0.38106173276901245
0.3823499083518982
0.3693769574165344
0.38555246591567993
0.3833087086677551
0.3793313205242157
0.3888840973377228
0.38969603180885315
0.3813534677028656
0.41278794407844543
0.40298131108283997
0.39360347390174866
0.40596848726272583
0.40639427304267883
0.39379042387008667
0.42104220390319824
0.42516642808914185
0.43933823704719543
0.4234723448753357
0.4391780197620392
0.42738357186317444
0.42805221676826477
0.4276965856552124
0.44853129982948303
0.45330268144607544
0.44314005970954895
0.45640936493873596
0.4668308198451996
0.4593009650707245
0.46231573820114136
0.4864364266395569
0.4751332402229309
0.4825412631034851
0.525490939617157
0.5167732238769531
0.5028807520866394
0.5169927477836609
0.5246320962905884
0.5351960062980652
0.5446925759315491
0.5576834678649902
0.565514087677002
0.5861961245536804
0.593394935131073
0.6038608551025391
0.6207602024078369
0.6474149227142334
0.6681826114654541
0.6722319722175598
0.6912675499916077
0.6881750822067261
0.7214106917381287
0.7296435236930847
0.766062319278717
0.8030793070793152
0.8294336795806885
0.8529815673828125
0.8680930733680725
0.9123178124427795
0.959062933921814
0.9963473081588745
1.0166523456573486
1.0850818157196045
1.1156288385391235
1.176735281944275
1.272593379020691
1.3327234983444214
1.4121947288513184
1.5093681812286377
0.5991972088813782
0.6094151735305786
0.5991052389144897
0.5759746432304382
0.551681399345398
0.5554037094116211
0.5479767322540283
0.5687032341957092
0.5406621694564819
0.5417913794517517
0.5467803478240967
0.5264735221862793
0.5231183171272278
0.5055673122406006
0.5066958665847778
0.5118379592895508
0.5196040272712708
0.4932625889778137
0.5036064982414246
0.5098928809165955
0.4683319926261902
0.48399028182029724
0.4814149737358093
0.47167402505874634
0.4650731384754181
0.4763652980327606
0.4485427141189575
0.46631503105163574
0.467349648475647
0.47497254610061646
0.46356964111328125
0.4581771194934845
0.4517057240009308
0.45992425084114075
0.4575761556625366
0.4476947486400604
0.448745995759964
0.467040479183197
0.43987026810646057
0.43553632497787476
0.4343377649784088
0.46071845293045044
0.4682619869709015
0.450197696685791
0.4584178626537323
0.4446457624435425
0.44588157534599304
0.43794721364974976
0.4539538323879242
0.4432777762413025
0.4579741060733795
0.4573206305503845
0.47091910243034363
0.4509078860282898
0.4552256464958191
0.4402129650115967
0.4700753688812256
0.45882323384284973
0.4718053340911865
0.4708832800388336
0.48866531252861023
0.46895521879196167
0.47858744859695435
0.4969829022884369
0.47371330857276917
0.46575403213500977
0.48908066749572754
0.506399393081665
0.48802420496940613
0.4933226406574249
0.5135729908943176
0.5001919865608215
0.5358110070228577
0.500385046005249
0.5223760604858398
0.5326996445655823
0.5463517904281616
0.5415478944778442
0.5457862019538879
0.5741090178489685
0.55565345287323
0.5798934102058411
0.5872411131858826
0.5926830768585205
0.5899397730827332
0.5937104225158691
0.6184338927268982
0.6313561201095581
0.6379491686820984
0.6366872191429138
0.6668002009391785
0.6991645693778992
0.7132097482681274
0.691032350063324
0.7304002046585083
0.737524151802063
0.7535778284072876
0.7643613815307617
0.8066895008087158
0.8222696781158447
0.8429872393608093
0.8682124614715576
0.8897569179534912
0.9143192768096924
0.9467929601669312
0.9659101366996765
1.0128909349441528
1.0619475841522217
1.0842572450637817
1.1616986989974976
1.1901118755340576
1.2468693256378174
