0
0
0
0
0
0
0
0
0
0
2.3126466274261475
2.2729339599609375
2.238534450531006
2.221815824508667
2.2276880741119385
2.245119333267212
2.2727363109588623
2.346841812133789
0
0
0
0
0
0
0
0
0
0
0
0
0
0
0
0
0
0
0
0
0
0
0
0.9524610042572021
0.9220377206802368
0.9089049100875854
0.8807116150856018
0.8805428743362427
0.8524796962738037
0.8834353089332581
0.8607473969459534
0.8387175798416138
0.8577979207038879
0.8476780652999878
0.8498785495758057
0.866668701171875
0.8605746626853943
0.8803475499153137
0.8934909701347351
0.8864786028862
0.9425930976867676
0
0
0
0
0
0
0
0
0
0
0
0
0
0
0
0
0
0
0
0
0
0
0
2.5228192806243896
2.467258930206299
2.4471681118011475
2.4510738849639893
2.4741742610931396
2.4729413986206055
2.515881061553955
0
1.1176952123641968
1.1052912473678589
1.0827728509902954
1.069109559059143
1.0604759454727173
1.0615774393081665
1.0597953796386719
1.0577970743179321
1.037266492843628
1.0772432088851929
1.066636562347412
1.0701886415481567
1.0857363939285278
1.118196725845337
1.1643129587173462
0
0
0
0
0
0
0
0
0
0
0
0
0
2.866591453552246
2.8482272624969482
2.8312110900878906
2.8508524894714355
2.859145164489746
0
0
0
0
0
0
0
0
0
0
1.4534070491790771
1.405304193496704
1.3991854190826416
1.3610199689865112
1.3451875448226929
1.3573544025421143
1.3587515354156494
1.3624402284622192
1.356270670890808
1.3567211627960205
1.4061704874038696
1.4324074983596802
0
0
0
0
0
0
0
0
0
0
0
0
0
0
0
0
0
0
0
2.4980270862579346
2.4270551204681396
2.3930487632751465
2.3851611614227295
2.381016254425049
2.397709846496582
2.424562454223633
0
0
0
3.40342378616333
3.368931770324707
3.370569944381714
3.3850362300872803
0
0
0
0
0
0
0
0
0
0
0
0
0
0
0
0
0.3006356954574585
0.28080084919929504
0.26308849453926086
0.2562926411628723
0.2586032748222351
0.24135026335716248
0.2202802449464798
0.23501896858215332
0.22772452235221863
0.20644594728946686
0.2172902375459671
0.22476427257061005
0.2026645839214325
0.2185790091753006
0.20286455750465393
0.2109324038028717
0.2145853191614151
0.19995015859603882
0.20166896283626556
0.20135371387004852
0.20267333090305328
0.1776539832353592
0.20025035738945007
0.20524945855140686
0.2078518271446228
0.18184682726860046
0.19940833747386932
0.198904350399971
0.20989030599594116
0.20260626077651978
0.18164747953414917
0.20300306379795074
0.1963268518447876
0.19280670583248138
0.19052335619926453
0.21384097635746002
0.21672707796096802
0.192194402217865
0.21774083375930786
0.20288768410682678
0.217233344912529
0.20128534734249115
0.2063215672969818
0.22090032696723938
0.21521908044815063
0.2405168116092682
0.23596295714378357
0.23128876090049744
0.2497626394033432
0.23521918058395386
0.262655645608902
0.26804491877555847
0.27580317854881287
0.3303508460521698
0
0
0
0
0
0
0
2.046311140060425
1.9294978380203247
1.8981536626815796
1.900597095489502
1.8885656595230103
1.8979709148406982
1.9174124002456665
1.9155057668685913
1.9413094520568848
0
0
0
0
0
0
0
0
0
0
0
0
0
0
0
0
0
0
0
0
1.9537264108657837
1.9373923540115356
1.901645302772522
1.890137791633606
1.8821079730987549
1.909069538116455
1.927327275276184
1.922181487083435
2.0101499557495117
0
0
0
0
0
0
0
0
0
0
0
0
0
0
0
0
0
0
0
0
0
0
0
0
0
0
0
0
0
0
0
0
0
0
0
0
0
0
2.216620683670044
2.1700172424316406
2.121086359024048
2.1231374740600586
2.133202075958252
2.1179888248443604
2.1371958255767822
2.172957181930542
2.252269744873047
0
0
0
0
0
0
0
0
0
0
0
0
0
0
0
0
0
0
0
0
