0
0
0
0
0
0
0
0
0
0
0
0
0
0
3.286295175552368
1.7545831203460693
1.6740199327468872
1.6598390340805054
1.6067228317260742
1.622197151184082
1.6000491380691528
1.6313624382019043
1.6091583967208862
1.6371710300445557
1.6602381467819214
1.705325722694397
0
0
0
0
0
0
0
0
0
0
0
0
0
0
0
0
0
2.597432851791382
2.545297622680664
2.5468759536743164
2.5113344192504883
2.535388231277466
2.5455455780029297
2.6072354316711426
0
0
3.4585816860198975
3.358865737915039
3.339127779006958
3.3217432498931885
3.357264995574951
3.4197592735290527
0
0
0
0
0
0
0
0
0
3.311870574951172
3.271472454071045
3.256471633911133
3.269057512283325
3.3199799060821533
1.0590832233428955
1.0672385692596436
1.0603327751159668
0
0
0
0
0
3.2789385318756104
3.2285571098327637
3.2043793201446533
3.2173027992248535
3.2456488609313965
0
0
0
0
0
0
0
0
0
0
0
0
0
0
0
0
0
0
0
0
0
0
0
0
0
0
0
0
0
0
0
0
0
0
0
0
0
0
0
0
0
0
0
0
0
0
0
0
2.829171895980835
2.813223361968994
0
0
0
0
0
0
0
0
0
0
0
0
0
0
0
0
0
0
0
0
0
0
0
0
0
0
0
0
0
0
0
0
0
0
0
0
1.6956154108047485
0
0
0
0
0
0
0
0
0
0
0
0
0
0
0
0
0
0
0
0
0
0
0
0
0
0
0
0
0
0
0
0
0
0
0
0
0
0
0
0
0
0
0
0
0
0
0
0
0
0
0
0
0
0
0
0
0
0
0
0
0
0
0
0
0
0
0
0
0
0
0
0
0
0
0
0
0
0
0
0
0
0
0
0
0
0
0
0
0
0
0
0
0
0
0
0
0
0
0
0
0
0
0
0
0
0
0
0
0
0
0
0
0
0
0
0
0
0
0
0
0
0
0
0
0
0
0
0
0
0
0
0
0
0
0
0
0
0
0
0
0
0
0
0
0
0
0
0
0
0
0
0
0
0
0
0
0
0
0
0
0
0
0
0
0
0
0
0
0
0
0
0
0
0
0
1.5876095294952393
1.5289589166641235
1.4847005605697632
1.4813448190689087
1.4569090604782104
1.4529012441635132
1.4670369625091553
1.4488921165466309
1.4656634330749512
1.4771188497543335
1.4987643957138062
1.5370234251022339
0
