2.6343376636505127
2.670722723007202
2.6884143352508545
2.7788963317871094
0
0
0
0
0
0
0
0
0
0
0
0
0
0
0
0
0
1.642458438873291
1.5637905597686768
1.5479329824447632
1.5300931930541992
1.5192307233810425
1.5080349445343018
1.5069974660873413
1.5101069211959839
1.5171730518341064
1.5431997776031494
1.5692214965820312
1.635679006576538
0
0
0
0
0
0
0
0
0
0
0
0
0
0
0
0
0
0
0
0
0
0
0
0
0
0.614283561706543
0.5590922832489014
0.5556567907333374
0.5260542035102844
0.5039898157119751
0.5265564322471619
0.5206277966499329
0.507804811000824
0.5127694010734558
0.5049186944961548
0.4977521002292633
0.48909497261047363
0.49149081110954285
0.5052796006202698
0.4989056885242462
0.49852651357650757
0.4866090416908264
0.49632006883621216
0.486770898103714
0.5130513310432434
0.49820640683174133
0.5070769786834717
0.521668553352356
0.510158896446228
0.5327749848365784
0.5678899884223938
0.5542181134223938
0.5976047515869141
0.6383869647979736
0
0
0
0
0
0
0
0
0
0
0
3.5
3.450657606124878
3.436034679412842
3.4372031688690186
3.493513822555542
0
0
0
0
0
0
0
0
0
0
0
0
0
0
0
0
0
0
0
0
0
0
0
0
0
0
0
0
2.323702573776245
2.3215415477752686
0
0
0
0
0
0
0
0
0
0.8224502205848694
0.79671311378479
0.7768593430519104
0.7450141310691833
0.7433975338935852
0.7567782402038574
0.7332507371902466
0.7388020753860474
0.7317138910293579
0.7421154379844666
0.7139561176300049
0.7316879034042358
0.7327606678009033
0.7365176677703857
0.7576854825019836
0.7347485423088074
0.7523759603500366
0.780264675617218
0.7652662396430969
0.7914956212043762
0
0
0
0
0
0
0
0
0
0
0
0
0
0
0
0
0
0
0
0
0
0
0
0
0
0
0
0
0
0
0
0
0
0
0
2.1379289627075195
2.0781667232513428
2.0766308307647705
2.0306506156921387
2.042792797088623
2.0611250400543213
2.0728094577789307
2.1122372150421143
0
0
0
0
0
0
0
0
0
0
0
0
0
0
0
0
0
0
0
0
3.0280590057373047
2.9773809909820557
2.959352493286133
2.9665887355804443
2.985016345977783
0
0
0
0
0
0
0
0
0
0
0
0
0
0
0
0
0
0
0
0
0
0
0
0
0
0
2.2350947856903076
2.184462070465088
2.18153977394104
2.164344310760498
2.1538758277893066
2.153823137283325
2.181483268737793
2.250243663787842
0
0
0
0
0
0
0
0
0
0
0
0
2.566669464111328
2.4933197498321533
2.485339879989624
2.4841673374176025
1.1359267234802246
1.1014926433563232
1.0941261053085327
1.0969167947769165
1.052115797996521
1.065622329711914
1.0670427083969116
1.0658543109893799
1.0604116916656494
1.0639568567276
1.0735586881637573
1.076890230178833
1.07272207736969
1.1253992319107056
1.1405764818191528
0
0
0
2.557845115661621
2.5130603313446045
2.484125852584839
2.483161687850952
2.473583698272705
2.50925612449646
2.534261703491211
0
0
0
0
0
1.2392374277114868
1.1934410333633423
1.1827722787857056
1.1714365482330322
1.1619588136672974
1.1548925638198853
1.164077639579773
1.1490075588226318
1.15010404586792
1.1630356311798096
1.1651381254196167
1.1590250730514526
1.1949294805526733
1.2122802734375
0
0
2.9942259788513184
2.950096368789673
2.9371964931488037
2.938628673553467
2.9853720664978027
3.0408995151519775
0
0
0
0
0
0
0
0
0
0
2.055739641189575
1.976125955581665
1.9633113145828247
1.9386636018753052
1.9323548078536987
1.9271111488342285
1.9390087127685547
1.9623072147369385
2.009951591491699
0
0
0
0
0
2.7212276458740234
2.675244092941284
2.6583290100097656
2.6541552543640137
