0
2.0451064109802246
1.9419416189193726
1.9222358465194702
1.9021166563034058
1.885482907295227
1.8905521631240845
1.9077274799346924
1.8894298076629639
1.938488245010376
2.0407774448394775
0
0
0
0
0
0
0
0
0
0
0
0
0
0
0
0
0
0
0
0
0
0
0
0
0
0
0
0
0
0
0
0
0
0
0
0
0
0
0
0
0
0
0
0
0
0
0
0
0
0
0
0
0
0
0
0
0
1.506941556930542
1.4240012168884277
1.4083565473556519
1.3977305889129639
1.3749680519104004
1.3733134269714355
1.3731369972229004
1.379976511001587
1.3773400783538818
1.4090861082077026
1.4217702150344849
1.4709084033966064
2.019141912460327
1.947602391242981
1.919040322303772
1.923841118812561
1.900566816329956
1.891525387763977
1.9124470949172974
1.9547345638275146
1.4741616249084473
1.425242304801941
1.396544337272644
1.3842434883117676
1.382839560508728
1.3736923933029175
1.402286171913147
1.3958743810653687
1.4011057615280151
1.4043420553207397
1.4488643407821655
1.480852484703064
0
0
0
0
0
0
0
0
0
0
0
0
0
0
0
0
0
0
0
0
0
0
0
0
0
0
0
2.885664939880371
2.27514910697937
2.249166250228882
2.1994690895080566
2.1880383491516113
2.2172608375549316
2.21221661567688
2.2387421131134033
2.3175439834594727
0
0
2.6776981353759766
2.6144254207611084
2.5775375366210938
2.5931732654571533
2.5764882564544678
2.6154937744140625
2.7036209106445312
0
0
0
0
0
0
0
0
0
0
0
0
0
0
0
0
0
0
0
0
0
0
0
0
3.4061896800994873
3.3781685829162598
3.3630871772766113
3.393009901046753
3.4480016231536865
0
0
0
0
0
0
0
0
0
0
0
0
0
0
0
0
0
0
0
0
0
0
0
0
0
3.327805280685425
3.188021659851074
3.13008975982666
3.172236204147339
3.1710586547851562
3.185908794403076
3.220993995666504
3.2724380493164062
1.8396615982055664
1.7967138290405273
1.7523220777511597
1.765588641166687
1.7466646432876587
1.7477489709854126
1.746208906173706
1.7541495561599731
1.807249665260315
1.8559532165527344
0
0
2.201131820678711
2.1484146118164062
2.130030393600464
0.4939621388912201
0.46076110005378723
0.4618140161037445
0.4284413158893585
0.4278606176376343
0.41998088359832764
0.41103270649909973
0.4132101833820343
0.40067386627197266
0.38117989897727966
0.37449073791503906
0.3746781051158905
0.3785722553730011
0.4009038507938385
0.379727840423584
0.3807132840156555
0.381560742855072
0.38076624274253845
0.37951672077178955
0.3815664052963257
0.40067818760871887
0.3883145749568939
0.38750532269477844
0.3680882751941681
0.39240676164627075
0.39484870433807373
0.4224591851234436
0.40304094552993774
0.39405006170272827
0.43891990184783936
0.4432739317417145
0.44507190585136414
0.4473686218261719
0.48344993591308594
0
2.7311184406280518
2.688898801803589
2.6850643157958984
2.6759212017059326
2.6931779384613037
2.7419512271881104
0
0
3.0849151611328125
3.036566972732544
2.5554394721984863
0.847095251083374
0.7997843027114868
0.8151081800460815
0.7872681021690369
0.7770880460739136
0.780081570148468
0.7568886876106262
0.7612959146499634
0.7521212100982666
0.7523782253265381
0.7473687529563904
0.7771252393722534
0.7490361332893372
0.7496553063392639
0.7681702375411987
0.7825303673744202
0.781844437122345
0.7959121465682983
0.8260111212730408
0.8728580474853516
0
0
0
0
0
0
0.4917261302471161
0.469725638628006
0.43390998244285583
0.43237239122390747
0.4191296398639679
0.42281344532966614
0.4025505483150482
0.4259953498840332
0.4122432768344879
0.394308865070343
0.40264222025871277
0.4082441031932831
0.4043099284172058
0.38826048374176025
0.3939931392669678
0.38285887241363525
0.3610793352127075
0.3815639615058899
0.37540939450263977
0.3801473081111908
0.39936769008636475
0.38258638978004456
0.3890785574913025
0.3944493234157562
0.3908652663230896
0.39138659834861755
0.38993528485298157
0.40157508850097656
0.40616610646247864
0.403659850358963
0.4329075813293457
0.4461461305618286
0.4674763083457947
0.4903741478919983
0
0
0
0
0
1.986365556716919
1.9507079124450684
1.9201337099075317
1.9046432971954346
1.8971928358078003
1.9156750440597534
1.9429775476455688
1.9426168203353882
1.9937206506729126
0
0
0
0
2.2265658378601074
2.17456316947937
2.1661734580993652
2.151282787322998
2.153554677963257
2.147385835647583
2.188720464706421
2.218334197998047
0
0
0
0
0
0
