0
0
0
0
0
0
0
1.355918288230896
1.324739694595337
1.2927175760269165
1.2922040224075317
1.269192099571228
1.2584471702575684
1.2637406587600708
1.2571719884872437
1.266343355178833
1.2977687120437622
1.3016897439956665
1.3175746202468872
1.3445329666137695
2.45634126663208
2.467609405517578
2.551798105239868
0
0
0
0
0
0
0
0
0
0
2.502007007598877
2.485891580581665
2.4443612098693848
2.4373559951782227
2.4337539672851562
2.486962080001831
2.512122631072998
0
0
0
0
0
0
0
1.5127674341201782
1.4620251655578613
1.4563944339752197
1.4149781465530396
1.4105950593948364
1.4086347818374634
1.4223449230194092
1.4180411100387573
1.411873698234558
1.4471691846847534
1.460819125175476
1.4976139068603516
0
0
0
0
0
0
0
0
0
0
0
0
0
3.447612762451172
2.149322748184204
2.087454080581665
2.0458290576934814
2.029301881790161
2.0523037910461426
2.0649423599243164
2.03765606880188
2.0850720405578613
2.157977819442749
0
0
0
2.9003844261169434
2.842374086380005
2.8184993267059326
2.8278415203094482
2.827892541885376
2.8707659244537354
0
0
0
0
0
0
3.498981475830078
3.485694646835327
3.451550245285034
3.4433038234710693
0
3.33392333984375
3.310025930404663
3.306133508682251
3.298804998397827
3.2803964614868164
3.281431198120117
3.2837464809417725
3.2567455768585205
3.2486531734466553
3.2631967067718506
3.2353129386901855
3.2429256439208984
3.2367470264434814
3.219731330871582
3.234687089920044
3.252406120300293
0
0
2.8030896186828613
2.108463764190674
1.7173720598220825
1.493013858795166
1.2923191785812378
1.1398981809616089
1.0285348892211914
0.9175161123275757
0.8438852429389954
0.7926021218299866
0.7383421659469604
0.7534332871437073
0.7568423748016357
0.7600946426391602
0.750365138053894
0.7604597806930542
0.7771648168563843
0.7606562972068787
0.798894464969635
0.7818732857704163
0.8024645447731018
0.7974353432655334
0.8116819262504578
0.7921860218048096
0.8039933443069458
0.8210498094558716
0.8312844038009644
0.8230493664741516
0.8528727293014526
0.8518968820571899
0.8519402742385864
0.8893477320671082
0.89303058385849
0.8844608068466187
0.9124391674995422
2.3623738288879395
0
0
0
0
0
0
0
0
0
0
0
0
0
0
0
0
0
0
0
0
0
0
0
1.501052737236023
1.433837890625
1.4391436576843262
1.4101468324661255
1.412543535232544
1.4083510637283325
1.4215372800827026
1.4111559391021729
1.4095908403396606
1.4508177042007446
1.4615068435668945
1.565306305885315
0
0
0
0
0
0
0
3.292527198791504
0
0
0
2.8381307125091553
2.802781820297241
2.750922441482544
2.7592902183532715
2.7704272270202637
2.8172295093536377
0
0
0
0
0
0
0
0
0
0
0
0
0
0
0
0
0
0
0
1.6054761409759521
1.5534632205963135
1.5495845079421997
1.5498740673065186
1.5255807638168335
1.5446885824203491
1.5340986251831055
1.5489572286605835
1.5512057542800903
1.6003285646438599
3.2958669662475586
3.2555768489837646
3.2682952880859375
3.283158779144287
3.3904178142547607
0
0
0
0
0
0
0
0
0
0
0
0
0
0
0
0
2.577646255493164
2.5463736057281494
2.528172254562378
2.5191843509674072
2.541572332382202
2.5781023502349854
0
0
0
0
0
0
0
0
0
0
0
0
0
0
0
0
0
2.092700719833374
2.0803916454315186
2.0909316539764404
2.0525002479553223
2.0630385875701904
2.050067186355591
2.051947832107544
2.02917218208313
2.0453720092773438
2.047858476638794
2.0511367321014404
2.4655706882476807
3.060591220855713
0
0
2.0475194454193115
2.0349833965301514
2.034404754638672
2.0201897621154785
2.0403099060058594
2.0284852981567383
2.046779155731201
2.0400352478027344
2.0444929599761963
2.0630040168762207
2.0682942867279053
0
0
0
0
0
0
0
0
0
3.2622532844543457
3.2164463996887207
3.195943593978882
3.2091665267944336
3.2276408672332764
3.3037402629852295
0
0
0
0
0
0
0
0
0
2.0910732746124268
2.034475564956665
2.029859781265259
2.017771005630493
1.984750509262085
2.0099880695343018
2.028381109237671
2.059863805770874
2.1131272315979004
0
0
0
0
0
0
0
0
2.8933980464935303
2.8687028884887695
2.84891676902771
2.8651556968688965
2.8654985427856445
2.897397756576538
0
0
0
0
0
0
