1.8770936727523804
1.8537876605987549
1.8150807619094849
1.8062078952789307
1.7775933742523193
1.7990001440048218
1.7495307922363281
1.7393070459365845
1.7375917434692383
1.7181074619293213
1.6981265544891357
1.664945125579834
1.6907390356063843
1.6489262580871582
1.656883955001831
1.642002820968628
1.6569079160690308
1.615724802017212
1.6043370962142944
1.618748426437378
1.5965522527694702
1.6169757843017578
1.6026113033294678
1.591192364692688
1.5914931297302246
1.5720961093902588
1.5730071067810059
1.5643950700759888
1.561033844947815
1.5662020444869995
1.5640579462051392
1.5794320106506348
1.5594360828399658
1.5650078058242798
1.5549557209014893
1.5609910488128662
1.5759539604187012
1.5657984018325806
1.5558359622955322
1.5700562000274658
1.5670175552368164
1.5494754314422607
1.575675368309021
1.5734102725982666
1.5744694471359253
1.5822598934173584
1.592085838317871
1.616332769393921
1.6192373037338257
0
0
1.1167082786560059
1.096994400024414
1.071160912513733
1.0507522821426392
1.0431572198867798
1.0449556112289429
1.041905403137207
1.023650050163269
1.0599628686904907
1.049739956855774
1.0416899919509888
1.0590041875839233
1.0841586589813232
1.1023166179656982
1.1196215152740479
0
0
0
0
0
0
0
0
0
0
0
0
0
0
0
0
0
0
0
0
0
1.5363497734069824
1.5310994386672974
1.5045443773269653
1.5255720615386963
1.503989338874817
1.4996460676193237
1.486088752746582
1.490065574645996
1.4851515293121338
1.4864190816879272
1.4740427732467651
1.4789704084396362
1.4644392728805542
1.478346347808838
1.490067958831787
1.4681025743484497
1.4644713401794434
1.4655557870864868
1.4533295631408691
1.45302152633667
1.473667025566101
1.4538464546203613
1.4880048036575317
1.4807860851287842
1.4845707416534424
1.4878510236740112
1.4912110567092896
1.504623532295227
1.4989999532699585
1.5252094268798828
1.5212986469268799
1.5184361934661865
1.5145165920257568
1.5376325845718384
1.5449681282043457
1.545235276222229
1.5655126571655273
0
0
0
0
0
0
0
0
0
0
0
0
0
0
0
0
0
0
0
0
0
0
0
0
0
0
0
0
0
0
0
2.331138849258423
2.301666259765625
2.274596929550171
2.272989511489868
2.2827956676483154
2.2939372062683105
2.3412911891937256
0
0
0
0
0
0
0
0
0
0
0
0
0
0
0
0
0
0
0
0
0
0
0
0
0
0
0
0
0
0
1.4775828123092651
1.4434963464736938
1.4381135702133179
1.4100149869918823
1.390792727470398
1.3991730213165283
1.4077401161193848
1.4290627241134644
1.4196280241012573
1.439928650856018
1.4694187641143799
0
0
0
0
0
0
0
0
0
0
0
0
0
0
0
0
0
0
0
0
0
0
0
0
0
0
1.359922170639038
1.3355541229248047
1.318169355392456
1.3013983964920044
1.2988476753234863
1.300939679145813
1.3090590238571167
1.3201690912246704
1.2973562479019165
1.344483494758606
1.3396728038787842
1.377652883529663
0
0
0
2.5609652996063232
2.5305097103118896
2.5277721881866455
2.516451358795166
2.5387628078460693
2.5834858417510986
2.922039031982422
3.345296859741211
0
0
0
0
0
0
0
0
0
0
0
0
0
0
0
0
0
0
0
0
0
0
0
0
0
0
0
0
0
0
0
0
2.1300501823425293
2.08461594581604
2.0538604259490967
2.058049440383911
2.0642898082733154
2.0464935302734375
2.0623345375061035
2.135576009750366
0
0
0
0
0
0
0
0
0
0
0
0
0
0
0
0
0
0
0
0
0
0
1.1772425174713135
1.1367329359054565
1.1325639486312866
1.1221816539764404
1.090269923210144
1.0829622745513916
1.0793631076812744
1.0914487838745117
1.0816595554351807
1.1021649837493896
1.1046843528747559
1.1226917505264282
1.1218138933181763
1.1568037271499634
1.1950740814208984
0
0
0
0
0
0
0
0
2.756345272064209
2.6977744102478027
2.6463463306427
2.54971981048584
2.5097482204437256
2.4509224891662598
2.4178993701934814
2.355299711227417
2.3077712059020996
2.26179838180542
2.2385776042938232
2.196946382522583
2.1527748107910156
2.1204116344451904
2.08393931388855
2.055112361907959
2.026491641998291
1.9998306035995483
1.966995120048523
1.9215668439865112
1.9218922853469849
1.8874082565307617
1.8922992944717407
