0
0
0
0
0
0
0
0
0
0
0
0
3.3713948726654053
3.3504066467285156
3.334641456604004
3.3345906734466553
3.385075807571411
0
0
0
2.395813226699829
2.336446762084961
2.3097195625305176
2.2768874168395996
2.3059744834899902
2.294034004211426
2.3029253482818604
2.3418993949890137
0.4741347134113312
0.45117101073265076
0.45416468381881714
0.4093155860900879
0.4143119752407074
0.41053885221481323
0.4066181778907776
0.40188974142074585
0.4071204662322998
0.4033942222595215
0.3873889744281769
0.382633775472641
0.40065938234329224
0.38867318630218506
0.37802958488464355
0.3952381908893585
0.39009785652160645
0.3918401598930359
0.3806106448173523
0.3942295014858246
0.36694368720054626
0.3816569745540619
0.38596242666244507
0.39399218559265137
0.37279099225997925
0.4126018285751343
0.38974374532699585
0.39858749508857727
0.4082622826099396
0.4535459280014038
0.42454060912132263
0.441226065158844
0.4760240316390991
0.5008320808410645
0
0
3.105987071990967
3.056781053543091
3.0505518913269043
3.065528631210327
3.106848955154419
0
0
0
0
0
0
0
0
0
0
0
0
0
0
0
0
0
0
0
0
0
0
0
0
0
0
2.4644975662231445
2.379188060760498
2.3668720722198486
2.349799156188965
2.3321244716644287
2.3659305572509766
2.3745055198669434
2.4141244888305664
0
0
0
0
0
0
0
0
0
0
0
0
0
0
0
0
0
0
0
0
0
0
0
0
0
0
1.544782280921936
1.5035139322280884
1.4912127256393433
1.4605059623718262
1.441806435585022
1.4514636993408203
1.464605689048767
1.4590904712677002
1.4757617712020874
1.514875888824463
1.519549012184143
0
0
0
0
0
0
0
0
0
0
0
0
0
0
0
0
0
0
0
0
0
0
0
0
0
0
0
0
0
0
0
0
0
0
0
0
0
0
0
0
0
0
0
0
0
0
0
0
0
0
0
0
0
1.0045050382614136
0.9602102041244507
0.9370946884155273
0.9103559851646423
0.9069327712059021
0.9023953676223755
0.9028856158256531
0.9073682427406311
0.9008424878120422
0.9046842455863953
0.8938072323799133
0.9084663391113281
0.9032333493232727
0.9403124451637268
0.9287011623382568
0.9479843378067017
1.0069929361343384
0
0
0
0
0
0
0
0
0
0
0
0
0
0
0
0
0
0
0
0
0
0
0
0
0
0
0
0
0
0
0
0
0
0
0
0
0
0
0
0
0
0
0
0
0
0
0
0
0
0
0
0
0
0
0
0
0
0
0
0
0
1.4344700574874878
1.404224157333374
1.3691871166229248
1.3556036949157715
1.3387278318405151
1.3166637420654297
1.31328284740448
1.3451642990112305
1.3506563901901245
1.3655736446380615
1.3926961421966553
1.4174965620040894
0
0
0
0
0
0
0
0
0
0
0
0
0
0
0
0
0
0
0
0
0
0
0
0
0
2.631842851638794
2.6050937175750732
2.5698885917663574
2.571916341781616
2.569446325302124
2.5867555141448975
2.645730495452881
0
0
0
0
0
0
0
0
0
0
0
0
0
0
0
0
0
0
0
0.9933614730834961
0.9574861526489258
0.9241140484809875
0.9095651507377625
0.9047638177871704
0.8826709389686584
0.8799543976783752
0.8997312784194946
0.8698639869689941
0.8716792464256287
0.8637720942497253
0.8781740069389343
0.8783636093139648
0.8934844136238098
0.8881890773773193
0.9128109812736511
0.946380078792572
0.9613685607910156
3.284428596496582
3.285017728805542
3.363591194152832
0
0
0
0
0
