1.3093771934509277
0
0
0
0
0
0
0
0
0
0
0
0
0
0
0
0
0
0
0
2.5792598724365234
2.5561211109161377
0
0
0
0
0
0
0
0
0
0
0
0
0
0
0
0
0
0
0
1.055941104888916
1.067232370376587
1.0758823156356812
0
0
0
0
0
0
0
0
0
0
0
0
2.8806350231170654
0
0
0
0
0
0
0
0
0
0
0
0
0
0
0
0
0
0
0
0
0
0
0
0
0
0
0
0
0
0
0
0
1.8774930238723755
1.847296118736267
1.8375465869903564
1.8054202795028687
1.8018431663513184
1.7987797260284424
1.827324628829956
1.8448207378387451
1.8985668420791626
0
0
0
0
0
0
0
0
0
0
0
0
0
0
0
0
0
0
0
0
0
0
0
0
0
0
0
0
0
2.871556043624878
2.901867628097534
2.926146984100342
2.9782233238220215
3.04561710357666
3.0778536796569824
0
2.504038095474243
2.5603158473968506
2.591782569885254
2.6504828929901123
2.7076950073242188
2.7384376525878906
2.743955373764038
2.7236168384552
2.687704086303711
2.6299452781677246
2.6022300720214844
2.5747499465942383
0.9802494049072266
0.944939911365509
0.9341267943382263
0.9062352180480957
0.9074304103851318
0.8954866528511047
0.8781785368919373
0.8852839469909668
0.8879486322402954
0.892680823802948
0.874325692653656
0.8835609555244446
0.908420979976654
0.9195936322212219
0.9092984199523926
0.9136481285095215
0.9639519453048706
0
0
0
0
0
0
0
0
0
0
0
0
0
0
0
0
0
0
0
0
0
0
1.71152925491333
2.095810651779175
2.1002628803253174
2.1236414909362793
2.101722240447998
2.125021457672119
2.120671033859253
2.1158862113952637
2.137578010559082
2.1655614376068115
2.156754732131958
2.1782448291778564
2.1941840648651123
2.2061991691589355
2.1954286098480225
2.2196404933929443
2.2419345378875732
2.2568209171295166
2.2749409675598145
2.286487102508545
2.303745985031128
2.3155369758605957
2.306656837463379
2.220365285873413
2.158708333969116
2.0630249977111816
2.015090227127075
2.009739637374878
0
0
0
0
0
0
0
0
0
0
0
0
0
0
0
0
0
0
0
0
0
0
0
0
0
0
0
0
0
0
0
0
0
0
0
0
0
0
0
0
0
0
0
0
0
0
0
0
0
0
0
0
2.046860456466675
0
0
0
0
0
0
0
0
0
0
0
0
0
0
0
0
0
0
0
0
0
0
3.312204122543335
3.2490789890289307
3.226724624633789
3.233059883117676
3.2319271564483643
1.306599736213684
1.2754379510879517
1.2600847482681274
1.237059235572815
1.2329163551330566
1.227163553237915
1.2394161224365234
1.2244173288345337
1.2439918518066406
1.2307292222976685
1.2536990642547607
1.2800474166870117
1.312278389930725
0
0
0
0
0
0
0
0
0
0
0
0
0
0
0
0
0
0
0
0
0
0
0
0
0
0
0
0
0
0
0
0
0
0
0
0
0
0
2.8691155910491943
2.828752279281616
1.3343943357467651
1.2752997875213623
1.2371292114257812
1.2393954992294312
1.211019515991211
1.2195072174072266
1.2105412483215332
1.2014211416244507
1.2187199592590332
1.2166500091552734
1.2123422622680664
1.236387014389038
1.2625854015350342
1.3055918216705322
