1.9398821592330933
1.9385651350021362
1.9309380054473877
1.9402902126312256
1.9715490341186523
2.0758399963378906
0
0.8594943284988403
0.831199586391449
0.8188148736953735
0.7943960428237915
0.7918779850006104
0.7754301428794861
0.7768263220787048
0.7629281282424927
0.7744311094284058
0.7741076946258545
0.7414026856422424
0.755683958530426
0.7536143064498901
0.759845495223999
0.7917881011962891
0.7656638026237488
0.7831639647483826
0.8129549622535706
0.7978752851486206
0.826289176940918
0.888165295124054
0
0
0
0
0
0
0
0
0
0
0
0
0
0
0
0
0
0
0
0
0
0
0
0
0
0
0
0
0
0
0
0
0
0
0
0
0
0
0
0
0
0
0
0
0
0
0
0
0
0
0
0
0
0
0
0
0
0
0
0
0
0
0
0
0
0
0
0
0
0
0
0
0
0
0
0
0
0
0
0
0
0
0
0
0
0
0
0
0
0
0
0
0
0
0
0
0
0
0
0
0
0
0
0
0
0
0
0
0
0
0
0
0
0
0
0
0
0
0
0
0
0
0
0
0
0
0
0
0
0
0
0
0
0
0
0
0
0
0
0
0
0
0
0
0
0
0
0
0
0
0
0
0
0
0
0
0
0
0
0
0
0
0
0
0
0
0
0
0
0
0
0
0
0
0
0
0
0
0
0
0
0
0
0
0
0
0
0
0
0
0
0
0
0
0
0
0
0
0
0
0
0
0
0
0
0
0
0
0
0
0
0
0
0
0
0
0
0
0
0
0
0
2.233656644821167
2.1618118286132812
2.1310975551605225
2.1246790885925293
2.1190030574798584
2.1262447834014893
2.130627393722534
2.1863224506378174
0
0
0
0
0
0
0
0
0
0
0
0
0
0
0
0
0
0
0
0
0
0
0
0
0
0
0
0
3.2068521976470947
3.1058290004730225
3.0860071182250977
3.0687432289123535
3.0938963890075684
3.1481192111968994
0
0
0
1.5812128782272339
1.52547025680542
1.5161381959915161
1.5230671167373657
1.49945867061615
1.4918309450149536
1.5022598505020142
1.5350700616836548
1.5197480916976929
1.5744131803512573
1.5994644165039062
0
0
0
3.401066303253174
3.3483598232269287
3.3599398136138916
3.3733582496643066
3.4237074851989746
0
0
0
0
0
0
0
0
0
0
0
0
0
0
0
0
0
0
0
0
0
0
0
3.2838289737701416
3.1708357334136963
3.1581873893737793
3.148284435272217
3.1579229831695557
3.2152113914489746
0
0
0
0
0
0
0
0
0
0
0
0
0
1.9909675121307373
1.9550480842590332
1.9468673467636108
1.931146264076233
