0
0
0
0
0
0
0
0
0
0
0
0
0
0
0
0
0
0
0
0
0
0
0
1.227716326713562
1.1999168395996094
1.1469980478286743
1.1219050884246826
1.1189216375350952
1.1117732524871826
1.1169627904891968
1.0862436294555664
1.111675500869751
1.1030634641647339
1.1206352710723877
1.1235047578811646
1.140215516090393
1.1659728288650513
1.2030659914016724
0
0
0
0
0
0
0
0
0
0
0
0
0
0
0
0
0
0
0
0
0
0
0
0
0
0
0
0
0
0
0
0
0
0
0
0
0
0
0
0
0
0
0
0
0
0
0
0
0
1.3246538639068604
1.2853660583496094
1.277618408203125
1.2628686428070068
1.2318718433380127
1.2336949110031128
1.2315469980239868
1.2301839590072632
1.2567989826202393
1.246934413909912
1.2731165885925293
1.2927213907241821
1.307805061340332
0
0
0
0
0
0
0
0
3.176076889038086
0
0
0
0
0
0
0
0
0
0
0
0
0
0
0
0
0
0
0
0
0
0
0
0
0
0
0
0
2.312077283859253
2.2738006114959717
2.2596027851104736
2.239778757095337
2.250368118286133
2.281991481781006
2.30802845954895
0
0
0
0
0
0
0
3.075068950653076
3.0268471240997314
3.026376247406006
3.024021863937378
3.0318832397460938
0
0
0
0
0
0
0
0
0
0
0
0
0
0
0
0
0
0
0
2.701810836791992
2.642090082168579
2.5997154712677
1.6021039485931396
1.5543529987335205
1.550328016281128
0.4220670163631439
0.39551013708114624
0.4020273685455322
0.3957291543483734
0.37933728098869324
0.36093762516975403
0.36618876457214355
0.37703943252563477
0.363577276468277
0.3458477556705475
0.3349282741546631
0.345242440700531
0.34954833984375
0.33334994316101074
0.32926446199417114
0.351269394159317
0.3421388268470764
0.3387473523616791
0.3393486440181732
0.32305631041526794
0.3236398994922638
0.3334152400493622
0.3413342833518982
0.3326338231563568
0.3365655839443207
0.34006407856941223
0.34701070189476013
0.34810999035835266
0.34650349617004395
0.36375507712364197
0.3552491366863251
0.34964069724082947
0.36746636033058167
0.359057754278183
0.3991214334964752
0.40605905652046204
0.41573408246040344
0.4577828645706177
0
0
2.5699961185455322
2.5429420471191406
2.5385243892669678
2.5112507343292236
2.5189411640167236
2.54337477684021
2.6312222480773926
0
0
0
0
0
0
0
0
0
0
0
0
0
0
0
0
0
0
0
0
0
0
0
0
0
0
0
0
0
0
0
0
0
0
0
0
1.0392522811889648
1.0207141637802124
0.9593988656997681
0.9656981825828552
0.9427056908607483
0.9254701733589172
0.9626632332801819
0.9392066597938538
0.9474070072174072
0.954465389251709
0.9538145661354065
0.9453492760658264
0.9647443294525146
0.9724532961845398
0.9756037592887878
1.0008478164672852
1.0440258979797363
0
0
0
0
0
0
0
0
0
0
0
0
0
0
0
0
0
0
0
0
0
0
0
0
0
0
0
0
0
0
0
0
0
0
0
2.6150496006011963
2.5908968448638916
2.5729453563690186
2.5797436237335205
2.5744879245758057
2.624237060546875
2.7057952880859375
0
0
0
0
0
0
0
0
0
0
0
0
0
0
0
0
0
1.775380253791809
1.7401596307754517
1.6963510513305664
1.6792062520980835
1.6862483024597168
1.6746127605438232
1.6830254793167114
1.6965160369873047
1.7237712144851685
1.7428761720657349
0
0
0
0
0
0
0
0
0
0
