3.476374864578247
3.396862506866455
3.398181915283203
3.3857715129852295
3.4112751483917236
0
0
0
0
0
0
0
0
0
0
0
0
1.7209818363189697
1.659911870956421
1.6377195119857788
1.652777910232544
1.6155303716659546
1.6230566501617432
1.6180014610290527
1.6541528701782227
1.6630994081497192
1.6918696165084839
0
0
0
0
0
0
0
0
0
0
0
0
0
0
0
0
0
2.8059308528900146
2.7368571758270264
2.7251317501068115
2.705043077468872
2.7049174308776855
2.7367584705352783
2.807034492492676
0.9337880611419678
0.9162914752960205
0.8824731111526489
0.8758328557014465
0.8414937853813171
0.8420902490615845
0.8281148672103882
0.8602787256240845
0.8210006952285767
0.803368866443634
0.8185303807258606
0.8382887244224548
0.8369162678718567
0.8364545106887817
0.8331353664398193
0.8816847801208496
0.885431706905365
0.8962699770927429
0.9670328497886658
2.275794506072998
2.301741123199463
2.299299955368042
2.3394274711608887
2.4238412380218506
0
0
0
0
0
0
0
0
0
0
0
0
0
0
0
0
0
0
0
0
0
0
0
0
0
0
0
0
0
0
0
0
0
0
0
0
0
0
0
0
0
0
0
0
0
0
0
0
0
0
0
0
0
0
0
0
0
0
0
0
0
0
0
0
0
0
0
0
0
0
0
0
2.4158883094787598
2.3680875301361084
2.352186918258667
2.3418521881103516
2.32977032661438
2.3782200813293457
2.421767473220825
0
0
0
0
0
0
0
0
2.883561372756958
1.6104859113693237
1.583774447441101
1.5638208389282227
1.55576753616333
1.5531355142593384
1.5291790962219238
1.5527546405792236
1.5653363466262817
1.5958561897277832
1.6234616041183472
0
2.258739471435547
2.1806609630584717
2.1452746391296387
2.153080701828003
2.1315362453460693
2.140296697616577
2.1591274738311768
2.2016544342041016
0
0
0
0
0
0
0
0
0
0
0
0
0
0
0
0
0
0
0
0
0
0
0
0
0
0
0
0
0
0
0
1.5586892366409302
1.599228024482727
0
0
2.8786635398864746
2.8015549182891846
2.7844302654266357
2.7658538818359375
2.7768590450286865
2.82401442527771
3.465104579925537
0
0
0
0
0
2.9837446212768555
2.950037717819214
2.93034291267395
2.9097700119018555
2.9403460025787354
3.0189990997314453
0
0
0
0
0
0
0
0
0
0
0
0
0
0
0
0
0
0
0
0
0
0
0
2.1315762996673584
2.0883028507232666
2.070037841796875
2.0493252277374268
2.0676939487457275
2.07845401763916
2.080399513244629
2.12418532371521
0
0
0
0
0
0
0
0
0
0
0
0
0
0
0
0
0
0
0
0
0.29773786664009094
0.24767407774925232
0.24931494891643524
0.2538171112537384
0.24890923500061035
0.2292478084564209
0.23496846854686737
0.22032788395881653
0.22459186613559723
0.22244563698768616
0.21362240612506866
0.22755607962608337
0.20150314271450043
0.2161453366279602
0.22472694516181946
0.19603575766086578
0.1950492411851883
0.18618719279766083
0.201969712972641
0.1918545961380005
0.20425103604793549
0.20570524036884308
0.20101241767406464
0.1808263659477234
0.21542246639728546
0.19557367265224457
0.16917812824249268
0.2012474536895752
0.19291584193706512
0.18012329936027527
0.16794687509536743
0.2047664225101471
0.20805133879184723
0.19407640397548676
0.19344569742679596
0.21096816658973694
0.20341630280017853
0.21974311769008636
0.20066767930984497
0.20742805302143097
0.2041768878698349
0.1989097148180008
0.19395782053470612
0.21718595921993256
0.2149745374917984
0.22651733458042145
0.23909325897693634
0.2527676224708557
0.22350859642028809
0.2355509102344513
0.2451433539390564
0.24931563436985016
0.27025505900382996
0.3194604814052582
1.3366731405258179
1.3354713916778564
1.3203696012496948
1.3406639099121094
1.3554465770721436
1.3401058912277222
1.385427713394165
1.4059480428695679
0
0
0
0
0
0
0
0
0
0
0
0
