0.4232008457183838
0.44102513790130615
0.44176504015922546
0.4209353029727936
0.41771724820137024
0.4399210214614868
0.42293602228164673
0.4307836890220642
0.42573925852775574
0.44871586561203003
0.45031508803367615
0.45690035820007324
0.44949400424957275
0.45190292596817017
0.46491509675979614
0.47130846977233887
0.49913671612739563
0.5254022479057312
0
0
0
0
0
0
3.449998378753662
3.4349193572998047
3.4426920413970947
3.466586112976074
0
0
0
0
0
0
0
2.3421976566314697
2.2703418731689453
2.2808380126953125
2.257110595703125
2.270784854888916
2.275895833969116
2.3000190258026123
2.3871994018554688
0
0
0
0
0
0
0
0
0
0
0
0
0
0
0
0
0
0
0
0
0
0
0
0
0
0
0
0
1.7246220111846924
1.6309218406677246
1.607353925704956
1.5796912908554077
1.5747148990631104
1.5675420761108398
1.5648962259292603
1.590551495552063
1.5819851160049438
1.6064847707748413
1.6244816780090332
2.81585693359375
2.8178088665008545
2.7886574268341064
2.792949914932251
2.8370087146759033
2.9008893966674805
0
0
0
0
0
0
0
0
0
0
0
0
0
0
0
0
0
0
0
0
0
0
0
0
0
3.166426181793213
3.149913787841797
3.155651807785034
3.1707329750061035
3.1982150077819824
0
0
2.3701608180999756
2.3545987606048584
2.3299708366394043
2.3257358074188232
2.322404623031616
2.3747708797454834
2.4339599609375
0
0
0
0
0
0
0
0
0
0
0
0
0
0
0
0
0
0
0
0
0
1.4008383750915527
1.3726993799209595
1.3610326051712036
1.3314799070358276
0.49887263774871826
0.43600186705589294
0.4470648169517517
0.40604841709136963
0.3963550329208374
0.40469393134117126
0.39425426721572876
0.41036760807037354
0.38113486766815186
0.37834998965263367
0.36058172583580017
0.36869385838508606
0.3732881247997284
0.35531073808670044
0.3705555498600006
0.3651124835014343
0.3746336102485657
0.37531155347824097
0.38558539748191833
0.377810001373291
0.38572636246681213
0.36272332072257996
0.3752825856208801
0.36581024527549744
0.38112977147102356
0.37487325072288513
0.38543185591697693
0.39319464564323425
0.3925536870956421
0.39041826128959656
0.3955387473106384
0.4180794656276703
0.4164692461490631
0.45177850127220154
0.46623900532722473
0
0
0
0
0
0
0
0
0
0
0
2.8619003295898438
2.8180501461029053
2.818340301513672
2.810575485229492
2.8533103466033936
2.966202974319458
0
0
0
0
0
0
0
1.8586496114730835
1.7872368097305298
1.7838879823684692
1.7697147130966187
1.7391966581344604
1.7368535995483398
1.7655583620071411
1.7807998657226562
1.8234221935272217
0
0
0
0
0
0
0
0
0
0
0
0
0
0
0
0
0
0
0
0
2.9942052364349365
2.9310755729675293
2.927178382873535
1.2825106382369995
1.2614216804504395
1.2334115505218506
1.2206730842590332
1.2046116590499878
1.1992179155349731
1.1821644306182861
1.187061071395874
1.2142393589019775
1.2168112993240356
1.229810118675232
1.2578562498092651
1.292998194694519
0
0
2.5553014278411865
2.4971747398376465
2.4708852767944336
2.4982521533966064
2.512317180633545
2.519340991973877
2.5902581214904785
0
0
0
0
0
0
0
0
0
0
0
0
0
0
0
0
0
2.6166536808013916
2.5559074878692627
2.5296010971069336
2.5187582969665527
2.507655620574951
2.518836736679077
2.5457346439361572
0
0
0
0
1.5234148502349854
1.4800972938537598
1.4611823558807373
1.4489959478378296
1.4499890804290771
1.4425874948501587
1.433147668838501
1.4514514207839966
1.4559082984924316
1.4786547422409058
1.4840856790542603
1.5410010814666748
0
0
0
0
0
0
0
0
0
0
0
2.081592082977295
2.031698226928711
2.0133306980133057
1.9818555116653442
1.990654706954956
1.9684269428253174
1.9962395429611206
2.024346351623535
2.0521280765533447
0
0
0
0
3.106661319732666
3.0554356575012207
3.0098724365234375
3.018153429031372
3.0409023761749268
3.0793304443359375
0
0
0
0
0
0
0
0
0
0
0
0.511508047580719
0.4886076748371124
0.4929390549659729
0.46155208349227905
0.4315425753593445
0.43443071842193604
0.43937957286834717
0.44985008239746094
0.41981300711631775
0.44123604893684387
0.4421553611755371
0.42453160881996155
0.4287942051887512
0.42492663860321045
