0
0
0
0
0
0
0
0
0
0
0
0
0
0
0
0
2.535478353500366
2.4801807403564453
2.4471473693847656
2.456421136856079
2.4593942165374756
2.4843180179595947
2.509261131286621
0
0
0
0
2.884535551071167
2.8300070762634277
2.82513165473938
2.817575693130493
2.856626033782959
1.3504204750061035
1.3360533714294434
0
0
0
0
0
0
0
0
0
0
0
0
0
0
0
0
0
0
0
0
0
0
0
0
0
2.6070187091827393
2.5615367889404297
2.5573980808258057
2.532972574234009
2.5584206581115723
2.5728063583374023
2.61506986618042
0
0
0
0
0
0
0
0
0
0
0
0
0
0
0
0
0
0
0
3.411621332168579
3.3790321350097656
3.3703391551971436
3.4191343784332275
3.4871792793273926
0
0
0
0
0
0
0
0
0
0
0
0
1.3747092485427856
1.3070716857910156
1.301176905632019
1.255720853805542
1.2556157112121582
1.230546474456787
1.2510347366333008
1.2546783685684204
1.2432496547698975
1.2595329284667969
1.2905043363571167
1.2762442827224731
1.326132893562317
2.4593513011932373
2.415494680404663
2.413839817047119
2.4255993366241455
2.4237895011901855
2.4645779132843018
0
0
0
0
0
0
0
0
0
0
0
0
0
0
0
0
0
0
0
2.5522243976593018
2.519726514816284
2.5082802772521973
2.510585069656372
2.5202529430389404
2.5665605068206787
0
0
1.4979175329208374
1.4492944478988647
1.4075188636779785
1.4127460718154907
1.4000492095947266
1.399259090423584
1.3976444005966187
1.4005554914474487
1.3849066495895386
1.4152181148529053
1.4521775245666504
1.4883664846420288
0
0
0
0
0
3.2810139656066895
3.251124858856201
3.239020586013794
3.267023801803589
3.312127113342285
0
0
0
0
0
0
0
0
0
0
0
2.515428066253662
2.4936530590057373
2.4674642086029053
2.465677261352539
2.4820632934570312
2.5275847911834717
0
0
0
0
0
0
0
0
0
0
0
0
0
0
0
0
0
0
0
0
0
0
0
0
0
0
0
0
0
0
0
0
0
0
0
0
0
0
0
0
0
0
0
0
0
0
0
0
0
0
0
0
0
0
0
0
0
0
0
0
0
0
0
0
0
0
0
0
0
0
0
0
0
0
0
0
0
0
0
0
0
0
0
0
0
0
0
0
0
0
1.3427437543869019
1.3184202909469604
1.2962877750396729
1.2807073593139648
1.2908833026885986
1.2684478759765625
1.2643852233886719
1.26228666305542
1.2871720790863037
1.3069965839385986
1.3128257989883423
1.3495923280715942
0
0
0
0
0
0
0
0
0
0
0
0
0
1.821908950805664
1.806457281112671
1.7578133344650269
1.7709232568740845
1.233193039894104
1.2312982082366943
1.7616608142852783
0.6509676575660706
0.5929285287857056
0.5717647671699524
0.5497039556503296
0.5660388469696045
0.5494268536567688
0.5357626676559448
0.5369536876678467
0.5101042985916138
0.5233784317970276
0.5214021801948547
0.5178687572479248
0.5172427296638489
0.5154959559440613
0.5117236375808716
0.5235918164253235
0.510712206363678
0.5113725662231445
0.5306024551391602
0.5143866539001465
0.548454225063324
0.5416349172592163
0.5669971108436584
0.5435070395469666
0.5587143898010254
0.5656930804252625
0.5902618765830994
0.6244503855705261
1.2474744319915771
1.2667946815490723
0
0
0
0
0
0
0
0
0
0
0
0
0
0
0
0
0
0
0
0
0
