0.8669650554656982
0.8865485191345215
0.8736322522163391
0.8757799863815308
0.8464478254318237
0.8638123869895935
0.8649327158927917
0.8509055376052856
0.8810136318206787
0.8889018893241882
0.8998968601226807
0.89304518699646
0.9036392569541931
0.9270859360694885
2.141716241836548
2.1599106788635254
2.1544480323791504
2.223200559616089
0
0
0
0
0
0
0
0
0
0
0
0
0
0
0
0
0
0
0
0
0
0
0
0
0
0
0
0
0
0
0
0
0
0
0
0
0
0
0
0
0
0
0
0
0
0
0
0
0
0
0
0
0
0
0
0
0
0
0
0
0
0
0
0
0
0
0
0
0
0
0
0
0
0
0
0
0
0
0
0
0
0
0
0
0
0
0
0
0
0
0
0
0
0
0
0
0
0
0
0
0
0
0
0
0
0
0
0
0
0
0
0
0
0
0
0
0
0
0
0
0
0
0
0
0
0
0
0
0
0
0
0
2.9051826000213623
2.8794631958007812
2.851869821548462
2.877596855163574
2.9015958309173584
0
0
0
0
0
0
3.0797290802001953
3.007345676422119
2.987194538116455
2.9892852306365967
3.0412113666534424
3.157181739807129
0
0
0
0
0
0
0
0
0
0
0
0
0
0
0
0
0
0
0
0
0
0
0
0
3.282021999359131
3.23129940032959
3.2112178802490234
3.2265000343322754
3.264970302581787
0
0
0
0
0
0
0
0
0
0
0
0
0
0
0
0
0
0
0
0
0
0
0
0
0
2.2950077056884766
2.296802043914795
0
0
0
0
0
0
0
0
0
0
0
0
0
0
0
0
0
0
0
0
0
0
0
0
0
0
0
0
0
0
0
0
0
0
0
2.577270030975342
2.5362741947174072
2.5230510234832764
2.5109708309173584
2.5167183876037598
2.550960063934326
0.8880777359008789
0.8528271317481995
0.8076595664024353
0.8078738451004028
0.791995644569397
0.8157848119735718
0.7899336814880371
0.7714035511016846
0.7666072845458984
0.7748798131942749
0.7446808218955994
0.7932944297790527
0.7809152007102966
0.7984071969985962
0.7910698056221008
0.8087171912193298
0.8230158686637878
0.8230602145195007
0.8532590866088867
0.919599175453186
0
0
0
0
0
0
2.9963438510894775
2.92240571975708
2.887145757675171
2.8775038719177246
2.902878999710083
2.909759283065796
2.9981446266174316
0
0
0
0
0
0
0
0
0
0
0
0
2.140742540359497
2.0923914909362793
2.0515379905700684
2.0516772270202637
2.0586037635803223
2.0394113063812256
2.063178539276123
2.1057474613189697
2.176881790161133
0
0
0
0
0
0
0
0
0
0
0
0
2.731034278869629
2.6973154544830322
2.6801650524139404
2.682526111602783
2.6798810958862305
2.7232351303100586
2.8201000690460205
0
0
0
0
0
0
0
0
0
0
0
0
0
0
0
0
0
0
0.9756571054458618
0.9542809724807739
0.8983638286590576
0.8899362087249756
0.8996933102607727
