0.6147922277450562
0.6013864874839783
0.5882138609886169
0.5826096534729004
0.5829529762268066
0.588805615901947
0.5800624489784241
0.5840837359428406
0.588726818561554
0.5666082501411438
0.5923730134963989
0.5801787376403809
0.5779103636741638
0.5801243782043457
0.5896732211112976
0.6126198172569275
0.618429958820343
0.6221733689308167
0.6232126951217651
0.6575472950935364
0.6863232851028442
0
0
0
0
0
0
0
1.9568631649017334
1.9293268918991089
1.9019213914871216
1.894875168800354
1.8881604671478271
1.8961812257766724
1.9319100379943848
1.9414324760437012
2.0002245903015137
3.0168230533599854
0
0
0
0
0
0
0
0
0
0
0
0
0
0
0
0
0
0
0
0
0
2.9153828620910645
2.86966609954834
2.846966505050659
2.8505055904388428
2.8851466178894043
2.0513157844543457
2.015559434890747
2.0131285190582275
1.9799906015396118
1.991986632347107
2.001232862472534
2.0303032398223877
2.0644280910491943
0
0
0
0
0
0
3.437572956085205
3.396306276321411
3.4048755168914795
3.4246435165405273
3.495927572250366
0
0
0
0
1.2130788564682007
1.177330493927002
1.157236099243164
1.1336874961853027
1.1396476030349731
1.113986849784851
1.1146279573440552
1.1191351413726807
1.1322698593139648
1.1203662157058716
1.151100993156433
1.150707721710205
1.1529353857040405
1.1814684867858887
0
0
0
0
0
0
0
0
0
0
0
0
0
2.695873260498047
2.6499972343444824
0.940009593963623
0.9146526455879211
0.8746678829193115
0.8737723231315613
0.8587881922721863
0.8702445030212402
0.8618977665901184
0.8611233234405518
0.8764020800590515
0.8535106778144836
0.867543637752533
0.8677065968513489
0.8724639415740967
0.8839282989501953
0.8863571882247925
0.8955406546592712
0.9444326758384705
0.9719112515449524
2.84875226020813
2.806729793548584
2.776686906814575
2.7865805625915527
2.788203716278076
2.8447890281677246
0
0
0
0
0
0
0
0
0
0
0
0
0
0
0
0
0
0
0
0
0
0
0
0
0
0
0
0
2.9582481384277344
2.9056396484375
2.869150400161743
2.8634228706359863
2.909168243408203
2.9384360313415527
0
0
0
0
0
0
0
0
0
0
0
0
0
0
0
0
0
0
0
0
0
0
0
1.023720145225525
0.9775121808052063
0.9599258899688721
0.9450584650039673
0.9323254823684692
0.9187358021736145
0.9363166093826294
0.9308499097824097
0.9273353815078735
0.9215365648269653
0.916176438331604
0.9186525344848633
0.9431796073913574
0.9461057186126709
0.9724868535995483
0.9744566679000854
1.0390552282333374
0
0
0
0
0
0
0
0
0
0
0
0
0
0
0
0
0
2.3554320335388184
2.3085415363311768
2.292764902114868
2.2773611545562744
2.266740560531616
2.288437843322754
2.3418686389923096
0
0
0
0
0
0
0.4655419588088989
0.4524814188480377
0.43096935749053955
0.40902161598205566
0.4039463400840759
0.3910996913909912
0.38722094893455505
0.376862108707428
0.3731003701686859
0.3652835786342621
0.3737838566303253
0.37277552485466003
0.3511151969432831
0.36288216710090637
0.3593493402004242
0.35984572768211365
0.3574865460395813
0.38180091977119446
0.35025984048843384
0.3795901834964752
0.36277303099632263
0.35458067059516907
0.3589280843734741
0.37524715065956116
0.36364391446113586
0.3899220824241638
0.3672527074813843
0.37849754095077515
0.36429545283317566
0.3984050452709198
0.396061509847641
0.3907695710659027
0.4008490741252899
0.3952467441558838
0.42727190256118774
0.4512089788913727
0
0
0
0
0
0
0
0
0
0
0
0
0
0
0
0
0
0
0
0
0
0
0
0
0
0
0
0
0
0
0
0
0
0
0
0
0
0
0
0
0
2.017376184463501
1.994592547416687
1.9555925130844116
1.944749116897583
1.9248379468917847
1.9281069040298462
1.9658708572387695
1.9709038734436035
2.0079996585845947
0
0
0
0
0
0
0
0
0
0
0
0
0
0
0
0
0
0
0
0
0
0
2.5662357807159424
2.5143203735351562
2.5166542530059814
0.6834354400634766
0.6556436419487
0.6102228164672852
0.609475314617157
0.5940824151039124
