1.2270087003707886
1.2270857095718384
1.2226650714874268
1.2527978420257568
1.2486200332641602
1.2432559728622437
1.2751182317733765
1.2829903364181519
1.320924162864685
1.8508199453353882
1.857913613319397
1.886123538017273
3.0824201107025146
3.1386401653289795
0
0
0
0
0
0
0
0
0
0
0
0
0
0
0
0
0
0
0
0
0
0
0
0
0
0
0
0
0
0
0
0
0
0
0
0
0
0
0
0
0
0
0
0
0
0
0
0
0
0
0
0
0
0
0
0
0
0
0
0
0
0
0
0
0
0
0
0
0
0
0
0
0
0
0
0
0
0
0
0
0
0
0
0
0
0
0
0
0
0
0
0
0
0
0
0
0
0
0
0
0
0
0
0
0
0
0
0
0
0
0
0
0
0
0
0
0
0
0
0
0
0
0
0
0
0
0
0
0
0
0
0
0
0
0
0
0
0
0
0
0
0
0
0
0
0
0
0
0
0
0
0
0
0
0
0
0
0
0
0
0
0
0
0
0
0
0
0
0
0
0
0
0
0
0
0
0
0
0
0
0
0
0
0
0
0
0
0
0
0
0
0
0
0
0
0
0
0
0
0
0
0
0
0
0
0
0
0
0
0
0
0
0
0
0
0
0
0
0
0
0
0
0
0
0
0
0
0
0
3.248044729232788
3.1485941410064697
2.5959646701812744
2.535834550857544
2.5389890670776367
2.5135066509246826
2.554797887802124
2.582587957382202
0
0
2.890289306640625
2.8671584129333496
2.515979528427124
2.397371292114258
2.379016876220703
2.3487355709075928
2.3853485584259033
2.371450662612915
2.3889448642730713
2.469128131866455
0
0
0
0
0
0
0
0
0
0
0
0
0
0
0
0
0
0
0
0
0
0
0
0
0
0
0
0
0
0
0
0
0
0
0
0
0
0
0
0
0
0
0
0
0
0
0
0
0
0
0
0
0
0
0
0
0
0
3.0393402576446533
2.968827247619629
2.944711685180664
2.936878204345703
2.955118417739868
2.9887123107910156
3.453946113586426
3.4850282669067383
0
0
2.983816385269165
2.897773027420044
2.8559763431549072
0.8609858751296997
0.8338127136230469
0.8291061520576477
0.8198672533035278
0.7806060910224915
0.792548656463623
0.7845250964164734
0.7726072669029236
0.7620912194252014
0.7585178017616272
0.7671352624893188
0.7670634388923645
0.7882096767425537
0.7859313488006592
0.770889163017273
0.8125686645507812
0.801295280456543
0.8238517642021179
0.8448030948638916
0.8609946966171265
0
1.306837558746338
1.2813758850097656
1.2782756090164185
1.2610520124435425
1.2280569076538086
