0
0
0
0
0
0
0
0
0
0
0
0
0
0
0
0
0
0
0
0
0
0
0
0
0
0
0
0
0
0
0
0
0
0
0
0
0
0
0
0
0
0
0
0
0
0
0
0
0
0
0
0
0
0
0
0
0
0
0
0
0
0
0
0
0
0
0
0
0
2.7830846309661865
2.719226121902466
2.6813573837280273
2.706336498260498
2.7229788303375244
2.751431941986084
2.851703405380249
0
0
0
0
0
0
0
0
0
0
0
0
0
0
0
0
0
0
0
0
0
0
0
0
0
0
0
0
0
0
0
0
0
2.6723480224609375
2.6353964805603027
2.6328680515289307
2.615877389907837
2.62945556640625
2.701648473739624
0
0
0
0
0
0
0
0
0
0
0
0
0
0
0
0
0
0
0
0
0
0
0
0
0
0
0
0
0
0
0
0
0
0
0
0
0
0
0
0
0
2.725698709487915
2.6759514808654785
2.667161464691162
2.6630396842956543
2.6937642097473145
2.7062058448791504
0
0
0
0
0
0
0
0
0
0
0
0
0
0
0
0
0
0
0
0
0
0
0
0
1.2230840921401978
1.1741992235183716
1.1316698789596558
1.1296987533569336
1.0880920886993408
1.103930115699768
1.0869054794311523
1.089491605758667
1.08156156539917
1.0974841117858887
1.0913381576538086
1.0965657234191895
1.1426271200180054
1.1591969728469849
1.1975611448287964
0
0
0
0
0
0
0
0
0
0
0
0
0
2.657405138015747
2.640767812728882
2.6149396896362305
2.59558367729187
2.625444173812866
2.667170763015747
0
0
0
0
0
0
0
0
0
0
0
0
0
0
0
0
0
0
0
0
0
0
0
0
0
0
0
0
0
0
2.7409868240356445
2.6709930896759033
2.645106554031372
2.6156375408172607
2.6364169120788574
2.6526734828948975
2.7185933589935303
0
0
0
0
0
0
0
0
1.248549461364746
1.1950381994247437
1.2165428400039673
1.1683976650238037
1.1997544765472412
1.1787368059158325
1.1575273275375366
1.166555643081665
1.163889765739441
1.202019214630127
1.2014034986495972
1.1994792222976685
1.253098964691162
3.006456136703491
3.043818712234497
0
0
0
0
0
0
0
0
0
0
0
0
0
2.19018816947937
2.1485307216644287
2.1412100791931152
2.1213572025299072
2.1035208702087402
2.132469892501831
2.1545028686523438
2.2205467224121094
0
0
0
0
3.44101881980896
3.3912596702575684
3.3770031929016113
3.388843297958374
3.4455699920654297
0
0
0
0
0
0
0
0
0
0
0
0
0
0
0
0
0
0
0
0
0
0
0
0
0
0
0
0
0
1.92575204372406
1.8820748329162598
1.8290144205093384
1.8156882524490356
1.8130555152893066
1.8157830238342285
1.8230769634246826
1.8463773727416992
1.8589776754379272
1.8917850255966187
0
0
0
0
0
0
0
0
0
0
0
