1.988064169883728
2.0050480365753174
0
0
0
0
2.281717538833618
2.220604181289673
2.188171148300171
2.183760643005371
2.1789708137512207
2.1774775981903076
2.2171058654785156
2.2342607975006104
0
0
0
0
0
0
0
0
0
0
0
2.7368290424346924
2.612175226211548
2.5369253158569336
2.462339401245117
2.923785448074341
2.956174850463867
3.007011651992798
3.0247631072998047
3.049773931503296
3.092838764190674
3.1402690410614014
3.161761522293091
3.21104097366333
3.242206335067749
3.2797296047210693
3.1778697967529297
3.131639242172241
3.0822410583496094
3.0200371742248535
0
0
0
0
0
0
0
0
0
0
0
0
0
0.8804200291633606
0.8323999047279358
0.8116627931594849
0.8150092363357544
0.7909718751907349
0.7751847505569458
0.7902159690856934
0.7825633883476257
0.7690162658691406
0.7740599513053894
0.7863978743553162
0.7734565734863281
0.7664022445678711
0.7977482676506042
0.7779324650764465
0.7962636947631836
0.8082624077796936
0.8118288516998291
0.8384830355644226
0.8731718063354492
0
0
0
0
1.3367245197296143
1.2808929681777954
1.2278951406478882
1.2382214069366455
1.2377448081970215
1.2139832973480225
1.2332422733306885
1.2064156532287598
1.226129174232483
1.2268471717834473
1.2249197959899902
1.2475481033325195
1.2572591304779053
0.7328571081161499
0.7000420689582825
0.6856145858764648
0.6766332387924194
0.6694337129592896
0.6553191542625427
0.6415790319442749
0.6484390497207642
0.6439136862754822
0.657447874546051
0.6440172791481018
0.6303204298019409
0.6632627248764038
0.6552116274833679
0.6387493014335632
0.651357889175415
0.6603826880455017
0.6513423919677734
0.6792827248573303
0.6745898127555847
0.7030515670776367
0.7188360095024109
1.2299156188964844
1.2470718622207642
1.290558934211731
0
0
0
0
0
0
0
0
0
0
0
0
0
0
0
0
0
0
0
0
0
0
0
0
0
0
0
0
0
0
0
0
0
0
0
0
0
0
0
0
0
0
0
2.4309279918670654
2.400658369064331
2.3400259017944336
2.327465772628784
2.35083270072937
2.3600761890411377
2.408270835876465
2.8698372840881348
2.8654584884643555
2.8399763107299805
2.866175651550293
2.915775775909424
0
0
0
0
0
0
0
0
0
0
0
0
0
0
0
0
0
0
0
0
0
0
0
0
0
0
0
0
0
0
0
0
0
0
0
0
0
0
2.2236223220825195
2.125779390335083
2.098977565765381
2.072942018508911
2.083441972732544
2.088486433029175
2.1109561920166016
2.141167402267456
0
0
0
0
0
0
0
2.320355176925659
2.2411773204803467
2.2215867042541504
2.2220656871795654
2.2182416915893555
2.2305166721343994
2.2540297508239746
2.313512086868286
0
0
0
0
2.641463041305542
2.570497751235962
2.5280227661132812
2.5241668224334717
2.5188615322113037
2.565443277359009
2.597416877746582
0
0
3.0934431552886963
3.086195945739746
3.0687084197998047
3.0634334087371826
3.077892303466797
0
0
0
0
0
0
0
0
0
0
0
0
0
0
0
0
0
0
0
0
0
0
0
2.1598286628723145
2.0771195888519287
2.073514699935913
2.0414469242095947
2.0218539237976074
1.7082228660583496
1.6430761814117432
1.6077851057052612
1.577483892440796
1.580870509147644
1.5736970901489258
1.5742429494857788
1.5843971967697144
1.599127173423767
1.6127867698669434
1.6481763124465942
2.362250328063965
2.3927695751190186
2.4201762676239014
2.0498056411743164
1.9596716165542603
1.9227416515350342
1.9058473110198975
1.4508718252182007
1.4319255352020264
1.4175128936767578
1.4013549089431763
1.3974272012710571
1.3897345066070557
1.3744175434112549
1.395236849784851
1.3937934637069702
1.425553321838379
1.4578864574432373
1.524604082107544
0
0
0
0
0
0
0
0
0
0
0
0
3.228048324584961
3.1961679458618164
3.1868557929992676
3.2049813270568848
3.2453153133392334
0
0
0
0
3.4524855613708496
3.3723320960998535
3.3886032104492188
3.3833396434783936
3.4105424880981445
3.4968724250793457
0
0
0
0
0
0
0
0
0
0
0
0
0
0
0
2.048861026763916
2.0055692195892334
1.9798599481582642
1.9790440797805786
1.9768261909484863
1.9828940629959106
1.9804264307022095
