2.0660393238067627
2.239795446395874
2.4334731101989746
2.649094820022583
2.9388632774353027
3.2905843257904053
0
0
0
0
0
0
0
0
0
0
0
0
0
2.907954692840576
2.885164499282837
2.8593344688415527
2.8364078998565674
2.8790969848632812
2.9100563526153564
0
0
0
0
0
0
0
0
0
0
0.8391502499580383
0.8320667743682861
0.7991727590560913
0.7875867486000061
0.7745964527130127
0.7635557055473328
0.7542285323143005
0.7673775553703308
0.7487607002258301
0.7626001834869385
0.7453258037567139
0.7595294117927551
0.7502877116203308
0.7561004757881165
0.7866077423095703
0.7886038422584534
0.7787095904350281
0.7963346838951111
0.8341294527053833
0.8441981673240662
1.9945111274719238
1.9550139904022217
1.92338228225708
1.884682059288025
1.8575185537338257
1.8192209005355835
1.7914117574691772
1.761282205581665
1.7538167238235474
1.7323765754699707
1.6922917366027832
1.6695916652679443
1.6482290029525757
1.6200497150421143
1.6232246160507202
1.5899418592453003
1.5610347986221313
1.5450559854507446
1.534183144569397
1.5179542303085327
1.491735577583313
1.4963828325271606
1.4923298358917236
1.4714711904525757
1.4496097564697266
1.4223127365112305
1.4289106130599976
1.4344669580459595
1.4230241775512695
1.4014004468917847
1.3982832431793213
1.3929539918899536
1.3905333280563354
1.3615643978118896
1.3718985319137573
1.3490252494812012
1.3527895212173462
1.3552296161651611
1.3450684547424316
1.3392244577407837
1.3360439538955688
1.3611321449279785
1.343085527420044
1.320253610610962
1.332188367843628
1.3419554233551025
1.3315680027008057
1.3233122825622559
1.3381521701812744
1.3525017499923706
1.3200373649597168
1.334660291671753
1.3362106084823608
1.3374983072280884
1.3454760313034058
1.335044503211975
1.347885012626648
1.3552064895629883
1.3386458158493042
1.3711349964141846
1.3702950477600098
1.375815749168396
1.3735742568969727
1.3760396242141724
1.3701006174087524
1.3855814933776855
1.383342981338501
1.4098196029663086
1.4045144319534302
1.4296733140945435
1.424261212348938
1.4484485387802124
1.4646508693695068
1.4652715921401978
1.4853473901748657
1.4746508598327637
1.490766167640686
1.5133711099624634
1.5267385244369507
1.5595619678497314
1.5843087434768677
1.5880467891693115
1.5949594974517822
1.600222110748291
1.6375161409378052
1.6630326509475708
1.697109580039978
1.7172656059265137
1.7191611528396606
1.7419384717941284
1.7804696559906006
1.8237920999526978
1.8324990272521973
0
0
0
0
0
0
0
0
0
0
0
0
0
0
0
0
0
0
0
0
0
0
0
0
0
0
0
0
0
0
0
0
0
0
0
0
0
0
0
0
0
0
0
0
0
0
0
0
0
0
0
0
0
0
0
0
0
0
0
0
0
0
0
0
0
0
0
0
0
0
0
0
0
0
0
0
0
0
0
0
0
0
0.772753894329071
0.7668682932853699
0.7575638890266418
0.74113929271698
0.720964789390564
0.7069604992866516
0.7075878381729126
0.6766037940979004
0.6602136492729187
0.655407190322876
0.6471323370933533
0.626304566860199
0.6384819746017456
0.6197646856307983
0.6103647947311401
0.6015511155128479
0.5850067138671875
0.5966402292251587
0.5788050293922424
0.5694962739944458
0.5680515766143799
0.553790807723999
0.5508878827095032
0.5590009689331055
0.5486918687820435
0.5356621742248535
0.5273707509040833
0.535507082939148
0.5177667140960693
0.523528516292572
0.5065828561782837
0.5113459229469299
0.5234724879264832
0.5007431507110596
0.49540916085243225
0.4841825067996979
0.4919993579387665
0.47737208008766174
0.48515740036964417
0.49583977460861206
0.4885827898979187
0.47710004448890686
0.4835538864135742
0.48310738801956177
0.4804057478904724
0.4773463308811188
0.48573341965675354
0.4827714264392853
0.48202091455459595
0.4775950014591217
0.47127342224121094
0.4663919508457184
0.44901272654533386
0.462636262178421
0.4649214744567871
0.4684801995754242
0.478012353181839
0.4748692512512207
0.47951579093933105
0.48072418570518494
0.45749279856681824
0.4675179421901703
0.4954531788825989
0.48400169610977173
0.49699968099594116
0.49979791045188904
0.4772331118583679
0.511650562286377
0.48893502354621887
0.5016281008720398
0.5044828057289124
0.5053545832633972
0.5167520642280579
0.5175572633743286
0.49372485280036926
0.5152920484542847
0.5044418573379517
0.5155896544456482
0.5241819024085999
0.5285992622375488
0.5469425916671753
0.5442559719085693
0.5538095831871033
0.5579245686531067
0.5443510413169861
0.569635272026062
0.5692241191864014
0.5761559009552002
0.5790116786956787
0.5972244143486023
0.5856047868728638
0.613309919834137
0.6198608875274658
0.6279070377349854
0.6360054612159729
0.6471549272537231
0.6437950134277344
0.6585115790367126
0.6849728226661682
0.6861922740936279
0.6806380152702332
0.7155990600585938
0.7422806620597839
0.7565634250640869
0.7601916193962097
0.8013054132461548
0.8059278726577759
0.8180264234542847
0.8489109873771667
0.8756104111671448
0.8819302320480347
0.9157140254974365
0.9342168569564819
0.9503619074821472
0.9938448667526245
1.0215455293655396
1.0655906200408936
1.0883454084396362
1.1527047157287598
1.186163067817688
1.2417129278182983
1.308154821395874
1.3704185485839844
1.4409892559051514
1.504094123840332
1.579142451286316
1.6762746572494507
1.775075912475586
1.907893180847168
2.0430691242218018
