1679909588290 0.1605503112077713 0
1679909592612 0.08126375824213028 1
1679909596485 0.06517621874809265 2
1679909602237 0.05253072455525398 3
1679909607609 0.04551513120532036 4
1679909611978 0.04934829846024513 5
1679909615148 0.042769599705934525 6
1679909619836 0.037013184279203415 7
1679909623263 0.03419141098856926 8
1679909626545 0.03225740045309067 9
1679909630148 0.03266269341111183 10
1679909633647 0.027037525549530983 11
1679909636925 0.030507726594805717 12
1679909640280 0.02910458855330944 13
1679909643652 0.02757728286087513 14
1679909647023 0.02194209210574627 15
1679909650410 0.018826179206371307 16
1679909653680 0.017719021067023277 17
1679909656978 0.018836650997400284 18
1679909660806 0.01832934096455574 19
1679909664868 0.017212675884366035 20
1679909668895 0.016002818942070007 21
1679909672959 0.016582457348704338 22
1679909677101 0.014712484553456306 23
1679909681359 0.014211294241249561 24
1679909685790 0.013112097047269344 25
1679909690281 0.022352246567606926 26
1679909694666 0.018542896956205368 27
1679909699387 0.014639316126704216 28
1679909703581 0.014014596119523048 29
1679909707353 0.013762270100414753 30
1679909711284 0.012079090811312199 31
1679909715225 0.011543200351297855 32
1679909719155 0.01102436613291502 33
1679909722869 0.05115021765232086 34
1679909726512 0.030499495565891266 35
1679909730118 0.018430888652801514 36
1679909733927 0.016314543783664703 37
1679909737481 0.013107506558299065 38
1679909741123 0.014718156307935715 39
1679909744724 0.012124629691243172 40
1679909748286 0.010818323120474815 41
1679909751971 0.010187037289142609 42
1679909755777 0.01175529696047306 43
1679909759659 0.01102017518132925 44
1679909763849 0.010175719857215881 45
1679909767945 0.012753525748848915 46
1679909771697 0.01113131269812584 47
1679909775316 0.00891164131462574 48
1679909779074 0.009531712159514427 49
1679909782723 0.011609422974288464 50
1679909786331 0.008640947751700878 51
1679909789967 0.008771328255534172 52
1679909793698 0.007716109044849873 53
1679909797263 0.007674299646168947 54
1679909800845 0.008701077662408352 55
1679909804677 0.012978533282876015 56
1679909808169 0.012080400250852108 57
1679909811810 0.009358098730444908 58
1679909815357 0.009309695102274418 59
1679909818941 0.014544782228767872 60
1679909822576 0.00987516064196825 61
1679909826250 0.007332742679864168 62
1679909829826 0.006471062544733286 63
