1679909588290 0.3403608798980713 0
1679909592612 0.7579218149185181 1
1679909596485 0.8299540877342224 2
1679909602237 0.8841801285743713 3
1679909607609 0.9020417928695679 4
1679909611978 0.8908040523529053 5
1679909615148 0.9061649441719055 6
1679909619836 0.9209718108177185 7
1679909623263 0.9290677309036255 8
1679909626545 0.9351060390472412 9
1679909630148 0.9315289855003357 10
1679909633647 0.9447214603424072 11
1679909636925 0.9380104541778564 12
1679909640280 0.9396407008171082 13
1679909643652 0.9429486989974976 14
1679909647023 0.9548195600509644 15
1679909650410 0.9614118337631226 16
1679909653680 0.9646486043930054 17
1679909656978 0.961831271648407 18
1679909660806 0.9632320404052734 19
1679909664868 0.964767336845398 20
1679909668895 0.9680674076080322 21
1679909672959 0.967125654220581 22
1679909677101 0.9710271954536438 23
1679909681359 0.972380518913269 24
1679909685790 0.9740186929702759 25
1679909690281 0.9568217992782593 26
1679909694666 0.9618866443634033 27
1679909699387 0.9703387022018433 28
1679909703581 0.9724121689796448 29
1679909707353 0.9731718897819519 30
1679909711284 0.976685643196106 31
1679909715225 0.977405846118927 32
1679909719155 0.9784108996391296 33
1679909722869 0.9104463458061218 34
1679909726512 0.938572347164154 35
1679909730118 0.9634536504745483 36
1679909733927 0.9677508473396301 37
1679909737481 0.9741848707199097 38
1679909741123 0.9708214402198792 39
1679909744724 0.9768597483634949 40
1679909748286 0.9789490103721619 41
1679909751971 0.9803893566131592 42
1679909755777 0.9774532914161682 43
1679909759659 0.978561282157898 44
1679909763849 0.9801282286643982 45
1679909767945 0.9757755398750305 46
1679909771697 0.9789885878562927 47
1679909775316 0.9830247163772583 48
1679909779074 0.9819800853729248 49
1679909782723 0.9782288670539856 50
1679909786331 0.9836419820785522 51
1679909789967 0.9834520220756531 52
1679909793698 0.9853434562683105 53
1679909797263 0.9857945442199707 54
1679909800845 0.9834441542625427 55
1679909804677 0.9752848744392395 56
1679909808169 0.9769784808158875 57
1679909811810 0.9824786186218262 58
1679909815357 0.982383668422699 59
1679909818941 0.9727049469947815 60
1679909822576 0.9813627600669861 61
1679909826250 0.9861744046211243 62
1679909829826 0.9879154562950134 63
