[0.   ,0.   ,0.187,0.   ]
[0.   ,0.   ,0.187,0.   ]
[2.053,0.072,0.187,0.   ]
[1.995,0.105,0.187,0.   ]
[1.943,0.136,0.187,0.   ]
[1.931,0.169,0.187,0.   ]
[1.918,0.202,0.187,0.   ]
[1.912,0.235,0.187,0.   ]
[1.919,0.27 ,0.187,0.   ]
[1.934,0.306,0.187,0.   ]
[1.955,0.345,0.187,0.   ]
[0.   ,0.   ,0.187,0.   ]
[0.   ,0.   ,0.187,0.   ]
[0.   ,0.   ,0.187,0.   ]
[0.   ,0.   ,0.187,0.   ]
[0.   ,0.   ,0.187,0.   ]
[1.354,0.388,0.187,0.   ]
[1.303,0.398,0.187,0.   ]
[1.307,0.425,0.187,0.   ]
[0.   ,0.   ,0.187,0.   ]
[0.   ,0.   ,0.187,0.   ]
[0.   ,0.   ,0.187,0.   ]
[0.   ,0.   ,0.187,0.   ]
[0.   ,0.   ,0.187,0.   ]
[0.   ,0.   ,0.187,0.   ]
[0.   ,0.   ,0.187,0.   ]
[0.   ,0.   ,0.187,0.   ]
[0.   ,0.   ,0.187,0.   ]
[0.   ,0.   ,0.187,0.   ]
[0.   ,0.   ,0.187,0.   ]
[0.   ,0.   ,0.187,0.   ]
[0.   ,0.   ,0.187,0.   ]
[0.   ,0.   ,0.187,0.   ]
[0.   ,0.   ,0.187,0.   ]
[0.   ,0.   ,0.187,0.   ]
[0.   ,0.   ,0.187,0.   ]
[0.   ,0.   ,0.187,0.   ]
[0.   ,0.   ,0.187,0.   ]
[0.   ,0.   ,0.187,0.   ]
[0.   ,0.   ,0.187,0.   ]
[0.675,0.567,0.187,0.   ]
[0.655,0.57 ,0.187,0.   ]
[0.62 ,0.558,0.187,0.   ]
[0.596,0.556,0.187,0.   ]
[0.576,0.556,0.187,0.   ]
[0.569,0.569,0.187,0.   ]
[0.552,0.572,0.187,0.   ]
[0.528,0.566,0.187,0.   ]
[0.538,0.598,0.187,0.   ]
[0.528,0.607,0.187,0.   ]
[0.519,0.619,0.187,0.   ]
[0.495,0.612,0.187,0.   ]
[0.493,0.631,0.187,0.   ]
[0.488,0.647,0.187,0.   ]
[0.467,0.642,0.187,0.   ]
[0.456,0.652,0.187,0.   ]
[0.454,0.673,0.187,0.   ]
[0.467,0.719,0.187,0.   ]
[0.466,0.746,0.187,0.   ]
[0.465,0.773,0.187,0.   ]
[0.   ,0.   ,0.187,0.   ]
[0.   ,0.   ,0.187,0.   ]
[1.048,1.971,0.187,0.   ]
[1.037,2.034,0.187,0.   ]
[1.04 ,2.132,0.187,0.   ]
[1.036,2.223,0.187,0.   ]
[1.04 ,2.336,0.187,0.   ]
[0.987,2.326,0.187,0.   ]
[0.947,2.345,0.187,0.   ]
[0.893,2.327,0.187,0.   ]
[0.846,2.325,0.187,0.   ]
[0.805,2.337,0.187,0.   ]
[0.76 ,2.338,0.187,0.   ]
[0.714,2.335,0.187,0.   ]
[0.669,2.333,0.187,0.   ]
[0.624,2.331,0.187,0.   ]
[0.583,2.34 ,0.187,0.   ]
[0.541,2.344,0.187,0.   ]
[0.497,2.339,0.187,0.   ]
[0.455,2.341,0.187,0.   ]
[0.414,2.349,0.187,0.   ]
[0.372,2.349,0.187,0.   ]
[0.327,2.325,0.187,0.   ]
[0.289,2.352,0.187,0.   ]
[0.246,2.343,0.187,0.   ]
[0.205,2.338,0.187,0.   ]
[0.135,1.928,0.187,0.   ]
[0.121,2.302,0.187,0.   ]
[0.081,2.321,0.187,0.   ]
[0.041,2.337,0.187,0.   ]
[0.   ,2.347,0.187,0.   ]
[-0.041, 2.323, 0.187, 0.   ]
[-0.082, 2.336, 0.187, 0.   ]
[-0.122, 2.337, 0.187, 0.   ]
[-0.163, 2.326, 0.187, 0.   ]
[-0.205, 2.339, 0.187, 0.   ]
[-0.244, 2.318, 0.187, 0.   ]
[-0.286, 2.33 , 0.187, 0.   ]
[-0.33 , 2.345, 0.187, 0.   ]
[-0.372, 2.349, 0.187, 0.   ]
[-0.411, 2.333, 0.187, 0.   ]
[-0.456, 2.348, 0.187, 0.   ]
[-0.494, 2.322, 0.187, 0.   ]
[-0.537, 2.325, 0.187, 0.   ]
[-0.583, 2.337, 0.187, 0.   ]
[-0.627, 2.34 , 0.187, 0.   ]
[-0.672, 2.344, 0.187, 0.   ]
[-0.717, 2.344, 0.187, 0.   ]
[-0.763, 2.348, 0.187, 0.   ]
[-0.761, 2.21 , 0.187, 0.   ]
[-0.76 , 2.088, 0.187, 0.   ]
[-0.761, 1.983, 0.187, 0.   ]
[-0.791, 1.957, 0.187, 0.   ]
[-0.989, 2.329, 0.187, 0.   ]
[-1.048, 2.354, 0.187, 0.   ]
[-1.08 , 2.317, 0.187, 0.   ]
[-1.135, 2.327, 0.187, 0.   ]
[-1.19 , 2.335, 0.187, 0.   ]
[-1.244, 2.34 , 0.187, 0.   ]
[-1.295, 2.336, 0.187, 0.   ]
[-1.353, 2.344, 0.187, 0.   ]
[-1.408, 2.343, 0.187, 0.   ]
[-1.464, 2.344, 0.187, 0.   ]
[-1.513, 2.329, 0.187, 0.   ]
[-1.583, 2.347, 0.187, 0.   ]
[-1.634, 2.333, 0.187, 0.   ]
[-1.69 , 2.325, 0.187, 0.   ]
[-1.679, 2.227, 0.187, 0.   ]
[-1.699, 2.174, 0.187, 0.   ]
[-1.685, 2.081, 0.187, 0.   ]
[-1.689, 2.013, 0.187, 0.   ]
[-1.69 , 1.944, 0.187, 0.   ]
[-0.   , 0.   , 0.187, 0.   ]
[-0.   , 0.   , 0.187, 0.   ]
[-0.   , 0.   , 0.187, 0.   ]
[-0.   , 0.   , 0.187, 0.   ]
[-0.   , 0.   , 0.187, 0.   ]
[-0.   , 0.   , 0.187, 0.   ]
[-0.   , 0.   , 0.187, 0.   ]
[-0.   , 0.   , 0.187, 0.   ]
[-0.   , 0.   , 0.187, 0.   ]
[-0.   , 0.   , 0.187, 0.   ]
[-0.   , 0.   , 0.187, 0.   ]
[-0.   , 0.   , 0.187, 0.   ]
[-0.   , 0.   , 0.187, 0.   ]
[-0.   , 0.   , 0.187, 0.   ]
[-0.   , 0.   , 0.187, 0.   ]
[-0.   , 0.   , 0.187, 0.   ]
[-0.518, 0.324, 0.187, 0.   ]
[-0.496, 0.298, 0.187, 0.   ]
[-0.499, 0.288, 0.187, 0.   ]
[-0.492, 0.273, 0.187, 0.   ]
[-0.497, 0.264, 0.187, 0.   ]
[-0.463, 0.236, 0.187, 0.   ]
[-0.47 , 0.229, 0.187, 0.   ]
[-0.468, 0.218, 0.187, 0.   ]
[-0.455, 0.202, 0.187, 0.   ]
[-0.467, 0.198, 0.187, 0.   ]
[-0.453, 0.183, 0.187, 0.   ]
[-0.473, 0.182, 0.187, 0.   ]
[-0.461, 0.168, 0.187, 0.   ]
[-0.454, 0.156, 0.187, 0.   ]
[-0.469, 0.152, 0.187, 0.   ]
[-0.477, 0.146, 0.187, 0.   ]
[-0.481, 0.138, 0.187, 0.   ]
[-0.46 , 0.123, 0.187, 0.   ]
[-0.466, 0.116, 0.187, 0.   ]
[-0.461, 0.106, 0.187, 0.   ]
[-0.467, 0.099, 0.187, 0.   ]
[-0.477, 0.093, 0.187, 0.   ]
[-0.469, 0.083, 0.187, 0.   ]
[-0.492, 0.078, 0.187, 0.   ]
[-0.481, 0.068, 0.187, 0.   ]
[-0.486, 0.06 , 0.187, 0.   ]
[-0.495, 0.052, 0.187, 0.   ]
[-0.519, 0.045, 0.187, 0.   ]
[-0.476, 0.033, 0.187, 0.   ]
[-0.498, 0.026, 0.187, 0.   ]
[-0.508, 0.018, 0.187, 0.   ]
[-0.523, 0.009, 0.187, 0.   ]
[-0.529, 0.   , 0.187, 0.   ]
[-0.537,-0.009, 0.187, 0.   ]
[-0.565,-0.02 , 0.187, 0.   ]
[-0.583,-0.031, 0.187, 0.   ]
[-0.58 ,-0.041, 0.187, 0.   ]
[-0.623,-0.055, 0.187, 0.   ]
[-0.924,-0.097, 0.187, 0.   ]
[-0.889,-0.109, 0.187, 0.   ]
[-0.88 ,-0.124, 0.187, 0.   ]
[-0.873,-0.138, 0.187, 0.   ]
[-0.871,-0.154, 0.187, 0.   ]
[-0.88 ,-0.171, 0.187, 0.   ]
[-0.866,-0.184, 0.187, 0.   ]
[-0.849,-0.196, 0.187, 0.   ]
[-0.859,-0.214, 0.187, 0.   ]
[-0.843,-0.226, 0.187, 0.   ]
[-0.84 ,-0.241, 0.187, 0.   ]
[-0.868,-0.265, 0.187, 0.   ]
[-0.862,-0.28 , 0.187, 0.   ]
[-0.872,-0.3  , 0.187, 0.   ]
[-0.871,-0.317, 0.187, 0.   ]
[-0.919,-0.353, 0.187, 0.   ]
[-0.   ,-0.   , 0.187, 0.   ]
[-1.634,-0.693, 0.187, 0.   ]
[-1.581,-0.704, 0.187, 0.   ]
[-1.533,-0.715, 0.187, 0.   ]
[-1.499,-0.731, 0.187, 0.   ]
[-1.468,-0.748, 0.187, 0.   ]
[-1.46 ,-0.776, 0.187, 0.   ]
[-1.44 ,-0.798, 0.187, 0.   ]
[-1.434,-0.828, 0.187, 0.   ]
[-1.41 ,-0.847, 0.187, 0.   ]
[-1.392,-0.87 , 0.187, 0.   ]
[-1.409,-0.915, 0.187, 0.   ]
[-1.401,-0.945, 0.187, 0.   ]
[-1.406,-0.984, 0.187, 0.   ]
[-1.42 ,-1.032, 0.187, 0.   ]
[-1.467,-1.105, 0.187, 0.   ]
[-2.246,-1.755, 0.187, 0.   ]
[-2.084,-1.688, 0.187, 0.   ]
[-2.007,-1.684, 0.187, 0.   ]
[-1.951,-1.696, 0.187, 0.   ]
[-1.884,-1.696, 0.187, 0.   ]
[-1.831,-1.707, 0.187, 0.   ]
[-1.785,-1.724, 0.187, 0.   ]
[-1.746,-1.746, 0.187, 0.   ]
[-1.714,-1.775, 0.187, 0.   ]
[-1.673,-1.794, 0.187, 0.   ]
[-1.644,-1.826, 0.187, 0.   ]
[-1.619,-1.862, 0.187, 0.   ]
[-1.593,-1.898, 0.187, 0.   ]
[-1.558,-1.924, 0.187, 0.   ]
[-1.537,-1.967, 0.187, 0.   ]
[-1.525,-2.024, 0.187, 0.   ]
[-1.507,-2.074, 0.187, 0.   ]
[-1.482,-2.117, 0.187, 0.   ]
[-1.49 ,-2.209, 0.187, 0.   ]
[-1.522,-2.344, 0.187, 0.   ]
[-0.   ,-0.   , 0.187, 0.   ]
[-0.   ,-0.   , 0.187, 0.   ]
[-0.   ,-0.   , 0.187, 0.   ]
[-0.   ,-0.   , 0.187, 0.   ]
[-0.   ,-0.   , 0.187, 0.   ]
[-1.276,-2.505, 0.187, 0.   ]
[-1.198,-2.457, 0.187, 0.   ]
[-1.14 ,-2.444, 0.187, 0.   ]
[-1.074,-2.412, 0.187, 0.   ]
[-1.03 ,-2.426, 0.187, 0.   ]
[-0.976,-2.415, 0.187, 0.   ]
[-0.947,-2.468, 0.187, 0.   ]
[-0.895,-2.458, 0.187, 0.   ]
[-0.864,-2.51 , 0.187, 0.   ]
[-0.829,-2.552, 0.187, 0.   ]
[-0.792,-2.59 , 0.187, 0.   ]
[-0.769,-2.682, 0.187, 0.   ]
[-0.   ,-0.   , 0.187, 0.   ]
[-0.   ,-0.   , 0.187, 0.   ]
[-0.   ,-0.   , 0.187, 0.   ]
[-0.   ,-0.   , 0.187, 0.   ]
[-0.   ,-0.   , 0.187, 0.   ]
[-0.   ,-0.   , 0.187, 0.   ]
[-0.   ,-0.   , 0.187, 0.   ]
[-0.   ,-0.   , 0.187, 0.   ]
[-0.   ,-0.   , 0.187, 0.   ]
[-0.   ,-0.   , 0.187, 0.   ]
[-0.   ,-0.   , 0.187, 0.   ]
[-0.   ,-0.   , 0.187, 0.   ]
[-0.   ,-0.   , 0.187, 0.   ]
[-0.   ,-0.   , 0.187, 0.   ]
[-0.   ,-0.   , 0.187, 0.   ]
[-0.   ,-0.   , 0.187, 0.   ]
[ 0.   ,-0.   , 0.187, 0.   ]
[ 0.   ,-0.   , 0.187, 0.   ]
[ 0.   ,-0.   , 0.187, 0.   ]
[ 0.   ,-0.   , 0.187, 0.   ]
[ 0.   ,-0.   , 0.187, 0.   ]
[ 0.   ,-0.   , 0.187, 0.   ]
[ 0.   ,-0.   , 0.187, 0.   ]
[ 0.   ,-0.   , 0.187, 0.   ]
[ 0.   ,-0.   , 0.187, 0.   ]
[ 0.   ,-0.   , 0.187, 0.   ]
[ 0.   ,-0.   , 0.187, 0.   ]
[ 0.405,-1.907, 0.187, 0.   ]
[ 0.436,-1.889, 0.187, 0.   ]
[ 0.466,-1.868, 0.187, 0.   ]
[ 0.488,-1.823, 0.187, 0.   ]
[ 0.518,-1.806, 0.187, 0.   ]
[ 0.553,-1.808, 0.187, 0.   ]
[ 0.594,-1.827, 0.187, 0.   ]
[ 0.634,-1.84 , 0.187, 0.   ]
[ 0.679,-1.866, 0.187, 0.   ]
[ 0.   ,-0.   , 0.187, 0.   ]
[ 0.   ,-0.   , 0.187, 0.   ]
[ 0.   ,-0.   , 0.187, 0.   ]
[ 0.   ,-0.   , 0.187, 0.   ]
[ 0.   ,-0.   , 0.187, 0.   ]
[ 0.   ,-0.   , 0.187, 0.   ]
[ 0.   ,-0.   , 0.187, 0.   ]
[ 0.   ,-0.   , 0.187, 0.   ]
[ 0.   ,-0.   , 0.187, 0.   ]
[ 0.   ,-0.   , 0.187, 0.   ]
[ 0.   ,-0.   , 0.187, 0.   ]
[ 0.   ,-0.   , 0.187, 0.   ]
[ 0.   ,-0.   , 0.187, 0.   ]
[ 0.   ,-0.   , 0.187, 0.   ]
[ 0.   ,-0.   , 0.187, 0.   ]
[ 0.   ,-0.   , 0.187, 0.   ]
[ 0.   ,-0.   , 0.187, 0.   ]
[ 0.   ,-0.   , 0.187, 0.   ]
[ 1.188,-1.467, 0.187, 0.   ]
[ 0.459,-0.547, 0.187, 0.   ]
[ 0.438,-0.503, 0.187, 0.   ]
[ 0.434,-0.482, 0.187, 0.   ]
[ 0.427,-0.458, 0.187, 0.   ]
[ 0.431,-0.446, 0.187, 0.   ]
[ 0.436,-0.436, 0.187, 0.   ]
[ 0.447,-0.432, 0.187, 0.   ]
[ 0.436,-0.406, 0.187, 0.   ]
[ 0.445,-0.401, 0.187, 0.   ]
[ 0.447,-0.388, 0.187, 0.   ]
[ 0.458,-0.384, 0.187, 0.   ]
[ 0.466,-0.377, 0.187, 0.   ]
[ 0.463,-0.362, 0.187, 0.   ]
[ 0.485,-0.365, 0.187, 0.   ]
[ 0.47 ,-0.341, 0.187, 0.   ]
[ 0.501,-0.351, 0.187, 0.   ]
[ 0.497,-0.335, 0.187, 0.   ]
[ 0.501,-0.325, 0.187, 0.   ]
[ 0.506,-0.316, 0.187, 0.   ]
[ 0.509,-0.306, 0.187, 0.   ]
[ 0.552,-0.319, 0.187, 0.   ]
[ 0.555,-0.308, 0.187, 0.   ]
[ 0.566,-0.301, 0.187, 0.   ]
[ 0.58 ,-0.296, 0.187, 0.   ]
[ 0.617,-0.301, 0.187, 0.   ]
[ 2.157,-1.006, 0.187, 0.   ]
[ 1.23 ,-0.548, 0.187, 0.   ]
[ 1.209,-0.513, 0.187, 0.   ]
[ 1.188,-0.48 , 0.187, 0.   ]
[ 1.197,-0.459, 0.187, 0.   ]
[ 1.188,-0.433, 0.187, 0.   ]
[ 1.188,-0.409, 0.187, 0.   ]
[ 1.182,-0.384, 0.187, 0.   ]
[ 1.18 ,-0.361, 0.187, 0.   ]
[ 1.199,-0.344, 0.187, 0.   ]
[ 1.232,-0.33 , 0.187, 0.   ]
[ 1.219,-0.304, 0.187, 0.   ]
[ 1.267,-0.292, 0.187, 0.   ]
[ 1.282,-0.273, 0.187, 0.   ]
[ 2.537,-0.493, 0.187, 0.   ]
[ 2.602,-0.459, 0.187, 0.   ]
[ 0.   ,-0.   , 0.187, 0.   ]
[ 0.   ,-0.   , 0.187, 0.   ]
[ 0.   ,-0.   , 0.187, 0.   ]
[ 0.   ,-0.   , 0.187, 0.   ]
[ 0.   ,-0.   , 0.187, 0.   ]
[ 0.   ,-0.   , 0.187, 0.   ]
[ 0.   ,-0.   , 0.187, 0.   ]
[ 0.   ,-0.   , 0.187, 0.   ]
[ 0.   ,-0.   , 0.187, 0.   ]
