1677838616258 0.2677900493144989 0
1677838618099 0.956105649471283 1
1677838619841 0.9930418133735657 2
1677838621924 0.9798368215560913 3
1677838624324 0.9597737193107605 4
1677838626221 0.9363537430763245 5
1677838628098 0.935608983039856 6
1677838629897 0.9514150023460388 7
1677838631724 0.9636862874031067 8
1677838633620 0.9482804536819458 9
1677838635514 0.9600738286972046 10
1677838637271 0.9599292874336243 11
1677838639018 0.9578840732574463 12
1677838640930 0.9655091762542725 13
1677838643101 0.9610408544540405 14
1677838645671 0.9675321578979492 15
1677838647767 0.9631527662277222 16
1677838649747 0.9688326716423035 17
1677838651587 0.9691994786262512 18
1677838653585 0.9605295062065125 19
1677838655393 0.9684325456619263 20
1677838657235 0.9714892506599426 21
1677838659009 0.9710890650749207 22
1677838660789 0.969566285610199 23
1677838662613 0.9736233949661255 24
1677838664721 0.966943085193634 25
1677838666503 0.9735122323036194 26
1677838668647 0.9739902019500732 27
1677838671016 0.9738678932189941 28
1677838673506 0.9750127792358398 29
1677838676110 0.9769135117530823 30
1677838678714 0.9775359630584717 31
1677838681115 0.9772247076034546 32
1677838683259 0.9796256422996521 33
1677838685415 0.9801591634750366 34
1677838687487 0.9780027866363525 35
1677838689401 0.9808038473129272 36
1677838691244 0.9786474704742432 37
1677838693101 0.9796811938285828 38
1677838694944 0.9805259704589844 39
1677838696746 0.9798368215560913 40
1677838698800 0.9788364768028259 41
1677838700729 0.9788475632667542 42
1677838702689 0.9825934171676636 43
1677838704698 0.9820265173912048 44
1677838706577 0.9833825826644897 45
1677838708505 0.9812929034233093 46
1677838710381 0.9815819263458252 47
1677838712255 0.9799590706825256 48
1677838714280 0.9831380844116211 49
1677838716598 0.9823488593101501 50
1677838718845 0.9817931056022644 51
1677838721050 0.9829713702201843 52
1677838723258 0.9822822213172913 53
1677838725661 0.9807149171829224 54
1677838728670 0.9796811938285828 55
1677838731029 0.9834381937980652 56
1677838733482 0.9820709824562073 57
1677838736046 0.9824155569076538 58
1677838738720 0.9800813794136047 59
1677838741143 0.9812929034233093 60
1677838743635 0.981559693813324 61
1677838745867 0.9821043610572815 62
1677838748127 0.9828045964241028 63
