1680882838648 0.11004519462585449 0
1680882843620 0.09947618097066879 1
1680882847048 0.09602095931768417 2
1680882852135 0.09087174385786057 3
1680882856165 0.08709116280078888 4
1680882859727 0.08312257379293442 5
1680882863556 0.08048146218061447 6
1680882867521 0.07599581778049469 7
1680882870718 0.07455866783857346 8
1680882873870 0.0709434300661087 9
1680882876950 0.0713244378566742 10
1680882879954 0.06929074972867966 11
1680882883093 0.06390521675348282 12
1680882886415 0.06455651670694351 13
1680882889370 0.06407440453767776 14
1680882892479 0.06361152231693268 15
1680882895728 0.06274297833442688 16
1680882898697 0.06099611893296242 17
1680882901407 0.062037207186222076 18
1680882904419 0.05774189531803131 19
1680882907506 0.057284481823444366 20
1680882910431 0.057439908385276794 21
1680882913507 0.055423539131879807 22
1680882916436 0.05458321422338486 23
1680882919244 0.05651189759373665 24
1680882922042 0.0559970885515213 25
1680882924738 0.05534539744257927 26
1680882927568 0.05309869721531868 27
1680882930377 0.05214107036590576 28
1680882933093 0.05206240341067314 29
1680882935888 0.05161608010530472 30
1680882938618 0.052121855318546295 31
1680882941379 0.05285501852631569 32
1680882944114 0.053755320608615875 33
1680882946819 0.052519939839839935 34
1680882949515 0.05049756541848183 35
1680882952254 0.04930057376623154 36
1680882955107 0.04820321127772331 37
1680882957932 0.04922754690051079 38
1680882960674 0.04868390038609505 39
1680882963464 0.048546671867370605 40
1680882966464 0.04734385013580322 41
1680882969251 0.0482204370200634 42
1680882971925 0.047858577221632004 43
1680882974614 0.04638896510004997 44
1680882977355 0.04457638040184975 45
1680882980036 0.04547286778688431 46
1680882982798 0.04671522602438927 47
1680882985605 0.04650792106986046 48
1680882988294 0.04572287201881409 49
1680882991067 0.04514724388718605 50
1680882993780 0.043882131576538086 51
1680882996894 0.042083095759153366 52
1680882999869 0.04110167920589447 53
1680883002612 0.0430484339594841 54
1680883005480 0.04174220561981201 55
1680883008178 0.0433337427675724 56
1680883010967 0.04372512921690941 57
1680883013951 0.04325489699840546 58
1680883016683 0.0395035557448864 59
1680883019525 0.04218689352273941 60
1680883022266 0.040884923189878464 61
1680883025188 0.041300203651189804 62
1680883027915 0.04157945141196251 63
1680883030875 0.041136134415864944 64
1680883033724 0.041374508291482925 65
1680883036405 0.040945038199424744 66
1680883039142 0.03997607156634331 67
1680883041941 0.04018031433224678 68
1680883044592 0.038622114807367325 69
1680883047246 0.03997410461306572 70
1680883049922 0.039334509521722794 71
1680883052598 0.0394585095345974 72
1680883055572 0.03914244472980499 73
1680883058267 0.03954743221402168 74
1680883061022 0.03769754245877266 75
1680883063852 0.03809202089905739 76
1680883066669 0.037275925278663635 77
1680883069466 0.03924795612692833 78
1680883072260 0.03916943073272705 79
1680883074997 0.03927993029356003 80
1680883077671 0.03891480714082718 81
1680883080411 0.038086604326963425 82
1680883083445 0.036928605288267136 83
1680883086118 0.03548401966691017 84
1680883088890 0.03523796424269676 85
1680883091659 0.0368095338344574 86
1680883094393 0.037975989282131195 87
1680883097153 0.037596654146909714 88
1680883099790 0.037402842193841934 89
1680883102468 0.036970045417547226 90
1680883105315 0.036234308034181595 91
1680883108807 0.0353812612593174 92
1680883111534 0.03496663272380829 93
1680883114212 0.03620238974690437 94
1680883116995 0.03564508631825447 95
1680883119743 0.036409925669431686 96
1680883122565 0.036305639892816544 97
1680883125578 0.035175930708646774 98
1680883128343 0.03548324853181839 99
1680883131082 0.03477554768323898 100
1680883133841 0.03400140628218651 101
1680883136610 0.03577781841158867 102
1680883139444 0.03488378971815109 103
1680883142210 0.035767484456300735 104
1680883145009 0.03388519212603569 105
1680883148071 0.03372582420706749 106
1680883150782 0.03300899639725685 107
1680883153528 0.03435344621539116 108
1680883156245 0.03529869392514229 109
1680883158937 0.034084051847457886 110
1680883161658 0.033556848764419556 111
1680883164342 0.03566737845540047 112
1680883167138 0.03429640829563141 113
1680883169962 0.03457164764404297 114
1680883172764 0.03230559080839157 115
1680883175870 0.0332321859896183 116
1680883178763 0.03173420578241348 117
1680883181497 0.03218407556414604 118
1680883184187 0.03228703886270523 119
1680883186842 0.03429286926984787 120
1680883189558 0.03330383449792862 121
1680883192345 0.03354261443018913 122
1680883195055 0.03278454393148422 123
1680883197768 0.03235207870602608 124
1680883200699 0.032875075936317444 125
1680883203598 0.03169970214366913 126
1680883206448 0.03426579758524895 127
1680883209408 0.034063100814819336 128
1680883212309 0.034555453807115555 129
1680883215122 0.03197389841079712 130
1680883217825 0.03259855508804321 131
1680883220830 0.0315292663872242 132
1680883223851 0.030808458104729652 133
1680883226844 0.03259024769067764 134
1680883229578 0.031173421069979668 135
1680883232579 0.0327472984790802 136
1680883235251 0.03112930804491043 137
1680883238014 0.03107372298836708 138
1680883240689 0.03028060495853424 139
1680883243476 0.030319714918732643 140
1680883246379 0.03102727420628071 141
1680883249233 0.03184908628463745 142
1680883252032 0.032783329486846924 143
1680883255079 0.031540822237730026 144
1680883257890 0.031082574278116226 145
1680883260669 0.03163069114089012 146
1680883263497 0.03126931190490723 147
1680883266956 0.0295591801404953 148
1680883269699 0.029584720730781555 149
1680883272746 0.031025750562548637 150
1680883275419 0.031350214034318924 151
1680883278223 0.03042772226035595 152
1680883281089 0.03089160844683647 153
1680883284055 0.029863500967621803 154
1680883286746 0.030978983268141747 155
1680883289453 0.030276913195848465 156
1680883292209 0.029335398226976395 157
1680883294890 0.030403045937418938 158
1680883297545 0.03034547157585621 159
1680883300336 0.0322975218296051 160
1680883303037 0.03137000650167465 161
1680883306250 0.03112325258553028 162
1680883308979 0.03068842552602291 163
1680883311663 0.029747681692242622 164
1680883314325 0.029549241065979004 165
1680883317028 0.02947048842906952 166
1680883319909 0.029974447563290596 167
1680883322675 0.02942836657166481 168
1680883325399 0.029383305460214615 169
1680883328110 0.029979053884744644 170
1680883331114 0.029259121045470238 171
1680883334036 0.028383146971464157 172
1680883336806 0.02925548516213894 173
1680883339554 0.029657304286956787 174
1680883342559 0.028843659907579422 175
1680883345322 0.030554814264178276 176
1680883348240 0.03031456656754017 177
1680883351092 0.02980760671198368 178
1680883353777 0.029760077595710754 179
1680883356501 0.02834322489798069 180
1680883359174 0.028292953968048096 181
1680883361931 0.028696294873952866 182
1680883364702 0.02950386144220829 183
1680883367782 0.029066510498523712 184
1680883370830 0.03052336722612381 185
1680883373513 0.029046885669231415 186
1680883376396 0.029106492176651955 187
1680883379405 0.028334692120552063 188
1680883382338 0.029161129146814346 189
1680883385725 0.02860439568758011 190
1680883388820 0.028221672400832176 191
1680883391785 0.029250608757138252 192
1680883394622 0.029953625053167343 193
1680883397319 0.02858288586139679 194
1680883400118 0.028463101014494896 195
1680883403151 0.028056910261511803 196
1680883406036 0.028177181258797646 197
1680883408832 0.02815432846546173 198
1680883412113 0.02914644218981266 199
1680883414931 0.030137065798044205 200
1680883417703 0.02819744683802128 201
1680883420524 0.02753911167383194 202
1680883423562 0.029233479872345924 203
1680883426381 0.027639543637633324 204
1680883429291 0.028072936460375786 205
1680883432075 0.02826722152531147 206
1680883434859 0.028688490390777588 207
1680883437780 0.02881898544728756 208
1680883440551 0.028495732694864273 209
1680883443323 0.027919365093111992 210
1680883446725 0.026371503248810768 211
