1679905003399 0.17294920980930328 0
1679905006784 0.09346625953912735 1
1679905010107 0.07115815579891205 2
1679905013257 0.061359480023384094 3
1679905016310 0.0555245466530323 4
1679905019448 0.051045943051576614 5
1679905022727 0.04598693922162056 6
1679905025833 0.041625071316957474 7
1679905028983 0.044584810733795166 8
1679905032109 0.03837494179606438 9
1679905035237 0.038043949753046036 10
1679905038513 0.03628199175000191 11
1679905041732 0.03075490891933441 12
1679905044844 0.03699324652552605 13
1679905048030 0.02896447665989399 14
1679905051295 0.02682272344827652 15
1679905054428 0.025296658277511597 16
1679905057556 0.020784415304660797 17
1679905060746 0.02006794512271881 18
1679905063804 0.016878914088010788 19
1679905067077 0.02034497819840908 20
1679905070197 0.02377665787935257 21
1679905073355 0.017517827451229095 22
1679905076388 0.017388062551617622 23
1679905079440 0.01609310507774353 24
1679905084074 0.014168646186590195 25
1679905088096 0.029189014807343483 26
1679905091408 0.02262802980840206 27
1679905094300 0.019905216991901398 28
1679905097284 0.017149461433291435 29
1679905100185 0.01469266228377819 30
1679905103199 0.013264451175928116 31
1679905106178 0.013876898214221 32
1679905109151 0.011139553040266037 33
1679905112278 0.010131481103599072 34
1679905115172 0.01081949844956398 35
1679905118074 0.011702620424330235 36
1679905120986 0.011910923756659031 37
1679905123831 0.011726870201528072 38
1679905126755 0.010044506751000881 39
1679905129679 0.011520400643348694 40
1679905132578 0.010156901553273201 41
1679905135556 0.01208982802927494 42
1679905138539 0.010910417884588242 43
1679905141444 0.010341961868107319 44
1679905144428 0.008136572316288948 45
1679905147314 0.008865387178957462 46
1679905150175 0.009157164953649044 47
1679905153107 0.008238928392529488 48
1679905156172 0.04661492258310318 49
1679905159104 0.10434755682945251 50
1679905161970 0.05135224387049675 51
1679905164926 0.036301858723163605 52
1679905167786 0.02538388967514038 53
1679905170622 0.019390244036912918 54
1679905173514 0.01443569827824831 55
1679905176366 0.025568313896656036 56
1679905179162 0.020902661606669426 57
1679905182067 0.017872104421257973 58
1679905184979 0.014387865550816059 59
1679905187919 0.01224418543279171 60
1679905190802 0.010791555047035217 61
1679905193702 0.01074966974556446 62
1679905196641 0.011576605029404163 63
