1679905003399 0.9197538495063782 0
1679905006784 0.8517488837242126 1
1679905010107 0.8576860427856445 2
1679905013257 0.8736560344696045 3
1679905016310 0.8922202587127686 4
1679905019448 0.9010863900184631 5
1679905022727 0.9156925678253174 6
1679905025833 0.9226918816566467 7
1679905028983 0.9135832786560059 8
1679905032109 0.9309029579162598 9
1679905035237 0.9277312159538269 10
1679905038513 0.9323213696479797 11
1679905041732 0.9424580931663513 12
1679905044844 0.9296172857284546 13
1679905048030 0.9455283880233765 14
1679905051295 0.9483670592308044 15
1679905054428 0.9532580971717834 16
1679905057556 0.9599889516830444 17
1679905060746 0.9622653126716614 18
1679905063804 0.9684895873069763 19
1679905067077 0.9612799286842346 20
1679905070197 0.9540114998817444 21
1679905073355 0.9672839045524597 22
1679905076388 0.9676918983459473 23
1679905079440 0.9702107310295105 24
1679905084074 0.9739832878112793 25
1679905088096 0.9445505142211914 26
1679905091408 0.9590676426887512 27
1679905094300 0.9608348608016968 28
1679905097284 0.9670137763023376 29
1679905100185 0.9733851552009583 30
1679905103199 0.9747492074966431 31
1679905106178 0.9744060635566711 32
1679905109151 0.9793583750724792 33
1679905112278 0.9812218546867371 34
1679905115172 0.9803965091705322 35
1679905118074 0.9775786399841309 36
1679905120986 0.9785693287849426 37
1679905123831 0.9785600304603577 38
1679905126755 0.9817320108413696 39
1679905129679 0.9788990616798401 40
1679905132578 0.9816515445709229 41
1679905135556 0.9771360754966736 42
1679905138539 0.9792913794517517 43
1679905141444 0.9810376167297363 44
1679905144428 0.9850553274154663 45
1679905147314 0.9838625192642212 46
1679905150175 0.9834809899330139 47
1679905153107 0.9854121208190918 48
1679905156172 0.9224051833152771 49
1679905159104 0.8343210816383362 50
1679905161970 0.9172852635383606 51
1679905164926 0.933364987373352 52
1679905167786 0.9533361196517944 53
1679905170622 0.9644090533256531 54
1679905173514 0.9734971523284912 55
1679905176366 0.9549064636230469 56
1679905179162 0.9632394313812256 57
1679905182067 0.967758059501648 58
1679905184979 0.9738303422927856 59
1679905187919 0.9774677157402039 60
1679905190802 0.9806837439537048 61
1679905193702 0.9805905818939209 62
1679905196641 0.9790480732917786 63
