1679904171133 0.8613943457603455 0
1679904175461 0.8809835910797119 1
1679904179751 0.892561137676239 2
1679904183992 0.920470118522644 3
1679904190049 0.9368351101875305 4
1679904194643 0.9353772401809692 5
1679904199311 0.944841742515564 6
1679904205453 0.947652280330658 7
1679904211929 0.9521249532699585 8
1679904216266 0.9529455900192261 9
1679904220042 0.9611510038375854 10
1679904223640 0.9549363255500793 11
1679904227284 0.9572489261627197 12
1679904230916 0.9666886925697327 13
1679904234516 0.9704799652099609 14
1679904238093 0.9716789126396179 15
1679904241661 0.974291980266571 16
1679904245242 0.9640172719955444 17
1679904248687 0.9740079045295715 18
1679904252167 0.9683018922805786 19
1679904255570 0.9738455414772034 20
1679904259035 0.9742794632911682 21
1679904262492 0.9705748558044434 22
1679904265877 0.9748083353042603 23
1679904269270 0.9792022705078125 24
1679904272709 0.9739779829978943 25
1679904276221 0.9774752259254456 26
1679904282417 0.9771749377250671 27
1679904287191 0.9769586324691772 28
1679904291072 0.9785982966423035 29
1679904295500 0.9804221987724304 30
1679904298940 0.9830934405326843 31
1679904302674 0.983674168586731 32
1679904307797 0.975550651550293 33
1679904311948 0.9760903716087341 34
1679904315499 0.973000168800354 35
1679904318860 0.9630706310272217 36
1679904322589 0.9780455827713013 37
1679904326205 0.9837961196899414 38
1679904330048 0.9662173390388489 39
1679904333720 0.9781762361526489 40
1679904337343 0.9783086776733398 41
1679904341394 0.9799379706382751 42
1679904345160 0.9812846779823303 43
1679904348918 0.9843148589134216 44
1679904353028 0.9858118891716003 45
1679904356968 0.9831511974334717 46
1679904360866 0.9785718321800232 47
1679904364257 0.9848656058311462 48
1679904367625 0.9803149700164795 49
1679904371113 0.9842994213104248 50
1679904374669 0.9870866537094116 51
1679904378094 0.9863473773002625 52
1679904381628 0.9894925951957703 53
1679904385286 0.9896708130836487 54
1679904388961 0.9886365532875061 55
1679904392567 0.9849216341972351 56
1679904396081 0.9865425825119019 57
1679904399612 0.9828662276268005 58
1679904403126 0.9881924390792847 59
1679904406885 0.9856705069541931 60
1679904410363 0.9887077808380127 61
1679904415535 0.9905519485473633 62
1679904419560 0.9886981248855591 63
