1679945258622 0.22009579837322235 0
1679945263430 0.1542607992887497 1
1679945268621 0.11018257588148117 2
1679945272221 0.09051427990198135 3
1679945275810 0.07885704934597015 4
1679945279336 0.06801887601613998 5
1679945282941 0.05965174734592438 6
1679945286559 0.05703853443264961 7
1679945290398 0.05415922403335571 8
1679945294090 0.05661022290587425 9
1679945297639 0.049614742398262024 10
1679945301340 0.04186112806200981 11
1679945304891 0.04249361529946327 12
1679945308549 0.038182616233825684 13
1679945312211 0.035387590527534485 14
1679945315770 0.03514128923416138 15
1679945319506 0.03430518880486488 16
1679945323100 0.032012391835451126 17
1679945326639 0.030294500291347504 18
1679945330218 0.03262327238917351 19
1679945333963 0.035522978752851486 20
1679945337614 0.033834874629974365 21
1679945341264 0.03328769654035568 22
1679945344864 0.0300320852547884 23
1679945348488 0.02844967320561409 24
1679945352110 0.02838241308927536 25
1679945355673 0.029300646856427193 26
1679945359250 0.026739340275526047 27
1679945362775 0.026597080752253532 28
1679945366428 0.023994730785489082 29
1679945369932 0.028575897216796875 30
1679945373573 0.025432882830500603 31
1679945377008 0.020594792440533638 32
1679945380557 0.017730047926306725 33
1679945384182 0.01739429496228695 34
1679945387721 0.01688437908887863 35
1679945391353 0.016592329367995262 36
1679945394885 0.01536710187792778 37
1679945398403 0.014709635637700558 38
1679945401916 0.014740846119821072 39
1679945405279 0.017186539247632027 40
1679945408809 0.017615625634789467 41
1679945412295 0.014400464482605457 42
1679945415746 0.012948790565133095 43
1679945419291 0.016014480963349342 44
1679945422853 0.017532004043459892 45
1679945426414 0.017074596136808395 46
1679945429872 0.017273452132940292 47
1679945433408 0.013518636114895344 48
1679945436896 0.013528275303542614 49
1679945440404 0.011535096913576126 50
1679945443936 0.011267066933214664 51
1679945447430 0.011173993349075317 52
1679945450897 0.012182842008769512 53
1679945454528 0.013158585876226425 54
1679945457981 0.011973640881478786 55
1679945461501 0.012516776099801064 56
1679945465033 0.011069362051784992 57
1679945468572 0.010053352452814579 58
1679945472069 0.009163960814476013 59
1679945475614 0.009056998416781425 60
1679945479134 0.009296990931034088 61
1679945482886 0.014341972768306732 62
1679945486430 0.015851851552724838 63
1679945489946 0.01372456643730402 64
1679945493556 0.01111358217895031 65
1679945497595 0.008532912470400333 66
1679945501276 0.008687486872076988 67
1679945504836 0.008901002816855907 68
1679945508254 0.00790945254266262 69
1679945511755 0.007522531319409609 70
1679945515347 0.0075573851354420185 71
1679945518844 0.00985095277428627 72
1679945522361 0.009049548767507076 73
1679945525904 0.008840476162731647 74
1679945529637 0.00997365266084671 75
1679945533307 0.016229717060923576 76
1679945536827 0.01480194553732872 77
1679945540349 0.019677240401506424 78
1679945544010 0.012162952683866024 79
1679945547548 0.008511627092957497 80
1679945551010 0.007548046763986349 81
1679945554548 0.006411063950508833 82
1679945558226 0.006489680148661137 83
1679945561838 0.006148685235530138 84
1679945565478 0.006908027455210686 85
1679945569040 0.005598182789981365 86
1679945572594 0.005449892953038216 87
1679945576157 0.006146510597318411 88
1679945579693 0.006344973109662533 89
1679945583297 0.005323693156242371 90
1679945586828 0.00470335315912962 91
1679945590386 0.0044822427444159985 92
1679945594005 0.005829928442835808 93
1679945597737 0.015012534335255623 94
1679945601491 0.019865600392222404 95
1679945605266 0.016816651448607445 96
1679945608976 0.010514446534216404 97
1679945612684 0.007653818465769291 98
1679945616402 0.006706565152853727 99
1679945620312 0.005996400490403175 100
1679945623972 0.006609870586544275 101
1679945627644 0.007215508725494146 102
1679945631338 0.006447645835578442 103
1679945635078 0.0063187675550580025 104
1679945638868 0.005246131680905819 105
1679945642623 0.0048064980655908585 106
1679945646317 0.004251853562891483 107
1679945650041 0.004165370017290115 108
1679945653659 0.004237675108015537 109
1679945657691 0.004043013323098421 110
1679945661543 0.004102516919374466 111
1679945665439 0.0037531319539994 112
1679945669438 0.0038287327624857426 113
1679945673323 0.005041227210313082 114
1679945676994 0.004480195697396994 115
1679945680716 0.00718091893941164 116
1679945684588 0.013480005785822868 117
1679945688419 0.0074550071731209755 118
1679945692059 0.006744487211108208 119
1679945695571 0.0057829939760267735 120
1679945699175 0.007761605549603701 121
1679945702793 0.006759287789463997 122
1679945706370 0.004987861029803753 123
1679945710014 0.004548920318484306 124
1679945713659 0.004408784676343203 125
1679945717152 0.004313340410590172 126
1679945720708 0.0037215971387922764 127
