[2.065,0.072,0.187]
[1.98 ,0.104,0.187]
[1.957,0.137,0.187]
[1.929,0.169,0.187]
[1.905,0.2  ,0.187]
[1.91 ,0.235,0.187]
[1.938,0.272,0.187]
[1.928,0.305,0.187]
[1.966,0.347,0.187]
[1.353,0.388,0.187]
[1.312,0.401,0.187]
[1.318,0.428,0.187]
[0.686,0.576,0.187]
[0.658,0.572,0.187]
[0.637,0.573,0.187]
[0.601,0.561,0.187]
[0.591,0.571,0.187]
[0.573,0.573,0.187]
[0.553,0.573,0.187]
[0.536,0.575,0.187]
[0.522,0.579,0.187]
[0.515,0.593,0.187]
[0.521,0.621,0.187]
[0.507,0.626,0.187]
[0.498,0.638,0.187]
[0.486,0.645,0.187]
[0.468,0.644,0.187]
[0.471,0.673,0.187]
[0.454,0.673,0.187]
[0.456,0.702,0.187]
[0.466,0.746,0.187]
[0.475,0.79 ,0.187]
[1.034,1.945,0.187]
[1.033,2.028,0.187]
[1.037,2.125,0.187]
[1.051,2.255,0.187]
[1.032,2.318,0.187]
[0.986,2.323,0.187]
[0.942,2.333,0.187]
[0.894,2.328,0.187]
[0.85 ,2.335,0.187]
[0.805,2.337,0.187]
[0.758,2.333,0.187]
[0.713,2.331,0.187]
[0.669,2.334,0.187]
[0.63 ,2.35 ,0.187]
[0.579,2.321,0.187]
[0.54 ,2.34 ,0.187]
[0.5  ,2.353,0.187]
[0.453,2.332,0.187]
[0.412,2.339,0.187]
[0.369,2.332,0.187]
[0.327,2.328,0.187]
[0.286,2.332,0.187]
[0.246,2.343,0.187]
[0.204,2.328,0.187]
[0.136,1.938,0.187]
[0.122,2.326,0.187]
[0.081,2.332,0.187]
[0.041,2.335,0.187]
[0.   ,2.326,0.187]
[-0.041, 2.361, 0.187]
[-0.081, 2.323, 0.187]
[-0.122, 2.329, 0.187]
[-0.163, 2.33 , 0.187]
[-0.205, 2.34 , 0.187]
[-0.245, 2.332, 0.187]
[-0.286, 2.325, 0.187]
[-0.33 , 2.348, 0.187]
[-0.371, 2.343, 0.187]
[-0.413, 2.34 , 0.187]
[-0.454, 2.333, 0.187]
[-0.493, 2.321, 0.187]
[-0.543, 2.352, 0.187]
[-0.583, 2.339, 0.187]
[-0.63 , 2.353, 0.187]
[-0.672, 2.344, 0.187]
[-0.716, 2.342, 0.187]
[-0.759, 2.336, 0.187]
[-0.756, 2.196, 0.187]
[-0.76 , 2.087, 0.187]
[-0.764, 1.991, 0.187]
[-0.789, 1.953, 0.187]
[-0.991, 2.334, 0.187]
[-1.044, 2.345, 0.187]
[-1.09 , 2.338, 0.187]
[-1.142, 2.341, 0.187]
[-1.191, 2.338, 0.187]
[-1.237, 2.327, 0.187]
[-1.299, 2.343, 0.187]
[-1.35 , 2.337, 0.187]
[-1.409, 2.346, 0.187]
[-1.458, 2.333, 0.187]
[-1.516, 2.334, 0.187]
[-1.567, 2.323, 0.187]
[-1.634, 2.334, 0.187]
[-1.676, 2.307, 0.187]
[-1.694, 2.248, 0.187]
[-1.697, 2.172, 0.187]
[-1.695, 2.093, 0.187]
[-1.683, 2.006, 0.187]
[-1.688, 1.941, 0.187]
[-0.514, 0.321, 0.187]
[-0.507, 0.305, 0.187]
[-0.493, 0.285, 0.187]
[-0.494, 0.274, 0.187]
[-0.476, 0.253, 0.187]
[-0.496, 0.253, 0.187]
[-0.475, 0.232, 0.187]
[-0.464, 0.217, 0.187]
[-0.468, 0.208, 0.187]
[-0.478, 0.203, 0.187]
[-0.454, 0.183, 0.187]
[-0.452, 0.174, 0.187]
[-0.471, 0.171, 0.187]
[-0.464, 0.16 , 0.187]
[-0.46 , 0.149, 0.187]
[-0.468, 0.143, 0.187]
[-0.474, 0.136, 0.187]
[-0.46 , 0.123, 0.187]
[-0.487, 0.121, 0.187]
[-0.463, 0.107, 0.187]
[-0.465, 0.099, 0.187]
[-0.474, 0.092, 0.187]
[-0.473, 0.083, 0.187]
[-0.476, 0.075, 0.187]
[-0.481, 0.068, 0.187]
[-0.482, 0.059, 0.187]
[-0.484, 0.051, 0.187]
[-0.502, 0.044, 0.187]
[-0.497, 0.035, 0.187]
[-0.499, 0.026, 0.187]
[-0.528, 0.018, 0.187]
[-0.535, 0.009, 0.187]
[-0.54 , 0.   , 0.187]
[-0.557,-0.01 , 0.187]
[-0.556,-0.019, 0.187]
[-0.58 ,-0.03 , 0.187]
[-0.59 ,-0.041, 0.187]
[-0.62 ,-0.054, 0.187]
[-0.918,-0.097, 0.187]
[-0.895,-0.11 , 0.187]
[-0.869,-0.122, 0.187]
[-0.887,-0.14 , 0.187]
[-0.86 ,-0.152, 0.187]
[-0.847,-0.165, 0.187]
[-0.847,-0.18 , 0.187]
[-0.843,-0.195, 0.187]
[-0.856,-0.213, 0.187]
[-0.841,-0.225, 0.187]
[-0.867,-0.249, 0.187]
[-0.84 ,-0.257, 0.187]
[-0.874,-0.284, 0.187]
[-0.866,-0.298, 0.187]
[-0.875,-0.318, 0.187]
[-0.908,-0.349, 0.187]
[-1.624,-0.689, 0.187]
[-1.568,-0.698, 0.187]
[-1.544,-0.72 , 0.187]
[-1.5  ,-0.732, 0.187]
[-1.47 ,-0.749, 0.187]
[-1.451,-0.771, 0.187]
[-1.454,-0.806, 0.187]
[-1.415,-0.817, 0.187]
[-1.425,-0.856, 0.187]
[-1.384,-0.865, 0.187]
[-1.405,-0.912, 0.187]
[-1.395,-0.941, 0.187]
[-1.407,-0.985, 0.187]
[-1.403,-1.019, 0.187]
[-1.448,-1.091, 0.187]
[-2.254,-1.761, 0.187]
[-2.099,-1.7  , 0.187]
[-2.013,-1.689, 0.187]
[-1.934,-1.681, 0.187]
[-1.889,-1.701, 0.187]
[-1.838,-1.714, 0.187]
[-1.794,-1.732, 0.187]
[-1.738,-1.738, 0.187]
[-1.716,-1.777, 0.187]
[-1.669,-1.789, 0.187]
[-1.65 ,-1.832, 0.187]
[-1.625,-1.869, 0.187]
[-1.6  ,-1.907, 0.187]
[-1.559,-1.926, 0.187]
[-1.537,-1.967, 0.187]
[-1.534,-2.036, 0.187]
[-1.516,-2.086, 0.187]
[-1.493,-2.132, 0.187]
[-1.489,-2.208, 0.187]
[-1.511,-2.327, 0.187]
[-1.275,-2.501, 0.187]
[-1.196,-2.452, 0.187]
[-1.132,-2.427, 0.187]
[-1.073,-2.409, 0.187]
[-1.027,-2.42 , 0.187]
[-0.982,-2.429, 0.187]
[-0.935,-2.435, 0.187]
[-0.9  ,-2.472, 0.187]
[-0.859,-2.495, 0.187]
[-0.82 ,-2.524, 0.187]
[-0.79 ,-2.583, 0.187]
[-0.769,-2.682, 0.187]
[ 0.407,-1.915, 0.187]
[ 0.435,-1.882, 0.187]
[ 0.46 ,-1.844, 0.187]
[ 0.491,-1.834, 0.187]
[ 0.521,-1.817, 0.187]
[ 0.559,-1.829, 0.187]
[ 0.594,-1.827, 0.187]
[ 0.629,-1.826, 0.187]
[ 0.682,-1.875, 0.187]
[ 1.178,-1.455, 0.187]
[ 0.453,-0.539, 0.187]
[ 0.452,-0.519, 0.187]
[ 0.429,-0.477, 0.187]
[ 0.432,-0.463, 0.187]
[ 0.435,-0.451, 0.187]
[ 0.438,-0.438, 0.187]
[ 0.447,-0.432, 0.187]
[ 0.444,-0.414, 0.187]
[ 0.442,-0.398, 0.187]
[ 0.449,-0.391, 0.187]
[ 0.464,-0.39 , 0.187]
[ 0.46 ,-0.373, 0.187]
[ 0.475,-0.371, 0.187]
[ 0.48 ,-0.362, 0.187]
[ 0.463,-0.337, 0.187]
[ 0.482,-0.338, 0.187]
[ 0.485,-0.327, 0.187]
[ 0.51 ,-0.331, 0.187]
[ 0.503,-0.314, 0.187]
[ 0.516,-0.31 , 0.187]
[ 0.536,-0.31 , 0.187]
[ 0.553,-0.307, 0.187]
[ 0.582,-0.31 , 0.187]
[ 0.596,-0.304, 0.187]
[ 0.608,-0.297, 0.187]
[ 2.163,-1.009, 0.187]
[ 1.203,-0.536, 0.187]
[ 1.202,-0.51 , 0.187]
[ 1.205,-0.487, 0.187]
[ 1.187,-0.456, 0.187]
[ 1.171,-0.426, 0.187]
[ 1.166,-0.401, 0.187]
[ 1.19 ,-0.387, 0.187]
[ 1.182,-0.361, 0.187]
[ 1.213,-0.348, 0.187]
[ 1.219,-0.327, 0.187]
[ 1.237,-0.308, 0.187]
[ 1.253,-0.289, 0.187]
[ 1.289,-0.274, 0.187]
[ 2.558,-0.497, 0.187]
[ 2.575,-0.454, 0.187]
