0
0
2.0702707767486572
1.9871827363967896
1.945764183998108
1.9353045225143433
1.9191678762435913
1.933834433555603
1.924890398979187
1.9569306373596191
2.0159924030303955
0
0
0
0
0
1.3943959474563599
1.400740385055542
1.3817899227142334
0
0
0
0
0
0
0
0
0
0
0
0
0
0
0
0
0
0
0
0
0
0.8937980532646179
0.8526293635368347
0.8277847766876221
0.8220216035842896
0.8243334293365479
0.8068937659263611
0.7963213324546814
0.7930788993835449
0.7975875735282898
0.7924765944480896
0.8015204071998596
0.7874965071678162
0.8074478507041931
0.7963372468948364
0.8134686350822449
0.8247342109680176
0.8168870210647583
0.861119270324707
0.8658373355865479
0.911232054233551
0
0
2.196776866912842
2.281757116317749
2.369913339614868
2.4509284496307373
2.550022840499878
2.5500810146331787
2.4904580116271973
2.5060203075408936
2.4644813537597656
2.4785189628601074
2.4549992084503174
2.4353902339935303
2.4314730167388916
2.416029930114746
2.396731376647949
2.4104719161987305
2.386404275894165
2.3822884559631348
2.361828088760376
2.369493007659912
2.3278493881225586
2.366481065750122
2.3559048175811768
2.343294382095337
1.9506980180740356
2.296116828918457
2.3392937183380127
2.3387582302093506
2.3353781700134277
2.3273844718933105
2.3303611278533936
2.343458414077759
2.3318660259246826
2.3513681888580322
2.3435311317443848
2.3644490242004395
2.360565185546875
2.361825942993164
2.3730947971343994
2.3715322017669678
2.3991475105285645
2.404623508453369
2.4174771308898926
2.4167890548706055
2.4335358142852783
2.4492878913879395
2.455411434173584
2.3354721069335938
2.2190792560577393
2.116975784301758
2.0978732109069824
2.5203769207000732
2.548025131225586
2.5729658603668213
2.581735610961914
2.616938591003418
2.6400880813598633
2.662161350250244
2.705162763595581
2.715256452560425
2.757371664047241
2.7999370098114014
2.8211910724639893
2.856072425842285
2.8640685081481934
2.8010122776031494
2.7557828426361084
2.66603946685791
2.6271920204162598
2.570768356323242
0
0
0
0
0
0
0
0
0
0
0
0
0
0
0
0
0.6157724857330322
0.5886325240135193
0.5741310119628906
0.5580676198005676
0.5609201788902283
0.5325400233268738
0.5098592638969421
0.5189685225486755
0.5153979659080505
0.5171036720275879
0.4912266731262207
0.4882211983203888
0.48865899443626404
0.48877355456352234
0.47960638999938965
0.48226597905158997
0.47615349292755127
0.4723318815231323
0.49364423751831055
0.4772047698497772
0.5008310079574585
0.48278409242630005
0.4825288951396942
0.4875815510749817
0.4839988052845001
0.4790888726711273
0.5030326247215271
0.5033530592918396
0.4958266317844391
0.5179261565208435
0.5129772424697876
0.5332460403442383
0.5286293029785156
0.5478428602218628
0.5652159452438354
0.5670340061187744
0.6211169958114624
0.6173467636108398
0.9028934240341187
0.9057514071464539
0.9158007502555847
0.8810708522796631
0.8880671858787537
0.8662429451942444
0.8757840991020203
0.8681789040565491
0.858849287033081
0.8848702907562256
0.878656268119812
0.892406165599823
0.8947122693061829
0.9238787889480591
0.9532345533370972
0.9597627520561218
0
1.7851871252059937
1.7339046001434326
1.7024005651474
1.660487174987793
1.6565532684326172
1.6410183906555176
1.6497706174850464
1.6444065570831299
1.6409410238265991
1.65164053440094
1.6667068004608154
1.6886420249938965
1.7024136781692505
1.7538954019546509
1.8096328973770142
2.860719919204712
2.68296217918396
2.612678289413452
2.5796058177948
2.536421537399292
2.5110723972320557
2.479215621948242
2.4722630977630615
2.4580202102661133
2.4539475440979004
2.456777811050415
2.4691858291625977
2.471553087234497
2.5005686283111572
2.4990453720092773
2.5154354572296143
2.5781521797180176
2.6064040660858154
2.6591079235076904
2.7792255878448486
0
0
0
0
0
2.8130314350128174
2.728625535964966
2.6769158840179443
2.657771110534668
2.644155502319336
2.611910343170166
2.641465425491333
2.635981321334839
2.6461241245269775
2.6496055126190186
2.728428840637207
2.812347173690796
0
0
0
0
0
0
0
0
0
0
0
0
0
0
0
0
0
0
0
0
0
0
0
0
0
0
0
1.9446452856063843
1.9215093851089478
1.892064094543457
1.899351954460144
1.884671926498413
1.8930706977844238
1.9337823390960693
1.9398552179336548
1.993160605430603
0
0
0
0
0
0
0
0
0
0
0
0
0
0
0
0
0
0
1.86980140209198
0.705801784992218
0.6654073596000671
0.6487236618995667
0.6402129530906677
0.6286482214927673
0.5980162024497986
0.6111229062080383
0.5906131863594055
0.5957279801368713
0.6023986339569092
0.5847176909446716
0.5958710312843323
0.5769736170768738
0.6098923087120056
0.59003084897995
0.5993392467498779
0.5924691557884216
0.5899920463562012
0.5997090339660645
0.6071438789367676
0.6329797506332397
0.6209138035774231
0.6480463743209839
0.6687935590744019
0.6826171875
2.39872145652771
1.3463361263275146
1.2851234674453735
1.2856940031051636
1.2591478824615479
1.2446222305297852
1.2245995998382568
1.2513370513916016
1.251551628112793
1.247880458831787
1.2583390474319458
1.2667756080627441
1.2908755540847778
1.309030532836914
2.596806526184082
2.6507720947265625
0
0
0
0
0
0
0
0
0
