[-0.071, 2.133, 0.187]
[-0.144, 2.153, 0.187]
[-0.215, 2.136, 0.187]
[-0.291, 2.163, 0.187]
[-0.373, 2.211, 0.187]
[-0.552, 2.718, 0.187]
[-0.631, 2.648, 0.187]
[-0.72 , 2.63 , 0.187]
[-0.802, 2.587, 0.187]
[-0.895, 2.578, 0.187]
[-0.988, 2.565, 0.187]
[-1.106, 2.608, 0.187]
[-0.653, 1.407, 0.187]
[-0.696, 1.378, 0.187]
[-0.727, 1.326, 0.187]
[-0.768, 1.296, 0.187]
[-0.811, 1.271, 0.187]
[-0.841, 1.225, 0.187]
[-0.887, 1.204, 0.187]
[-0.938, 1.188, 0.187]
[-0.977, 1.156, 0.187]
[-1.047, 1.158, 0.187]
[-1.123, 1.161, 0.187]
[-1.78 , 1.722, 0.187]
[-1.853, 1.676, 0.187]
[-0.753, 0.636, 0.187]
[-0.738, 0.583, 0.187]
[-0.73 , 0.538, 0.187]
[-0.735, 0.504, 0.187]
[-0.744, 0.475, 0.187]
[-0.752, 0.445, 0.187]
[-0.762, 0.418, 0.187]
[-0.778, 0.393, 0.187]
[-0.774, 0.359, 0.187]
[-0.787, 0.334, 0.187]
[-0.8  , 0.308, 0.187]
[-0.814, 0.283, 0.187]
[-0.843, 0.262, 0.187]
[-0.855, 0.234, 0.187]
[-0.864, 0.206, 0.187]
[-0.883, 0.18 , 0.187]
[-0.906, 0.153, 0.187]
[-0.938, 0.126, 0.187]
[-1.933, 0.194, 0.187]
[-1.903, 0.127, 0.187]
[-1.878, 0.063, 0.187]
[-1.892,-0.   , 0.187]
[-1.876,-0.063, 0.187]
[-1.879,-0.126, 0.187]
[-1.885,-0.19 , 0.187]
[-1.892,-0.254, 0.187]
[-1.938,-0.327, 0.187]
[-3.063,-0.623, 0.187]
[-3.405,-0.811, 0.187]
[-3.356,-0.919, 0.187]
[-3.343,-1.037, 0.187]
[-3.016,-1.047, 0.187]
[-2.975,-1.146, 0.187]
[-1.212,-0.514, 0.187]
[-1.166,-0.541, 0.187]
[-1.111,-0.562, 0.187]
[-1.075,-0.589, 0.187]
[-1.052,-0.623, 0.187]
[-1.024,-0.654, 0.187]
[-1.005,-0.69 , 0.187]
[-0.972,-0.716, 0.187]
[-0.941,-0.743, 0.187]
[-0.91 ,-0.77 , 0.187]
[-0.894,-0.808, 0.187]
[-0.868,-0.84 , 0.187]
[-0.846,-0.874, 0.187]
[-0.818,-0.904, 0.187]
[-0.802,-0.949, 0.187]
[-0.795,-1.007, 0.187]
[-0.767,-1.041, 0.187]
[-0.76 ,-1.107, 0.187]
[-0.744,-1.166, 0.187]
[-0.695,-1.173, 0.187]
[-0.63 ,-1.15 , 0.187]
[-0.585,-1.158, 0.187]
[-0.533,-1.149, 0.187]
[-0.495,-1.168, 0.187]
[-0.453,-1.175, 0.187]
[-0.415,-1.194, 0.187]
[-0.37 ,-1.194, 0.187]
[-0.335,-1.223, 0.187]
[-0.292,-1.225, 0.187]
[-0.255,-1.256, 0.187]
[-0.21 ,-1.243, 0.187]
[-0.171,-1.269, 0.187]
[-0.13 ,-1.296, 0.187]
[-0.089,-1.323, 0.187]
[-0.045,-1.353, 0.187]
[ 0.   ,-1.416, 0.187]
[ 0.063,-1.893, 0.187]
[ 0.122,-1.818, 0.187]
[ 0.177,-1.757, 0.187]
[ 0.23 ,-1.709, 0.187]
[ 0.286,-1.695, 0.187]
[ 0.334,-1.642, 0.187]
[ 0.383,-1.608, 0.187]
[ 0.435,-1.586, 0.187]
[ 0.486,-1.565, 0.187]
[ 0.529,-1.523, 0.187]
[ 0.58 ,-1.506, 0.187]
[ 0.631,-1.487, 0.187]
[ 0.676,-1.457, 0.187]
[ 0.718,-1.42 , 0.187]
[ 0.772,-1.408, 0.187]
[ 0.823,-1.39 , 0.187]
[ 0.868,-1.36 , 0.187]
[ 0.914,-1.331, 0.187]
[ 0.969,-1.315, 0.187]
[ 1.018,-1.289, 0.187]
[ 1.062,-1.257, 0.187]
[ 1.129,-1.248, 0.187]
[ 1.185,-1.225, 0.187]
[ 1.242,-1.201, 0.187]
[ 1.304,-1.18 , 0.187]
[ 1.375,-1.162, 0.187]
[ 1.479,-1.168, 0.187]
[ 1.35 ,-0.995, 0.187]
[ 1.34 ,-0.92 , 0.187]
[ 1.321,-0.844, 0.187]
[ 1.344,-0.796, 0.187]
[ 1.348,-0.739, 0.187]
[ 1.365,-0.69 , 0.187]
[ 1.388,-0.644, 0.187]
[ 1.411,-0.598, 0.187]
[ 1.408,-0.542, 0.187]
[ 1.43 ,-0.496, 0.187]
[ 1.43 ,-0.444, 0.187]
[ 1.455,-0.399, 0.187]
[ 1.473,-0.351, 0.187]
[ 1.514,-0.308, 0.187]
[ 1.525,-0.257, 0.187]
[ 1.54 ,-0.207, 0.187]
[ 1.593,-0.16 , 0.187]
[ 1.668,-0.112, 0.187]
[ 1.724,-0.058, 0.187]
[2.308,0.   ,0.187]
[2.314,0.077,0.187]
[1.004,0.067,0.187]
[0.983,0.099,0.187]
[0.953,0.128,0.187]
[0.921,0.155,0.187]
[0.923,0.188,0.187]
[0.904,0.215,0.187]
[0.887,0.243,0.187]
[0.881,0.273,0.187]
[0.858,0.298,0.187]
[0.86 ,0.331,0.187]
[0.864,0.367,0.187]
[0.856,0.397,0.187]
[0.849,0.429,0.187]
[0.822,0.45 ,0.187]
[0.835,0.495,0.187]
[0.825,0.527,0.187]
[0.847,0.582,0.187]
[2.472,1.822,0.187]
[2.397,1.893,0.187]
[2.314,1.957,0.187]
[2.264,2.048,0.187]
[2.203,2.13 ,0.187]
[2.191,2.266,0.187]
[1.388,1.534,0.187]
[1.307,1.546,0.187]
[1.242,1.573,0.187]
[1.172,1.591,0.187]
[1.123,1.636,0.187]
[1.071,1.677,0.187]
[1.025,1.73 ,0.187]
[0.976,1.78 ,0.187]
[0.639,1.264,0.187]
[0.585,1.261,0.187]
[0.535,1.263,0.187]
[0.486,1.261,0.187]
[0.442,1.273,0.187]
[0.399,1.287,0.187]
[0.356,1.301,0.187]
[0.311,1.304,0.187]
[0.269,1.322,0.187]
[0.229,1.36 ,0.187]
[0.187,1.393,0.187]
[0.144,1.427,0.187]
[0.146,2.187,0.187]
[0.072,2.168,0.187]
[0.   ,2.15 ,0.187]
