[-0.072, 2.151, 0.187]
[-0.143, 2.139, 0.187]
[-0.216, 2.143, 0.187]
[-0.291, 2.166, 0.187]
[-0.373, 2.21 , 0.187]
[-0.555, 2.73 , 0.187]
[-0.629, 2.638, 0.187]
[-0.713, 2.602, 0.187]
[-0.801, 2.583, 0.187]
[-0.887, 2.556, 0.187]
[-0.987, 2.564, 0.187]
[-1.107, 2.611, 0.187]
[-0.66 , 1.422, 0.187]
[-0.691, 1.367, 0.187]
[-0.731, 1.334, 0.187]
[-0.774, 1.306, 0.187]
[-0.818, 1.281, 0.187]
[-0.849, 1.236, 0.187]
[-0.891, 1.21 , 0.187]
[-0.949, 1.201, 0.187]
[-0.989, 1.17 , 0.187]
[-1.037, 1.146, 0.187]
[-1.115, 1.153, 0.187]
[-1.784, 1.725, 0.187]
[-1.847, 1.671, 0.187]
[-0.742, 0.628, 0.187]
[-0.736, 0.581, 0.187]
[-0.733, 0.54 , 0.187]
[-0.752, 0.516, 0.187]
[-0.746, 0.476, 0.187]
[-0.755, 0.447, 0.187]
[-0.758, 0.416, 0.187]
[-0.772, 0.39 , 0.187]
[-0.783, 0.363, 0.187]
[-0.801, 0.34 , 0.187]
[-0.797, 0.307, 0.187]
[-0.826, 0.287, 0.187]
[-0.837, 0.26 , 0.187]
[-0.841, 0.23 , 0.187]
[-0.875, 0.209, 0.187]
[-0.902, 0.183, 0.187]
[-0.905, 0.153, 0.187]
[-0.922, 0.124, 0.187]
[-1.943, 0.195, 0.187]
[-1.909, 0.128, 0.187]
[-1.874, 0.063, 0.187]
[-1.883,-0.   , 0.187]
[-1.849,-0.062, 0.187]
[-1.867,-0.125, 0.187]
[-1.87 ,-0.188, 0.187]
[-1.903,-0.256, 0.187]
[-1.956,-0.33 , 0.187]
[-3.062,-0.622, 0.187]
[-3.404,-0.811, 0.187]
[-3.368,-0.923, 0.187]
[-3.319,-1.029, 0.187]
[-3.02 ,-1.049, 0.187]
[-2.96 ,-1.14 , 0.187]
[-1.225,-0.519, 0.187]
[-1.172,-0.544, 0.187]
[-1.137,-0.575, 0.187]
[-1.083,-0.594, 0.187]
[-1.064,-0.63 , 0.187]
[-1.027,-0.656, 0.187]
[-0.99 ,-0.68 , 0.187]
[-0.983,-0.724, 0.187]
[-0.95 ,-0.75 , 0.187]
[-0.918,-0.776, 0.187]
[-0.887,-0.802, 0.187]
[-0.867,-0.838, 0.187]
[-0.837,-0.865, 0.187]
[-0.82 ,-0.906, 0.187]
[-0.801,-0.947, 0.187]
[-0.784,-0.993, 0.187]
[-0.775,-1.052, 0.187]
[-0.754,-1.099, 0.187]
[-0.753,-1.179, 0.187]
[-0.689,-1.164, 0.187]
[-0.638,-1.164, 0.187]
[-0.584,-1.155, 0.187]
[-0.535,-1.154, 0.187]
[-0.498,-1.173, 0.187]
[-0.454,-1.179, 0.187]
[-0.412,-1.186, 0.187]
[-0.378,-1.217, 0.187]
[-0.334,-1.22 , 0.187]
[-0.295,-1.237, 0.187]
[-0.256,-1.258, 0.187]
[-0.214,-1.268, 0.187]
[-0.17 ,-1.267, 0.187]
[-0.13 ,-1.288, 0.187]
[-0.088,-1.317, 0.187]
[-0.045,-1.356, 0.187]
[ 0.   ,-1.401, 0.187]
[ 0.064,-1.9  , 0.187]
[ 0.121,-1.807, 0.187]
[ 0.178,-1.77 , 0.187]
[ 0.232,-1.728, 0.187]
[ 0.285,-1.69 , 0.187]
[ 0.335,-1.65 , 0.187]
[ 0.384,-1.612, 0.187]
[ 0.434,-1.584, 0.187]
[ 0.488,-1.573, 0.187]
[ 0.533,-1.535, 0.187]
[ 0.581,-1.509, 0.187]
[ 0.63 ,-1.486, 0.187]
[ 0.679,-1.463, 0.187]
[ 0.723,-1.43 , 0.187]
[ 0.776,-1.415, 0.187]
[ 0.817,-1.379, 0.187]
[ 0.87 ,-1.363, 0.187]
[ 0.918,-1.337, 0.187]
[ 0.972,-1.319, 0.187]
[ 1.014,-1.284, 0.187]
[ 1.077,-1.274, 0.187]
[ 1.133,-1.253, 0.187]
[ 1.176,-1.216, 0.187]
[ 1.26 ,-1.219, 0.187]
[ 1.314,-1.188, 0.187]
[ 1.393,-1.178, 0.187]
[ 1.468,-1.16 , 0.187]
[ 1.339,-0.987, 0.187]
[ 1.328,-0.912, 0.187]
[ 1.332,-0.85 , 0.187]
[ 1.339,-0.793, 0.187]
[ 1.346,-0.738, 0.187]
[ 1.343,-0.679, 0.187]
[ 1.386,-0.643, 0.187]
[ 1.393,-0.591, 0.187]
[ 1.419,-0.547, 0.187]
[ 1.42 ,-0.493, 0.187]
[ 1.442,-0.447, 0.187]
[ 1.467,-0.402, 0.187]
[ 1.498,-0.357, 0.187]
[ 1.51 ,-0.307, 0.187]
[ 1.529,-0.258, 0.187]
[ 1.545,-0.208, 0.187]
[ 1.593,-0.16 , 0.187]
[ 1.615,-0.108, 0.187]
[ 1.713,-0.057, 0.187]
[2.316,0.   ,0.187]
[2.307,0.077,0.187]
[1.033,0.069,0.187]
[0.976,0.098,0.187]
[0.963,0.13 ,0.187]
[0.955,0.161,0.187]
[0.921,0.187,0.187]
[0.906,0.216,0.187]
[0.893,0.245,0.187]
[0.898,0.279,0.187]
[0.872,0.303,0.187]
[0.862,0.332,0.187]
[0.85 ,0.36 ,0.187]
[0.836,0.388,0.187]
[0.843,0.426,0.187]
[0.83 ,0.455,0.187]
[0.814,0.482,0.187]
[0.823,0.525,0.187]
[0.834,0.573,0.187]
[2.474,1.823,0.187]
[2.375,1.875,0.187]
[2.316,1.958,0.187]
[2.262,2.046,0.187]
[2.197,2.125,0.187]
[2.201,2.275,0.187]
[1.396,1.543,0.187]
[1.298,1.536,0.187]
[1.235,1.564,0.187]
[1.179,1.601,0.187]
[1.119,1.63 ,0.187]
[1.075,1.684,0.187]
[1.021,1.723,0.187]
[0.976,1.781,0.187]
[0.64 ,1.267,0.187]
[0.581,1.252,0.187]
[0.535,1.261,0.187]
[0.495,1.286,0.187]
[0.441,1.27 ,0.187]
[0.394,1.271,0.187]
[0.357,1.303,0.187]
[0.311,1.303,0.187]
[0.268,1.319,0.187]
[0.227,1.347,0.187]
[0.187,1.392,0.187]
[0.143,1.42 ,0.187]
[0.145,2.17 ,0.187]
[0.072,2.166,0.187]
[0.   ,2.156,0.187]
