[-0.072, 2.148, 0.187]
[-0.144, 2.145, 0.187]
[-0.217, 2.158, 0.187]
[-0.292, 2.171, 0.187]
[-0.371, 2.199, 0.187]
[-0.554, 2.727, 0.187]
[-0.636, 2.668, 0.187]
[-0.72 , 2.629, 0.187]
[-0.797, 2.569, 0.187]
[-0.895, 2.578, 0.187]
[-0.982, 2.551, 0.187]
[-1.105, 2.607, 0.187]
[-0.663, 1.429, 0.187]
[-0.7  , 1.385, 0.187]
[-0.723, 1.32 , 0.187]
[-0.769, 1.299, 0.187]
[-0.805, 1.262, 0.187]
[-0.846, 1.232, 0.187]
[-0.884, 1.2  , 0.187]
[-0.937, 1.186, 0.187]
[-0.989, 1.17 , 0.187]
[-1.052, 1.164, 0.187]
[-1.116, 1.154, 0.187]
[-1.771, 1.713, 0.187]
[-1.856, 1.679, 0.187]
[-0.736, 0.623, 0.187]
[-0.742, 0.586, 0.187]
[-0.734, 0.54 , 0.187]
[-0.74 , 0.508, 0.187]
[-0.755, 0.482, 0.187]
[-0.758, 0.449, 0.187]
[-0.77 , 0.422, 0.187]
[-0.78 , 0.394, 0.187]
[-0.781, 0.362, 0.187]
[-0.797, 0.338, 0.187]
[-0.816, 0.314, 0.187]
[-0.839, 0.291, 0.187]
[-0.842, 0.261, 0.187]
[-0.869, 0.238, 0.187]
[-0.872, 0.208, 0.187]
[-0.9  , 0.183, 0.187]
[-0.92 , 0.155, 0.187]
[-0.933, 0.126, 0.187]
[-1.928, 0.194, 0.187]
[-1.9  , 0.127, 0.187]
[-1.884, 0.063, 0.187]
[-1.872,-0.   , 0.187]
[-1.872,-0.063, 0.187]
[-1.872,-0.125, 0.187]
[-1.872,-0.188, 0.187]
[-1.904,-0.256, 0.187]
[-1.93 ,-0.326, 0.187]
[-3.05 ,-0.62 , 0.187]
[-3.405,-0.811, 0.187]
[-3.375,-0.924, 0.187]
[-3.343,-1.037, 0.187]
[-3.016,-1.047, 0.187]
[-2.951,-1.137, 0.187]
[-1.205,-0.511, 0.187]
[-1.172,-0.544, 0.187]
[-1.142,-0.577, 0.187]
[-1.077,-0.59 , 0.187]
[-1.072,-0.635, 0.187]
[-1.024,-0.653, 0.187]
[-0.993,-0.682, 0.187]
[-0.965,-0.711, 0.187]
[-0.949,-0.75 , 0.187]
[-0.928,-0.785, 0.187]
[-0.888,-0.803, 0.187]
[-0.87 ,-0.842, 0.187]
[-0.856,-0.885, 0.187]
[-0.828,-0.916, 0.187]
[-0.806,-0.953, 0.187]
[-0.788,-0.998, 0.187]
[-0.751,-1.019, 0.187]
[-0.757,-1.103, 0.187]
[-0.745,-1.167, 0.187]
[-0.686,-1.158, 0.187]
[-0.622,-1.135, 0.187]
[-0.584,-1.156, 0.187]
[-0.549,-1.183, 0.187]
[-0.487,-1.148, 0.187]
[-0.456,-1.183, 0.187]
[-0.41 ,-1.182, 0.187]
[-0.377,-1.217, 0.187]
[-0.332,-1.214, 0.187]
[-0.292,-1.227, 0.187]
[-0.251,-1.235, 0.187]
[-0.215,-1.274, 0.187]
[-0.172,-1.282, 0.187]
[-0.131,-1.299, 0.187]
[-0.089,-1.326, 0.187]
[-0.045,-1.356, 0.187]
[ 0.   ,-1.416, 0.187]
[ 0.064,-1.901, 0.187]
[ 0.123,-1.832, 0.187]
[ 0.177,-1.761, 0.187]
[ 0.23 ,-1.707, 0.187]
[ 0.284,-1.681, 0.187]
[ 0.334,-1.644, 0.187]
[ 0.385,-1.615, 0.187]
[ 0.44 ,-1.606, 0.187]
[ 0.484,-1.561, 0.187]
[ 0.531,-1.53 , 0.187]
[ 0.581,-1.509, 0.187]
[ 0.628,-1.482, 0.187]
[ 0.67 ,-1.445, 0.187]
[ 0.731,-1.447, 0.187]
[ 0.775,-1.415, 0.187]
[ 0.821,-1.385, 0.187]
[ 0.871,-1.365, 0.187]
[ 0.928,-1.352, 0.187]
[ 0.962,-1.305, 0.187]
[ 1.023,-1.296, 0.187]
[ 1.073,-1.269, 0.187]
[ 1.134,-1.254, 0.187]
[ 1.181,-1.221, 0.187]
[ 1.246,-1.205, 0.187]
[ 1.314,-1.189, 0.187]
[ 1.382,-1.168, 0.187]
[ 1.476,-1.166, 0.187]
[ 1.331,-0.98 , 0.187]
[ 1.333,-0.915, 0.187]
[ 1.332,-0.85 , 0.187]
[ 1.326,-0.785, 0.187]
[ 1.354,-0.742, 0.187]
[ 1.359,-0.687, 0.187]
[ 1.395,-0.648, 0.187]
[ 1.398,-0.593, 0.187]
[ 1.41 ,-0.543, 0.187]
[ 1.455,-0.505, 0.187]
[ 1.43 ,-0.443, 0.187]
[ 1.456,-0.399, 0.187]
[ 1.496,-0.357, 0.187]
[ 1.501,-0.305, 0.187]
[ 1.527,-0.258, 0.187]
[ 1.552,-0.209, 0.187]
[ 1.583,-0.159, 0.187]
[ 1.635,-0.109, 0.187]
[ 1.726,-0.058, 0.187]
[2.291,0.   ,0.187]
[2.31 ,0.077,0.187]
[1.019,0.068,0.187]
[0.968,0.097,0.187]
[0.966,0.13 ,0.187]
[0.943,0.159,0.187]
[0.939,0.191,0.187]
[0.902,0.215,0.187]
[0.883,0.242,0.187]
[0.893,0.277,0.187]
[0.863,0.3  ,0.187]
[0.876,0.337,0.187]
[0.863,0.366,0.187]
[0.837,0.388,0.187]
[0.837,0.423,0.187]
[0.841,0.461,0.187]
[0.828,0.49 ,0.187]
[0.831,0.531,0.187]
[0.845,0.58 ,0.187]
[2.48 ,1.828,0.187]
[2.382,1.881,0.187]
[2.309,1.952,0.187]
[2.256,2.041,0.187]
[2.202,2.13 ,0.187]
[2.201,2.276,0.187]
[1.377,1.523,0.187]
[1.305,1.544,0.187]
[1.234,1.563,0.187]
[1.168,1.586,0.187]
[1.121,1.633,0.187]
[1.076,1.685,0.187]
[1.026,1.732,0.187]
[0.976,1.781,0.187]
[0.644,1.275,0.187]
[0.583,1.257,0.187]
[0.539,1.27 ,0.187]
[0.492,1.276,0.187]
[0.448,1.29 ,0.187]
[0.401,1.292,0.187]
[0.355,1.297,0.187]
[0.313,1.314,0.187]
[0.271,1.333,0.187]
[0.229,1.358,0.187]
[0.184,1.37 ,0.187]
[0.144,1.434,0.187]
[0.146,2.186,0.187]
[0.072,2.155,0.187]
[0.   ,2.158,0.187]
