[-0.072, 2.158, 0.187]
[-0.143, 2.142, 0.187]
[-0.217, 2.158, 0.187]
[-0.294, 2.186, 0.187]
[-0.371, 2.197, 0.187]
[-0.555, 2.732, 0.187]
[-0.632, 2.654, 0.187]
[-0.717, 2.618, 0.187]
[-0.812, 2.617, 0.187]
[-0.895, 2.579, 0.187]
[-0.987, 2.562, 0.187]
[-1.105, 2.605, 0.187]
[-0.666, 1.435, 0.187]
[-0.695, 1.375, 0.187]
[-0.735, 1.341, 0.187]
[-0.766, 1.293, 0.187]
[-0.803, 1.257, 0.187]
[-0.854, 1.243, 0.187]
[-0.887, 1.203, 0.187]
[-0.947, 1.199, 0.187]
[-0.99 , 1.171, 0.187]
[-1.051, 1.162, 0.187]
[-1.112, 1.15 , 0.187]
[-1.776, 1.718, 0.187]
[-1.849, 1.672, 0.187]
[-0.74 , 0.626, 0.187]
[-0.749, 0.591, 0.187]
[-0.736, 0.542, 0.187]
[-0.734, 0.504, 0.187]
[-0.742, 0.474, 0.187]
[-0.752, 0.445, 0.187]
[-0.76 , 0.417, 0.187]
[-0.757, 0.383, 0.187]
[-0.777, 0.36 , 0.187]
[-0.795, 0.337, 0.187]
[-0.814, 0.313, 0.187]
[-0.837, 0.291, 0.187]
[-0.841, 0.261, 0.187]
[-0.836, 0.229, 0.187]
[-0.856, 0.204, 0.187]
[-0.903, 0.184, 0.187]
[-0.901, 0.152, 0.187]
[-0.958, 0.129, 0.187]
[-1.932, 0.194, 0.187]
[-1.901, 0.127, 0.187]
[-1.889, 0.063, 0.187]
[-1.871,-0.   , 0.187]
[-1.868,-0.062, 0.187]
[-1.894,-0.127, 0.187]
[-1.878,-0.189, 0.187]
[-1.904,-0.256, 0.187]
[-1.942,-0.328, 0.187]
[-3.064,-0.623, 0.187]
[-3.4  ,-0.81 , 0.187]
[-3.357,-0.92 , 0.187]
[-3.322,-1.03 , 0.187]
[-3.031,-1.053, 0.187]
[-2.955,-1.138, 0.187]
[-1.216,-0.516, 0.187]
[-1.178,-0.547, 0.187]
[-1.137,-0.575, 0.187]
[-1.09 ,-0.597, 0.187]
[-1.05 ,-0.622, 0.187]
[-1.021,-0.652, 0.187]
[-1.012,-0.695, 0.187]
[-0.965,-0.711, 0.187]
[-0.946,-0.747, 0.187]
[-0.914,-0.773, 0.187]
[-0.899,-0.813, 0.187]
[-0.872,-0.843, 0.187]
[-0.847,-0.876, 0.187]
[-0.808,-0.894, 0.187]
[-0.806,-0.954, 0.187]
[-0.787,-0.997, 0.187]
[-0.773,-1.05 , 0.187]
[-0.756,-1.101, 0.187]
[-0.736,-1.152, 0.187]
[-0.676,-1.142, 0.187]
[-0.628,-1.147, 0.187]
[-0.582,-1.151, 0.187]
[-0.534,-1.151, 0.187]
[-0.494,-1.164, 0.187]
[-0.453,-1.177, 0.187]
[-0.415,-1.194, 0.187]
[-0.369,-1.19 , 0.187]
[-0.333,-1.216, 0.187]
[-0.293,-1.231, 0.187]
[-0.255,-1.254, 0.187]
[-0.213,-1.265, 0.187]
[-0.17 ,-1.267, 0.187]
[-0.131,-1.3  , 0.187]
[-0.087,-1.297, 0.187]
[-0.045,-1.36 , 0.187]
[ 0.   ,-1.412, 0.187]
[ 0.064,-1.904, 0.187]
[ 0.122,-1.822, 0.187]
[ 0.177,-1.76 , 0.187]
[ 0.231,-1.715, 0.187]
[ 0.28 ,-1.66 , 0.187]
[ 0.337,-1.66 , 0.187]
[ 0.383,-1.606, 0.187]
[ 0.437,-1.595, 0.187]
[ 0.486,-1.565, 0.187]
[ 0.531,-1.529, 0.187]
[ 0.583,-1.513, 0.187]
[ 0.627,-1.479, 0.187]
[ 0.677,-1.459, 0.187]
[ 0.727,-1.438, 0.187]
[ 0.764,-1.394, 0.187]
[ 0.815,-1.377, 0.187]
[ 0.866,-1.356, 0.187]
[ 0.925,-1.347, 0.187]
[ 0.966,-1.311, 0.187]
[ 1.025,-1.298, 0.187]
[ 1.071,-1.267, 0.187]
[ 1.116,-1.234, 0.187]
[ 1.186,-1.226, 0.187]
[ 1.243,-1.202, 0.187]
[ 1.306,-1.181, 0.187]
[ 1.382,-1.169, 0.187]
[ 1.488,-1.175, 0.187]
[ 1.342,-0.989, 0.187]
[ 1.355,-0.93 , 0.187]
[ 1.321,-0.843, 0.187]
[ 1.326,-0.785, 0.187]
[ 1.34 ,-0.734, 0.187]
[ 1.361,-0.688, 0.187]
[ 1.361,-0.632, 0.187]
[ 1.394,-0.591, 0.187]
[ 1.415,-0.545, 0.187]
[ 1.437,-0.499, 0.187]
[ 1.455,-0.451, 0.187]
[ 1.466,-0.402, 0.187]
[ 1.484,-0.354, 0.187]
[ 1.507,-0.306, 0.187]
[ 1.534,-0.259, 0.187]
[ 1.552,-0.209, 0.187]
[ 1.589,-0.16 , 0.187]
[ 1.632,-0.109, 0.187]
[ 1.735,-0.058, 0.187]
[2.305,0.   ,0.187]
[2.319,0.078,0.187]
[1.016,0.068,0.187]
[0.967,0.097,0.187]
[0.945,0.127,0.187]
[0.944,0.159,0.187]
[0.904,0.184,0.187]
[0.907,0.216,0.187]
[0.879,0.241,0.187]
[0.872,0.27 ,0.187]
[0.861,0.299,0.187]
[0.851,0.328,0.187]
[0.846,0.359,0.187]
[0.857,0.397,0.187]
[0.844,0.427,0.187]
[0.835,0.457,0.187]
[0.817,0.484,0.187]
[0.836,0.534,0.187]
[0.827,0.568,0.187]
[2.466,1.817,0.187]
[2.398,1.894,0.187]
[2.307,1.951,0.187]
[2.259,2.043,0.187]
[2.206,2.133,0.187]
[2.198,2.273,0.187]
[1.389,1.536,0.187]
[1.31 ,1.55 ,0.187]
[1.235,1.564,0.187]
[1.181,1.603,0.187]
[1.112,1.62 ,0.187]
[1.071,1.678,0.187]
[1.023,1.727,0.187]
[0.972,1.774,0.187]
[0.645,1.277,0.187]
[0.593,1.277,0.187]
[0.538,1.269,0.187]
[0.486,1.263,0.187]
[0.438,1.262,0.187]
[0.395,1.272,0.187]
[0.355,1.295,0.187]
[0.313,1.313,0.187]
[0.274,1.348,0.187]
[0.229,1.36 ,0.187]
[0.184,1.371,0.187]
[0.143,1.421,0.187]
[0.146,2.176,0.187]
[0.072,2.164,0.187]
[0.   ,2.163,0.187]
