[-0.072, 2.153, 0.187]
[-0.144, 2.151, 0.187]
[-0.217, 2.159, 0.187]
[-0.294, 2.183, 0.187]
[-0.37 , 2.196, 0.187]
[-0.556, 2.735, 0.187]
[-0.631, 2.649, 0.187]
[-0.719, 2.625, 0.187]
[-0.799, 2.574, 0.187]
[-0.894, 2.574, 0.187]
[-0.991, 2.573, 0.187]
[-1.107, 2.611, 0.187]
[-0.657, 1.416, 0.187]
[-0.697, 1.38 , 0.187]
[-0.734, 1.339, 0.187]
[-0.77 , 1.299, 0.187]
[-0.805, 1.261, 0.187]
[-0.847, 1.234, 0.187]
[-0.894, 1.213, 0.187]
[-0.937, 1.187, 0.187]
[-0.994, 1.176, 0.187]
[-1.047, 1.157, 0.187]
[-1.11 , 1.148, 0.187]
[-1.78 , 1.722, 0.187]
[-1.858, 1.681, 0.187]
[-0.739, 0.625, 0.187]
[-0.738, 0.583, 0.187]
[-0.74 , 0.545, 0.187]
[-0.736, 0.505, 0.187]
[-0.752, 0.48 , 0.187]
[-0.752, 0.445, 0.187]
[-0.782, 0.428, 0.187]
[-0.776, 0.392, 0.187]
[-0.791, 0.367, 0.187]
[-0.807, 0.342, 0.187]
[-0.828, 0.319, 0.187]
[-0.814, 0.283, 0.187]
[-0.831, 0.258, 0.187]
[-0.864, 0.237, 0.187]
[-0.887, 0.211, 0.187]
[-0.877, 0.178, 0.187]
[-0.93 , 0.157, 0.187]
[-0.938, 0.126, 0.187]
[-1.928, 0.194, 0.187]
[-1.899, 0.127, 0.187]
[-1.902, 0.064, 0.187]
[-1.872,-0.   , 0.187]
[-1.857,-0.062, 0.187]
[-1.874,-0.125, 0.187]
[-1.874,-0.188, 0.187]
[-1.893,-0.255, 0.187]
[-1.945,-0.328, 0.187]
[-3.046,-0.619, 0.187]
[-3.387,-0.807, 0.187]
[-3.376,-0.925, 0.187]
[-3.332,-1.033, 0.187]
[-3.028,-1.052, 0.187]
[-2.949,-1.136, 0.187]
[-1.21 ,-0.513, 0.187]
[-1.161,-0.539, 0.187]
[-1.123,-0.568, 0.187]
[-1.109,-0.608, 0.187]
[-1.065,-0.631, 0.187]
[-1.025,-0.655, 0.187]
[-0.997,-0.685, 0.187]
[-0.965,-0.711, 0.187]
[-0.933,-0.737, 0.187]
[-0.93 ,-0.787, 0.187]
[-0.909,-0.822, 0.187]
[-0.861,-0.832, 0.187]
[-0.852,-0.881, 0.187]
[-0.823,-0.91 , 0.187]
[-0.815,-0.964, 0.187]
[-0.771,-0.976, 0.187]
[-0.757,-1.027, 0.187]
[-0.764,-1.113, 0.187]
[-0.749,-1.174, 0.187]
[-0.694,-1.172, 0.187]
[-0.627,-1.144, 0.187]
[-0.587,-1.163, 0.187]
[-0.543,-1.17 , 0.187]
[-0.499,-1.177, 0.187]
[-0.457,-1.188, 0.187]
[-0.414,-1.191, 0.187]
[-0.373,-1.203, 0.187]
[-0.334,-1.218, 0.187]
[-0.292,-1.225, 0.187]
[-0.253,-1.244, 0.187]
[-0.21 ,-1.248, 0.187]
[-0.173,-1.286, 0.187]
[-0.13 ,-1.29 , 0.187]
[-0.089,-1.337, 0.187]
[-0.045,-1.339, 0.187]
[ 0.   ,-1.394, 0.187]
[ 0.063,-1.872, 0.187]
[ 0.122,-1.82 , 0.187]
[ 0.176,-1.754, 0.187]
[ 0.232,-1.728, 0.187]
[ 0.283,-1.679, 0.187]
[ 0.334,-1.641, 0.187]
[ 0.384,-1.611, 0.187]
[ 0.438,-1.598, 0.187]
[ 0.481,-1.551, 0.187]
[ 0.536,-1.544, 0.187]
[ 0.579,-1.504, 0.187]
[ 0.625,-1.475, 0.187]
[ 0.677,-1.459, 0.187]
[ 0.729,-1.442, 0.187]
[ 0.776,-1.416, 0.187]
[ 0.831,-1.403, 0.187]
[ 0.876,-1.373, 0.187]
[ 0.92 ,-1.34 , 0.187]
[ 0.957,-1.299, 0.187]
[ 1.012,-1.282, 0.187]
[ 1.057,-1.25 , 0.187]
[ 1.123,-1.242, 0.187]
[ 1.188,-1.228, 0.187]
[ 1.235,-1.194, 0.187]
[ 1.301,-1.177, 0.187]
[ 1.385,-1.171, 0.187]
[ 1.483,-1.171, 0.187]
[ 1.332,-0.982, 0.187]
[ 1.322,-0.907, 0.187]
[ 1.338,-0.854, 0.187]
[ 1.344,-0.796, 0.187]
[ 1.349,-0.739, 0.187]
[ 1.364,-0.689, 0.187]
[ 1.389,-0.645, 0.187]
[ 1.408,-0.597, 0.187]
[ 1.394,-0.537, 0.187]
[ 1.431,-0.497, 0.187]
[ 1.457,-0.452, 0.187]
[ 1.458,-0.399, 0.187]
[ 1.48 ,-0.353, 0.187]
[ 1.509,-0.307, 0.187]
[ 1.529,-0.258, 0.187]
[ 1.571,-0.211, 0.187]
[ 1.589,-0.16 , 0.187]
[ 1.635,-0.109, 0.187]
[ 1.734,-0.058, 0.187]
[2.305,0.   ,0.187]
[2.307,0.077,0.187]
[1.014,0.068,0.187]
[0.987,0.099,0.187]
[0.95 ,0.128,0.187]
[0.944,0.159,0.187]
[0.921,0.187,0.187]
[0.909,0.217,0.187]
[0.901,0.247,0.187]
[0.892,0.277,0.187]
[0.882,0.306,0.187]
[0.867,0.334,0.187]
[0.861,0.365,0.187]
[0.852,0.395,0.187]
[0.857,0.433,0.187]
[0.836,0.458,0.187]
[0.831,0.492,0.187]
[0.831,0.53 ,0.187]
[0.852,0.585,0.187]
[2.479,1.826,0.187]
[2.389,1.886,0.187]
[2.32 ,1.962,0.187]
[2.256,2.04 ,0.187]
[2.198,2.125,0.187]
[2.198,2.273,0.187]
[1.38 ,1.526,0.187]
[1.305,1.543,0.187]
[1.235,1.564,0.187]
[1.171,1.589,0.187]
[1.121,1.634,0.187]
[1.074,1.682,0.187]
[1.021,1.724,0.187]
[0.976,1.782,0.187]
[0.639,1.264,0.187]
[0.59 ,1.271,0.187]
[0.536,1.263,0.187]
[0.491,1.276,0.187]
[0.445,1.281,0.187]
[0.402,1.297,0.187]
[0.353,1.289,0.187]
[0.312,1.308,0.187]
[0.275,1.353,0.187]
[0.23 ,1.365,0.187]
[0.188,1.397,0.187]
[0.143,1.425,0.187]
[0.146,2.183,0.187]
[0.072,2.153,0.187]
[0.   ,2.166,0.187]
