0
0
2.0388078689575195
1.980782389640808
1.9553903341293335
1.9470481872558594
1.9360004663467407
1.9349544048309326
1.9412660598754883
1.9576846361160278
2.0181429386138916
0
0
0
0
0
1.4097566604614258
1.3802025318145752
1.369972586631775
0
0
0
0
0
0
0
0
0
0
0
0
0
0
0
0
0
0
0
0
0
0.9001607298851013
0.8712658286094666
0.8448764085769653
0.836125373840332
0.8017366528511047
0.799502432346344
0.7843145728111267
0.7933208346366882
0.7852831482887268
0.7927233576774597
0.798505425453186
0.7928101420402527
0.790411114692688
0.8077914118766785
0.8116070032119751
0.8280662298202515
0.8229575753211975
0.8469913601875305
0.8707897663116455
0.9402048587799072
0
0
2.2023088932037354
2.2882232666015625
2.3558647632598877
2.4493248462677
2.5556607246398926
2.5221500396728516
2.5136876106262207
2.4959442615509033
2.4675986766815186
2.4482879638671875
2.452147960662842
2.4374821186065674
2.431425094604492
2.4186291694641113
2.4129421710968018
2.380000114440918
2.386676549911499
2.3869571685791016
2.364886999130249
2.3644816875457764
2.356527090072632
2.3486008644104004
2.3401763439178467
2.342303991317749
1.9409973621368408
2.2887701988220215
2.3459556102752686
2.345207452774048
2.327643394470215
2.334916353225708
2.3260843753814697
2.3337860107421875
2.334340810775757
2.347564697265625
2.3617489337921143
2.3468244075775146
2.356807231903076
2.350743055343628
2.389533281326294
2.40548038482666
2.386667490005493
2.4076647758483887
2.4092772006988525
2.4174747467041016
2.424675464630127
2.4452877044677734
2.45640230178833
2.3135428428649902
2.192147731781006
2.117871046066284
2.0849461555480957
2.51977276802063
2.5632569789886475
2.5519635677337646
2.6135311126708984
2.608949899673462
2.6517372131347656
2.6570162773132324
2.70539927482605
2.7247557640075684
2.7284021377563477
2.776798963546753
2.8142402172088623
2.834897518157959
2.8680055141448975
2.7924411296844482
2.7439966201782227
2.686851739883423
2.6185591220855713
2.557596445083618
0
0
0
0
0
0
0
0
0
0
0
0
0
0
0
0
0.6134705543518066
0.5761938691139221
0.5602824687957764
0.5657488703727722
0.5303019285202026
0.5326225757598877
0.5081176161766052
0.5318587422370911
0.49919387698173523
0.5066854357719421
0.4928700029850006
0.49525555968284607
0.4997907876968384
0.4918956160545349
0.5025673508644104
0.5009514689445496
0.5085102915763855
0.48164892196655273
0.46690621972084045
0.48458540439605713
0.4813401401042938
0.4885568618774414
0.4865926206111908
0.5040650367736816
0.48883867263793945
0.49440157413482666
0.5040416717529297
0.500372052192688
0.5030772089958191
0.5072382688522339
0.524756908416748
0.5253096222877502
0.53227299451828
0.5273846983909607
0.552980899810791
0.5665845274925232
0.5910618901252747
0.6385199427604675
0.9340137243270874
0.9094977378845215
0.8843953013420105
0.8967365026473999
0.8613407015800476
0.8693679571151733
0.8677159547805786
0.854516863822937
0.8821178674697876
0.8965542912483215
0.8852329850196838
0.8945518136024475
0.89102703332901
0.9326221346855164
0.9415478706359863
0.9968202114105225
0
1.7883455753326416
1.7128430604934692
1.6981587409973145
1.6804076433181763
1.6600662469863892
1.648024082183838
1.6542878150939941
1.6462949514389038
1.653738260269165
1.6407966613769531
1.6765518188476562
1.6706160306930542
1.7171391248703003
1.733316421508789
1.8242452144622803
2.873593807220459
2.6970462799072266
2.620911121368408
2.5754785537719727
2.5248286724090576
2.5185115337371826
2.4990670680999756
2.4872093200683594
2.447791814804077
2.4488167762756348
2.4584596157073975
2.439527750015259
2.4631614685058594
2.500319004058838
2.512000799179077
2.5363025665283203
2.569406509399414
2.6200973987579346
2.6766860485076904
2.7825090885162354
0
0
0
0
0
2.8205413818359375
2.731336832046509
2.6657800674438477
2.6518335342407227
2.6333117485046387
2.631535768508911
2.6168127059936523
2.638981819152832
2.644749641418457
2.6668810844421387
2.713045835494995
2.7923102378845215
0
0
0
0
0
0
0
0
0
0
0
0
0
0
0
0
0
0
0
0
0
0
0
0
0
0
0
1.9654316902160645
1.948503017425537
1.92416250705719
1.886217474937439
1.9025884866714478
1.8966144323349
1.9154781103134155
1.9492894411087036
1.9998794794082642
0
0
0
0
0
0
0
0
0
0
0
0
0
0
0
0
0
0
1.8835188150405884
0.7191579937934875
0.6647383570671082
0.6703017950057983
0.6252028346061707
0.6303195953369141
0.6131013035774231
0.6034221649169922
0.5966612696647644
0.5903890132904053
0.5824089646339417
0.5779654383659363
0.586685836315155
0.59684157371521
0.5923044085502625
0.5890050530433655
0.5994173884391785
0.6156719326972961
0.5980624556541443
0.6148701906204224
0.6180208921432495
0.6161889433860779
0.6162804365158081
0.6339144110679626
0.6779155135154724
0.6943084597587585
2.3701884746551514
1.3309779167175293
1.2964645624160767
1.2728943824768066
1.2848396301269531
1.2541296482086182
1.259881615638733
1.2524372339248657
1.2545568943023682
1.2469254732131958
1.2584017515182495
1.2701419591903687
1.3062957525253296
1.3239144086837769
2.5957674980163574
2.6414709091186523
0
0
0
0
0
0
0
0
0
