0
0
2.0361220836639404
1.9854931831359863
1.9557583332061768
1.9434210062026978
1.9241657257080078
1.929574966430664
1.9286251068115234
1.9610533714294434
1.997341513633728
0
0
0
0
0
1.388297200202942
1.3830071687698364
1.396048903465271
0
0
0
0
0
0
0
0
0
0
0
0
0
0
0
0
0
0
0
0
0
0.8824458718299866
0.8544213771820068
0.8428215384483337
0.8042837977409363
0.8279832601547241
0.7965407967567444
0.7998712062835693
0.7975273132324219
0.7872434854507446
0.7977365851402283
0.7951327562332153
0.805539071559906
0.8093011975288391
0.7953460812568665
0.8230663537979126
0.8270844221115112
0.8341171741485596
0.8511709570884705
0.8605462908744812
0.9118661284446716
0
0
2.1906394958496094
2.2929866313934326
2.3837859630584717
2.47208309173584
2.536280870437622
2.5296807289123535
2.517022132873535
2.520395278930664
2.4783101081848145
2.466846466064453
2.4588067531585693
2.443180561065674
2.438837766647339
2.427043914794922
2.417734384536743
2.398648262023926
2.4028377532958984
2.3827004432678223
2.360731363296509
2.3616878986358643
2.3596270084381104
2.3566439151763916
2.3741002082824707
2.343303918838501
1.9544105529785156
2.299370050430298
2.317014694213867
2.3332717418670654
2.33120059967041
2.3271963596343994
2.3418750762939453
2.3383986949920654
2.357247829437256
2.3411874771118164
2.356027841567993
2.340735912322998
2.3642942905426025
2.354753255844116
2.3659098148345947
2.3816866874694824
2.3985612392425537
2.4034881591796875
2.415835380554199
2.416408061981201
2.4452474117279053
2.4415807723999023
2.4485526084899902
2.337327003479004
2.226306915283203
2.1090402603149414
2.1047849655151367
2.5412449836730957
2.5528900623321533
2.567786455154419
2.5943853855133057
2.6091370582580566
2.6377007961273193
2.662205219268799
2.6963980197906494
2.7198352813720703
2.753363847732544
2.769023895263672
2.811201810836792
2.856715679168701
2.860961437225342
2.8084657192230225
2.749009370803833
2.6872191429138184
2.6211729049682617
2.583693504333496
0
0
0
0
0
0
0
0
0
0
0
0
0
0
0
0
0.6085447072982788
0.5858176350593567
0.574390172958374
0.5378088355064392
0.5530787706375122
0.5271101593971252
0.5134259462356567
0.5216522812843323
0.5034679174423218
0.4979124963283539
0.4879048764705658
0.4944477677345276
0.5042055249214172
0.4876711368560791
0.48786625266075134
0.48439890146255493
0.47318729758262634
0.4947701096534729
0.47516635060310364
0.474214643239975
0.47736304998397827
0.4928845465183258
0.4982616603374481
0.4914698898792267
0.49614983797073364
0.49974343180656433
0.48958203196525574
0.5121141672134399
0.5030524134635925
0.5076386332511902
0.5083406567573547
0.507348895072937
0.5249529480934143
0.5505599975585938
0.5758739113807678
0.572515070438385
0.596740186214447
0.6361954808235168
0.9103479981422424
0.8935542106628418
0.8892787098884583
0.8853479623794556
0.8856168389320374
0.8793349266052246
0.8761364817619324
0.8637468218803406
0.8957540392875671
0.8722403645515442
0.8854463696479797
0.9043641686439514
0.8990790843963623
0.9069977402687073
0.942845344543457
0.9759554266929626
0
1.7654945850372314
1.726861834526062
1.6930519342422485
1.6723395586013794
1.6741451025009155
1.6576634645462036
1.6451659202575684
1.6210991144180298
1.6658742427825928
1.6486271619796753
1.6635926961898804
1.672797441482544
1.7267199754714966
1.7398566007614136
1.8106498718261719
2.8688340187072754
2.7145628929138184
2.610569477081299
2.58079195022583
2.5416505336761475
2.4943103790283203
2.4763615131378174
2.466336488723755
2.4471240043640137
2.4659078121185303
2.458061456680298
2.46785044670105
2.4625906944274902
2.4823012351989746
2.4803082942962646
2.531020402908325
2.560619354248047
2.6059045791625977
2.6559898853302
2.762066602706909
0
0
0
0
0
2.817660093307495
2.7338740825653076
2.6895430088043213
2.6458072662353516
2.621556043624878
2.6152727603912354
2.6225008964538574
2.636418581008911
2.6469438076019287
2.659557580947876
2.710784673690796
2.774912118911743
0
0
0
0
0
0
0
0
0
0
0
0
0
0
0
0
0
0
0
0
0
0
0
0
0
0
0
1.9551693201065063
1.9444159269332886
1.897163987159729
1.8881672620773315
1.8885889053344727
1.8843410015106201
1.9195201396942139
1.94776451587677
2.0038647651672363
0
0
0
0
0
0
0
0
0
0
0
0
0
0
0
0
0
0
1.878937005996704
0.69183349609375
0.6766130328178406
0.6645589470863342
0.6390818953514099
0.6293301582336426
0.6257907152175903
0.6105812788009644
0.6009458899497986
0.5844526886940002
0.5915495753288269
0.5899306535720825
0.5842080116271973
0.5914468765258789
0.5961249470710754
0.6005056500434875
0.6028655767440796
0.5914303660392761
0.5937052369117737
0.6066944599151611
0.623062014579773
0.607594907283783
0.6113545894622803
0.6368368268013
0.6542267799377441
0.6688640117645264
2.392235517501831
1.3446002006530762
1.299473524093628
1.282469630241394
1.255195140838623
1.258971095085144
1.246279001235962
1.2493607997894287
1.2382005453109741
1.2222756147384644
1.258283257484436
1.2660340070724487
1.2757261991500854
1.323650598526001
2.5904433727264404
2.640054941177368
0
0
0
0
0
0
0
0
0
