0
0
2.0443832874298096
1.994045615196228
1.9550120830535889
1.9323678016662598
1.9393218755722046
1.943915843963623
1.9671930074691772
1.9574781656265259
2.0156307220458984
0
0
0
0
0
1.415982723236084
1.3727360963821411
1.404105544090271
0
0
0
0
0
0
0
0
0
0
0
0
0
0
0
0
0
0
0
0
0
0.8853533267974854
0.8381779789924622
0.8461906313896179
0.8152285218238831
0.803985059261322
0.8183808326721191
0.8179172277450562
0.794323742389679
0.7872443199157715
0.7769157886505127
0.7958298921585083
0.7790777087211609
0.7888144254684448
0.8099247813224792
0.8028562068939209
0.8242415189743042
0.824183464050293
0.8387231826782227
0.8634997606277466
0.9266701340675354
0
0
2.2060093879699707
2.2660882472991943
2.36171555519104
2.458083391189575
2.5350019931793213
2.523311138153076
2.507296323776245
2.494790554046631
2.4881632328033447
2.480332136154175
2.4587817192077637
2.443354606628418
2.429778814315796
2.4280033111572266
2.39876651763916
2.38714861869812
2.4109630584716797
2.3956148624420166
2.3760757446289062
2.35626482963562
2.3713669776916504
2.3454227447509766
2.347501516342163
2.35784649848938
1.950925350189209
2.3145883083343506
2.3289947509765625
2.34269642829895
2.3207404613494873
2.3399550914764404
2.333132743835449
2.333946466445923
2.3429172039031982
2.339210033416748
2.3346996307373047
2.356173515319824
2.3619544506073
2.3609983921051025
2.3760974407196045
2.401585578918457
2.3920798301696777
2.411743402481079
2.4180243015289307
2.4369451999664307
2.4299871921539307
2.432631254196167
2.4564321041107178
2.3282785415649414
2.1968119144439697
2.1253814697265625
2.1037137508392334
2.5431582927703857
2.5622406005859375
2.565201997756958
2.582496166229248
2.6253552436828613
2.6458826065063477
2.6637163162231445
2.69551944732666
2.730363368988037
2.7450063228607178
2.783750295639038
2.8058156967163086
2.8818137645721436
2.8609814643859863
2.8003835678100586
2.7380192279815674
2.668483257293701
2.617262840270996
2.570181131362915
0
0
0
0
0
0
0
0
0
0
0
0
0
0
0
0
0.6139654517173767
0.5874210000038147
0.5577908754348755
0.5585537552833557
0.543917715549469
0.5245826840400696
0.5251237154006958
0.5255059003829956
0.5122007727622986
0.5085933208465576
0.50684654712677
0.4987851679325104
0.49786338210105896
0.5007311105728149
0.46607309579849243
0.49004319310188293
0.4750961363315582
0.4914698898792267
0.4817220866680145
0.4968684911727905
0.4935395419597626
0.4887089133262634
0.4822477698326111
0.4980190694332123
0.49886375665664673
0.48814234137535095
0.5083636045455933
0.5069399476051331
0.4906938076019287
0.510643720626831
0.5117124915122986
0.538918137550354
0.5386555790901184
0.5306652784347534
0.5645083785057068
0.5735490918159485
0.5831351280212402
0.6524292826652527
0.9254903793334961
0.8931840658187866
0.8877687454223633
0.884216845035553
0.8890201449394226
0.8677274584770203
0.8847226500511169
0.8774660229682922
0.8605057597160339
0.8721262216567993
0.8855544924736023
0.8944931030273438
0.9179708361625671
0.9188565015792847
0.9434181451797485
0.968985915184021
0
1.7776981592178345
1.713738203048706
1.6992567777633667
1.6598320007324219
1.665635585784912
1.6495130062103271
1.6591728925704956
1.6442289352416992
1.6560237407684326
1.6427892446517944
1.672959566116333
1.6856269836425781
1.7168834209442139
1.7330803871154785
1.8464173078536987
2.85798716545105
2.695464611053467
2.617466926574707
2.569288969039917
2.5214900970458984
2.4901344776153564
2.4937195777893066
2.4707272052764893
2.4714715480804443
2.4574759006500244
2.4454145431518555
2.4619317054748535
2.464118242263794
2.5015976428985596
2.4983975887298584
2.5212650299072266
2.56697940826416
2.5937581062316895
2.67881178855896
2.787187337875366
0
0
0
0
0
2.837282180786133
2.7511777877807617
2.661468744277954
2.6591365337371826
2.6212940216064453
2.609314203262329
2.6308069229125977
2.6382904052734375
2.639972448348999
2.693262815475464
2.7115418910980225
2.797532558441162
0
0
0
0
0
0
0
0
0
0
0
0
0
0
0
0
0
0
0
0
0
0
0
0
0
0
0
1.958184003829956
1.9335232973098755
1.8967424631118774
1.902788758277893
1.8888037204742432
1.8801531791687012
1.9005104303359985
1.9417357444763184
1.9908462762832642
0
0
0
0
0
0
0
0
0
0
0
0
0
0
0
0
0
0
1.8506914377212524
0.7181578874588013
0.6868479251861572
0.642204761505127
0.6296030282974243
0.6118528246879578
0.6148353219032288
0.5997784733772278
0.6137474775314331
0.6030128002166748
0.6122984290122986
0.5904269814491272
0.5910159349441528
0.5916702747344971
0.5763379335403442
0.6023693680763245
0.5984746217727661
0.5957854390144348
0.6061567664146423
0.5962134599685669
0.6271292567253113
0.6175026297569275
0.6305583715438843
0.6390369534492493
0.6697067618370056
0.6869663596153259
2.3861007690429688
1.3315259218215942
1.2866182327270508
1.2716959714889526
1.2487717866897583
1.2495296001434326
1.2473856210708618
1.238228440284729
1.243300199508667
1.2524594068527222
1.2535614967346191
1.2615617513656616
1.2849490642547607
1.3221110105514526
2.5929970741271973
2.6565792560577393
0
0
0
0
0
0
0
0
0
