[-0.072, 2.151, 0.187]
[-0.144, 2.148, 0.187]
[-0.217, 2.152, 0.187]
[-0.291, 2.166, 0.187]
[-0.371, 2.202, 0.187]
[-0.548, 2.694, 0.187]
[-0.63 , 2.644, 0.187]
[-0.716, 2.615, 0.187]
[-0.804, 2.591, 0.187]
[-0.892, 2.57 , 0.187]
[-0.991, 2.574, 0.187]
[-1.109, 2.616, 0.187]
[-0.663, 1.429, 0.187]
[-0.694, 1.373, 0.187]
[-0.73 , 1.333, 0.187]
[-0.764, 1.29 , 0.187]
[-0.82 , 1.284, 0.187]
[-0.847, 1.234, 0.187]
[-0.899, 1.221, 0.187]
[-0.946, 1.198, 0.187]
[-0.992, 1.173, 0.187]
[-1.038, 1.148, 0.187]
[-1.12 , 1.158, 0.187]
[-1.768, 1.709, 0.187]
[-1.86 , 1.682, 0.187]
[-0.743, 0.628, 0.187]
[-0.74 , 0.584, 0.187]
[-0.729, 0.537, 0.187]
[-0.742, 0.509, 0.187]
[-0.758, 0.484, 0.187]
[-0.744, 0.441, 0.187]
[-0.759, 0.416, 0.187]
[-0.782, 0.395, 0.187]
[-0.79 , 0.367, 0.187]
[-0.803, 0.341, 0.187]
[-0.795, 0.306, 0.187]
[-0.814, 0.283, 0.187]
[-0.848, 0.263, 0.187]
[-0.853, 0.234, 0.187]
[-0.877, 0.209, 0.187]
[-0.892, 0.181, 0.187]
[-0.91 , 0.153, 0.187]
[-0.959, 0.129, 0.187]
[-1.941, 0.195, 0.187]
[-1.921, 0.129, 0.187]
[-1.882, 0.063, 0.187]
[-1.871,-0.   , 0.187]
[-1.875,-0.063, 0.187]
[-1.877,-0.126, 0.187]
[-1.864,-0.187, 0.187]
[-1.9  ,-0.256, 0.187]
[-1.94 ,-0.327, 0.187]
[-3.063,-0.623, 0.187]
[-3.402,-0.811, 0.187]
[-3.376,-0.925, 0.187]
[-3.327,-1.032, 0.187]
[-3.018,-1.048, 0.187]
[-2.943,-1.133, 0.187]
[-1.223,-0.519, 0.187]
[-1.168,-0.542, 0.187]
[-1.108,-0.56 , 0.187]
[-1.083,-0.594, 0.187]
[-1.065,-0.631, 0.187]
[-1.024,-0.654, 0.187]
[-1.009,-0.693, 0.187]
[-0.974,-0.718, 0.187]
[-0.938,-0.741, 0.187]
[-0.922,-0.78 , 0.187]
[-0.896,-0.811, 0.187]
[-0.878,-0.849, 0.187]
[-0.856,-0.885, 0.187]
[-0.832,-0.92 , 0.187]
[-0.797,-0.942, 0.187]
[-0.78 ,-0.988, 0.187]
[-0.762,-1.035, 0.187]
[-0.753,-1.097, 0.187]
[-0.741,-1.161, 0.187]
[-0.676,-1.141, 0.187]
[-0.634,-1.156, 0.187]
[-0.58 ,-1.147, 0.187]
[-0.547,-1.179, 0.187]
[-0.491,-1.157, 0.187]
[-0.454,-1.178, 0.187]
[-0.41 ,-1.18 , 0.187]
[-0.371,-1.195, 0.187]
[-0.332,-1.212, 0.187]
[-0.294,-1.234, 0.187]
[-0.251,-1.235, 0.187]
[-0.213,-1.263, 0.187]
[-0.171,-1.275, 0.187]
[-0.128,-1.268, 0.187]
[-0.089,-1.328, 0.187]
[-0.046,-1.362, 0.187]
[ 0.   ,-1.414, 0.187]
[ 0.063,-1.88 , 0.187]
[ 0.121,-1.813, 0.187]
[ 0.177,-1.758, 0.187]
[ 0.231,-1.721, 0.187]
[ 0.284,-1.684, 0.187]
[ 0.337,-1.658, 0.187]
[ 0.386,-1.621, 0.187]
[ 0.434,-1.583, 0.187]
[ 0.479,-1.545, 0.187]
[ 0.529,-1.524, 0.187]
[ 0.578,-1.501, 0.187]
[ 0.626,-1.476, 0.187]
[ 0.674,-1.453, 0.187]
[ 0.719,-1.422, 0.187]
[ 0.771,-1.407, 0.187]
[ 0.818,-1.38 , 0.187]
[ 0.867,-1.357, 0.187]
[ 0.921,-1.342, 0.187]
[ 0.969,-1.315, 0.187]
[ 1.024,-1.297, 0.187]
[ 1.064,-1.258, 0.187]
[ 1.126,-1.245, 0.187]
[ 1.178,-1.218, 0.187]
[ 1.247,-1.206, 0.187]
[ 1.308,-1.183, 0.187]
[ 1.38 ,-1.167, 0.187]
[ 1.487,-1.174, 0.187]
[ 1.329,-0.979, 0.187]
[ 1.333,-0.915, 0.187]
[ 1.332,-0.85 , 0.187]
[ 1.339,-0.793, 0.187]
[ 1.346,-0.737, 0.187]
[ 1.367,-0.691, 0.187]
[ 1.384,-0.642, 0.187]
[ 1.391,-0.59 , 0.187]
[ 1.394,-0.537, 0.187]
[ 1.424,-0.495, 0.187]
[ 1.432,-0.444, 0.187]
[ 1.471,-0.403, 0.187]
[ 1.483,-0.353, 0.187]
[ 1.503,-0.306, 0.187]
[ 1.515,-0.256, 0.187]
[ 1.561,-0.21 , 0.187]
[ 1.587,-0.16 , 0.187]
[ 1.638,-0.11 , 0.187]
[ 1.715,-0.057, 0.187]
[2.306,0.   ,0.187]
[2.298,0.077,0.187]
[1.037,0.069,0.187]
[0.985,0.099,0.187]
[0.944,0.127,0.187]
[0.934,0.158,0.187]
[0.928,0.189,0.187]
[0.927,0.221,0.187]
[0.876,0.24 ,0.187]
[0.878,0.272,0.187]
[0.878,0.305,0.187]
[0.864,0.333,0.187]
[0.849,0.36 ,0.187]
[0.844,0.392,0.187]
[0.841,0.425,0.187]
[0.815,0.447,0.187]
[0.837,0.496,0.187]
[0.83 ,0.53 ,0.187]
[0.841,0.577,0.187]
[2.468,1.819,0.187]
[2.388,1.885,0.187]
[2.309,1.952,0.187]
[2.247,2.032,0.187]
[2.206,2.133,0.187]
[2.192,2.267,0.187]
[1.395,1.542,0.187]
[1.309,1.548,0.187]
[1.251,1.585,0.187]
[1.178,1.599,0.187]
[1.115,1.624,0.187]
[1.081,1.693,0.187]
[1.023,1.726,0.187]
[0.975,1.779,0.187]
[0.641,1.269,0.187]
[0.591,1.273,0.187]
[0.536,1.264,0.187]
[0.491,1.274,0.187]
[0.442,1.273,0.187]
[0.398,1.282,0.187]
[0.355,1.295,0.187]
[0.314,1.318,0.187]
[0.271,1.335,0.187]
[0.226,1.341,0.187]
[0.186,1.383,0.187]
[0.143,1.422,0.187]
[0.147,2.192,0.187]
[0.072,2.168,0.187]
[0.   ,2.151,0.187]
