0
0
2.0447561740875244
1.9755172729492188
1.964334487915039
1.945639967918396
1.9396864175796509
1.9530720710754395
1.9454389810562134
1.9630463123321533
2.008511543273926
0
0
0
0
0
1.405988335609436
1.3675919771194458
1.3892250061035156
0
0
0
0
0
0
0
0
0
0
0
0
0
0
0
0
0
0
0
0
0
0.8928878903388977
0.8572279214859009
0.847486674785614
0.8239477872848511
0.799984872341156
0.8012053370475769
0.8035398721694946
0.7913439869880676
0.7822198867797852
0.7722629308700562
0.7876102924346924
0.7801842093467712
0.7961292266845703
0.8030548095703125
0.8006482720375061
0.8195431232452393
0.8326687812805176
0.8429243564605713
0.8780924081802368
0.9285779595375061
0
0
2.199869394302368
2.282531261444092
2.369492292404175
2.4424874782562256
2.552361011505127
2.5225892066955566
2.5158214569091797
2.5027506351470947
2.473097324371338
2.4600026607513428
2.449622631072998
2.449124336242676
2.402257204055786
2.4135708808898926
2.418149948120117
2.3978424072265625
2.388676404953003
2.3818466663360596
2.376338005065918
2.367237091064453
2.3565514087677
2.344944477081299
2.357682228088379
2.327164649963379
1.9487217664718628
2.3015568256378174
2.327709674835205
2.3315865993499756
2.3500633239746094
2.350348711013794
2.3399930000305176
2.34873628616333
2.3653066158294678
2.3508646488189697
2.3614466190338135
2.3622255325317383
2.3379929065704346
2.3760013580322266
2.3715081214904785
2.392275810241699
2.385403871536255
2.397390842437744
2.393845796585083
2.4286022186279297
2.420166015625
2.4468014240264893
2.439959764480591
2.3284921646118164
2.2133235931396484
2.098843812942505
2.0967257022857666
2.5352299213409424
2.555332660675049
2.581341028213501
2.584512948989868
2.61322021484375
2.6310248374938965
2.665970802307129
2.6876540184020996
2.7281227111816406
2.7474112510681152
2.7755610942840576
2.804821252822876
2.851667881011963
2.864567756652832
2.7994110584259033
2.7360849380493164
2.7061657905578613
2.634428024291992
2.5559420585632324
0
0
0
0
0
0
0
0
0
0
0
0
0
0
0
0
0.6145052313804626
0.5743094086647034
0.5811010003089905
0.5527747273445129
0.550986111164093
0.5373343825340271
0.5116117596626282
0.5238977074623108
0.5110719203948975
0.5163072347640991
0.49263089895248413
0.49695098400115967
0.49563056230545044
0.49663087725639343
0.48047757148742676
0.48400673270225525
0.4933551251888275
0.47927770018577576
0.5020606517791748
0.4890579581260681
0.4864780604839325
0.48693016171455383
0.4945591390132904
0.4823875427246094
0.4895264506340027
0.48370951414108276
0.5153137445449829
0.49126744270324707
0.49220219254493713
0.4929979145526886
0.5253679752349854
0.5342310667037964
0.5237414240837097
0.5509262084960938
0.5599541664123535
0.5776370763778687
0.6060199737548828
0.6133818626403809
0.911377489566803
0.8972139358520508
0.8838791847229004
0.8905783295631409
0.8775128722190857
0.8624449372291565
0.8559117317199707
0.8738239407539368
0.8827398419380188
0.8621232509613037
0.885368824005127
0.8853223919868469
0.8938459157943726
0.937781572341919
0.9476560354232788
0.9766258001327515
0
1.7753044366836548
1.7299134731292725
1.7024637460708618
1.6723898649215698
1.6611019372940063
1.6727932691574097
1.6365898847579956
1.6438629627227783
1.635697841644287
1.6535311937332153
1.6692783832550049
1.6837157011032104
1.7093106508255005
1.7270413637161255
1.82004976272583
2.849046468734741
2.6889803409576416
2.6391756534576416
2.573434591293335
2.542645215988159
2.503511905670166
2.4901440143585205
2.471400022506714
2.4565930366516113
2.4483275413513184
2.4537887573242188
2.4727323055267334
2.477033853530884
2.4734270572662354
2.5022623538970947
2.530479907989502
2.567300796508789
2.6073076725006104
2.6680679321289062
2.786609649658203
0
0
0
0
0
2.8186793327331543
2.7232308387756348
2.6769800186157227
2.6568751335144043
2.6324758529663086
2.618375778198242
2.6216049194335938
2.636232376098633
2.6437606811523438
2.6551637649536133
2.72403621673584
2.8001315593719482
0
0
0
0
0
0
0
0
0
0
0
0
0
0
0
0
0
0
0
0
0
0
0
0
0
0
0
1.965875506401062
1.918333888053894
1.8893229961395264
1.8890841007232666
1.8869892358779907
1.909003496170044
1.9193568229675293
1.9469642639160156
2.009317636489868
0
0
0
0
0
0
0
0
0
0
0
0
0
0
0
0
0
0
1.88297438621521
0.7119188904762268
0.6605575084686279
0.6392512321472168
0.6387788653373718
0.6236398816108704
0.6158400774002075
0.6235909461975098
0.592658519744873
0.5944051742553711
0.5838372707366943
0.5951507091522217
0.6049385070800781
0.5908551216125488
0.6081690192222595
0.5848515629768372
0.5949668884277344
0.6025059819221497
0.5937373042106628
0.5941707491874695
0.6295937299728394
0.6092919707298279
0.6242199540138245
0.6434062123298645
0.6639807224273682
0.6826440095901489
2.386066198348999
1.3278758525848389
1.3072398900985718
1.2758756875991821
1.2539055347442627
1.263215184211731
1.2428621053695679
1.2473655939102173
1.232369065284729
1.248321533203125
1.2445449829101562
1.2748010158538818
1.2884958982467651
1.3256250619888306
2.605414867401123
2.6311354637145996
0
0
0
0
0
0
0
0
0
