[2.041,0.071,0.187]
[1.987,0.104,0.187]
[1.967,0.138,0.187]
[1.93 ,0.169,0.187]
[1.92 ,0.202,0.187]
[1.912,0.235,0.187]
[1.937,0.272,0.187]
[1.946,0.308,0.187]
[1.962,0.346,0.187]
[1.356,0.389,0.187]
[1.31 ,0.4  ,0.187]
[1.325,0.431,0.187]
[0.696,0.584,0.187]
[0.648,0.563,0.187]
[0.639,0.576,0.187]
[0.606,0.565,0.187]
[0.582,0.562,0.187]
[0.568,0.568,0.187]
[0.551,0.571,0.187]
[0.553,0.593,0.187]
[0.54 ,0.6  ,0.187]
[0.523,0.602,0.187]
[0.511,0.609,0.187]
[0.496,0.612,0.187]
[0.502,0.642,0.187]
[0.474,0.629,0.187]
[0.472,0.649,0.187]
[0.461,0.658,0.187]
[0.458,0.679,0.187]
[0.462,0.711,0.187]
[0.457,0.731,0.187]
[0.483,0.804,0.187]
[1.031,1.939,0.187]
[1.031,2.024,0.187]
[1.039,2.129,0.187]
[1.034,2.217,0.187]
[1.032,2.318,0.187]
[0.993,2.339,0.187]
[0.947,2.344,0.187]
[0.896,2.335,0.187]
[0.849,2.332,0.187]
[0.802,2.33 ,0.187]
[0.757,2.33 ,0.187]
[0.712,2.33 ,0.187]
[0.67 ,2.337,0.187]
[0.62 ,2.314,0.187]
[0.584,2.343,0.187]
[0.542,2.348,0.187]
[0.496,2.335,0.187]
[0.453,2.329,0.187]
[0.412,2.334,0.187]
[0.371,2.342,0.187]
[0.327,2.329,0.187]
[0.287,2.333,0.187]
[0.245,2.331,0.187]
[0.204,2.334,0.187]
[0.137,1.955,0.187]
[0.12 ,2.299,0.187]
[0.082,2.335,0.187]
[0.041,2.331,0.187]
[0.   ,2.341,0.187]
[-0.041, 2.331, 0.187]
[-0.082, 2.342, 0.187]
[-0.122, 2.325, 0.187]
[-0.162, 2.31 , 0.187]
[-0.202, 2.312, 0.187]
[-0.247, 2.351, 0.187]
[-0.286, 2.326, 0.187]
[-0.327, 2.326, 0.187]
[-0.37 , 2.335, 0.187]
[-0.414, 2.351, 0.187]
[-0.453, 2.332, 0.187]
[-0.496, 2.334, 0.187]
[-0.541, 2.345, 0.187]
[-0.581, 2.331, 0.187]
[-0.631, 2.356, 0.187]
[-0.671, 2.342, 0.187]
[-0.715, 2.339, 0.187]
[-0.761, 2.342, 0.187]
[-0.757, 2.199, 0.187]
[-0.762, 2.092, 0.187]
[-0.76 , 1.981, 0.187]
[-0.793, 1.963, 0.187]
[-0.992, 2.337, 0.187]
[-1.034, 2.321, 0.187]
[-1.092, 2.342, 0.187]
[-1.14 , 2.338, 0.187]
[-1.198, 2.351, 0.187]
[-1.243, 2.337, 0.187]
[-1.29 , 2.328, 0.187]
[-1.347, 2.334, 0.187]
[-1.402, 2.334, 0.187]
[-1.463, 2.342, 0.187]
[-1.514, 2.332, 0.187]
[-1.57 , 2.327, 0.187]
[-1.642, 2.345, 0.187]
[-1.682, 2.316, 0.187]
[-1.689, 2.242, 0.187]
[-1.683, 2.154, 0.187]
[-1.683, 2.078, 0.187]
[-1.675, 1.996, 0.187]
[-1.693, 1.947, 0.187]
[-0.528, 0.33 , 0.187]
[-0.489, 0.294, 0.187]
[-0.477, 0.276, 0.187]
[-0.477, 0.264, 0.187]
[-0.476, 0.253, 0.187]
[-0.455, 0.232, 0.187]
[-0.476, 0.232, 0.187]
[-0.49 , 0.229, 0.187]
[-0.488, 0.217, 0.187]
[-0.464, 0.197, 0.187]
[-0.459, 0.185, 0.187]
[-0.452, 0.173, 0.187]
[-0.457, 0.166, 0.187]
[-0.455, 0.157, 0.187]
[-0.468, 0.152, 0.187]
[-0.467, 0.143, 0.187]
[-0.459, 0.132, 0.187]
[-0.453, 0.121, 0.187]
[-0.456, 0.114, 0.187]
[-0.475, 0.11 , 0.187]
[-0.469, 0.1  , 0.187]
[-0.471, 0.092, 0.187]
[-0.48 , 0.085, 0.187]
[-0.469, 0.074, 0.187]
[-0.466, 0.065, 0.187]
[-0.518, 0.064, 0.187]
[-0.492, 0.052, 0.187]
[-0.516, 0.045, 0.187]
[-0.504, 0.035, 0.187]
[-0.498, 0.026, 0.187]
[-0.511, 0.018, 0.187]
[-0.541, 0.009, 0.187]
[-0.537, 0.   , 0.187]
[-0.565,-0.01 , 0.187]
[-0.552,-0.019, 0.187]
[-0.568,-0.03 , 0.187]
[-0.597,-0.042, 0.187]
[-0.626,-0.055, 0.187]
[-0.915,-0.096, 0.187]
[-0.88 ,-0.108, 0.187]
[-0.876,-0.123, 0.187]
[-0.877,-0.139, 0.187]
[-0.872,-0.154, 0.187]
[-0.846,-0.165, 0.187]
[-0.842,-0.179, 0.187]
[-0.851,-0.196, 0.187]
[-0.851,-0.212, 0.187]
[-0.844,-0.226, 0.187]
[-0.838,-0.24 , 0.187]
[-0.851,-0.26 , 0.187]
[-0.866,-0.281, 0.187]
[-0.862,-0.297, 0.187]
[-0.89 ,-0.324, 0.187]
[-0.909,-0.349, 0.187]
[-1.629,-0.692, 0.187]
[-1.581,-0.704, 0.187]
[-1.54 ,-0.718, 0.187]
[-1.507,-0.735, 0.187]
[-1.47 ,-0.749, 0.187]
[-1.459,-0.776, 0.187]
[-1.432,-0.794, 0.187]
[-1.424,-0.822, 0.187]
[-1.388,-0.834, 0.187]
[-1.398,-0.874, 0.187]
[-1.409,-0.915, 0.187]
[-1.387,-0.935, 0.187]
[-1.415,-0.991, 0.187]
[-1.416,-1.029, 0.187]
[-1.459,-1.099, 0.187]
[-2.264,-1.769, 0.187]
[-2.097,-1.698, 0.187]
[-2.006,-1.683, 0.187]
[-1.935,-1.682, 0.187]
[-1.886,-1.698, 0.187]
[-1.826,-1.703, 0.187]
[-1.788,-1.727, 0.187]
[-1.74 ,-1.74 , 0.187]
[-1.689,-1.749, 0.187]
[-1.677,-1.798, 0.187]
[-1.648,-1.83 , 0.187]
[-1.614,-1.857, 0.187]
[-1.595,-1.901, 0.187]
[-1.56 ,-1.927, 0.187]
[-1.543,-1.975, 0.187]
[-1.526,-2.026, 0.187]
[-1.49 ,-2.051, 0.187]
[-1.485,-2.121, 0.187]
[-1.494,-2.215, 0.187]
[-1.513,-2.329, 0.187]
[-1.278,-2.508, 0.187]
[-1.202,-2.464, 0.187]
[-1.131,-2.425, 0.187]
[-1.078,-2.421, 0.187]
[-1.023,-2.41 , 0.187]
[-0.984,-2.434, 0.187]
[-0.942,-2.455, 0.187]
[-0.905,-2.487, 0.187]
[-0.858,-2.492, 0.187]
[-0.822,-2.529, 0.187]
[-0.789,-2.582, 0.187]
[-0.77 ,-2.684, 0.187]
[ 0.407,-1.917, 0.187]
[ 0.435,-1.883, 0.187]
[ 0.461,-1.847, 0.187]
[ 0.492,-1.835, 0.187]
[ 0.518,-1.807, 0.187]
[ 0.557,-1.821, 0.187]
[ 0.586,-1.803, 0.187]
[ 0.625,-1.815, 0.187]
[ 0.686,-1.884, 0.187]
[ 1.18 ,-1.457, 0.187]
[ 0.453,-0.54 , 0.187]
[ 0.44 ,-0.506, 0.187]
[ 0.436,-0.485, 0.187]
[ 0.423,-0.454, 0.187]
[ 0.425,-0.44 , 0.187]
[ 0.427,-0.427, 0.187]
[ 0.445,-0.43 , 0.187]
[ 0.44 ,-0.41 , 0.187]
[ 0.437,-0.394, 0.187]
[ 0.463,-0.403, 0.187]
[ 0.462,-0.388, 0.187]
[ 0.456,-0.369, 0.187]
[ 0.462,-0.361, 0.187]
[ 0.467,-0.352, 0.187]
[ 0.461,-0.335, 0.187]
[ 0.495,-0.347, 0.187]
[ 0.48 ,-0.324, 0.187]
[ 0.517,-0.336, 0.187]
[ 0.507,-0.317, 0.187]
[ 0.53 ,-0.319, 0.187]
[ 0.528,-0.305, 0.187]
[ 0.556,-0.308, 0.187]
[ 0.563,-0.299, 0.187]
[ 0.574,-0.292, 0.187]
[ 0.618,-0.301, 0.187]
[ 2.163,-1.009, 0.187]
[ 1.225,-0.545, 0.187]
[ 1.196,-0.508, 0.187]
[ 1.176,-0.475, 0.187]
[ 1.164,-0.447, 0.187]
[ 1.183,-0.43 , 0.187]
[ 1.184,-0.408, 0.187]
[ 1.178,-0.383, 0.187]
[ 1.189,-0.364, 0.187]
[ 1.217,-0.349, 0.187]
[ 1.216,-0.326, 0.187]
[ 1.231,-0.307, 0.187]
[ 1.264,-0.292, 0.187]
[ 1.3  ,-0.276, 0.187]
[ 2.56 ,-0.498, 0.187]
[ 2.569,-0.453, 0.187]
