1678115940932 1.3834463357925415 0
1678115944629 0.30538612604141235 1
1678115948143 0.1788996458053589 2
1678115951564 0.12459390610456467 3
1678115955382 0.0901312306523323 4
1678115959211 0.07622367888689041 5
1678115962664 0.0625227615237236 6
1678115966156 0.057136982679367065 7
1678115970098 0.05136946961283684 8
1678115974568 0.04616953060030937 9
1678115977837 0.03713597357273102 10
1678115981199 0.047708939760923386 11
1678115984659 0.03702876344323158 12
1678115988048 0.03214685246348381 13
1678115991472 0.03631340339779854 14
1678115994873 0.029189957305788994 15
1678115998110 0.025160400196909904 16
1678116001982 0.02860325388610363 17
1678116005574 0.03379791975021362 18
1678116008925 0.04834923520684242 19
1678116012386 0.03369486704468727 20
1678116015770 0.02752668410539627 21
1678116019065 0.04338064417243004 22
1678116022508 0.030604148283600807 23
1678116025814 0.023740587756037712 24
1678116029450 0.01990983635187149 25
1678116033178 0.018341833725571632 26
1678116036509 0.019601332023739815 27
1678116040044 0.020615272223949432 28
1678116043303 0.020949576050043106 29
1678116046644 0.02055370807647705 30
1678116049837 0.020153580233454704 31
1678116053061 0.0326787494122982 32
1678116056533 0.045095428824424744 33
1678116059959 0.02755742147564888 34
1678116063941 0.026221662759780884 35
1678116067259 0.01953100599348545 36
1678116070506 0.016492437571287155 37
1678116073796 0.013621197082102299 38
1678116077075 0.012867950834333897 39
1678116080251 0.012916567735373974 40
1678116084013 0.05426964536309242 41
1678116087320 0.029106484726071358 42
1678116091277 0.01968950405716896 43
1678116094771 0.01715000532567501 44
1678116098197 0.018684152513742447 45
1678116101508 0.014478588476777077 46
1678116104809 0.013117496855556965 47
1678116108042 0.014113103970885277 48
1678116111441 0.012410561554133892 49
1678116114784 0.011626643128693104 50
1678116119869 0.011028640903532505 51
1678116123579 0.010374389588832855 52
1678116126928 0.010568502359092236 53
1678116130218 0.009743553586304188 54
1678116133562 0.010644616559147835 55
1678116136825 0.012972168624401093 56
1678116140124 0.023940330371260643 57
1678116143379 0.01643042266368866 58
1678116146629 0.010228622704744339 59
1678116150199 0.007819823920726776 60
1678116153852 0.007861601188778877 61
1678116157246 0.01003402378410101 62
1678116160458 0.010408575646579266 63
