header: 
  stamp: 
    sec: 5080
    nanosec: 900000000
  frame_id: odom
child_frame_id: base_footprint
pose: 
  pose: 
    position: 
      x: 0.0010781093418963765
      y: 0.0007900116910962895
      z: 0.008522142427021375
    orientation: 
      x: 0.00023453186859653647
      y: 0.002912188807623934
      z: 4.822150921724549e-05
      w: 0.9999957309038061
  covariance: [1.e-05 0.e+00 0.e+00 0.e+00 0.e+00 0.e+00 0.e+00 1.e-05 0.e+00 0.e+00
 0.e+00 0.e+00 0.e+00 0.e+00 1.e+12 0.e+00 0.e+00 0.e+00 0.e+00 0.e+00
 0.e+00 1.e+12 0.e+00 0.e+00 0.e+00 0.e+00 0.e+00 0.e+00 1.e+12 0.e+00
 0.e+00 0.e+00 0.e+00 0.e+00 0.e+00 1.e-03]
twist: 
  twist: 
    linear: 
      x: -1.0318797405076919e-05
      y: 8.265129068056972e-06
      z: 0.0
  angular: 
      x: 0.0
      y: 0.0
      z: -2.660027413517979e-07
  covariance: [1.e-05 0.e+00 0.e+00 0.e+00 0.e+00 0.e+00 0.e+00 1.e-05 0.e+00 0.e+00
 0.e+00 0.e+00 0.e+00 0.e+00 1.e+12 0.e+00 0.e+00 0.e+00 0.e+00 0.e+00
 0.e+00 1.e+12 0.e+00 0.e+00 0.e+00 0.e+00 0.e+00 0.e+00 1.e+12 0.e+00
 0.e+00 0.e+00 0.e+00 0.e+00 0.e+00 1.e-03]
