1680879576539 0.0012156788665501717 0
1680879581031 0.0022585483819556103 1
1680879584725 0.003765953793500001 2
1680879588081 0.37678250976600663 3
1680879602542 0.09459665824123235 5
1680879611448 0.12779310097817945 7
1680879614397 0.28070762463869475 8
1680879617951 0.3286291600282057 9
1680879626735 0.3414033872199314 12
1680879633010 0.37179862473787817 14
1680879636017 0.44390641413988186 15
1680879642624 0.46178185691748025 17
1680879649444 0.5211463828602643 19
1680879659227 0.5431152621561367 22
1680879665412 0.8017539886791859 24
1680879671015 0.8521639511903191 26
1680879680348 0.8702173315160153 29
1680879694191 0.9175255479095608 34
1680879697517 0.9137237634354974 35
1680879725732 0.9211178146078945 45
1680879742357 0.9262202691811584 51
1680879745125 0.9313663834904046 52
1680879751477 0.9227594932480887 54
1680879760075 0.9325249055164649 57
1680879763046 0.9395145150586579 58
1680879765802 0.9481114776889404 59
1680879768578 0.9455539549274802 60
1680879789419 0.9464782495969647 67
1680879792213 0.9464443435153438 68
1680879798646 0.9404067456837915 70
1680879801429 0.9467291440107227 71
1680879820874 0.9387584418874827 78
1680879840252 0.9512542486075822 85
1680879851145 0.9348300599783741 89
1680879853952 0.9440153928061106 90
1680879856927 0.9538967780384824 91
1680879873940 0.9638218524337875 97
1680879876689 0.947078470658524 98
1680879890416 0.9569421725566452 103
1680879901719 0.9593692072038292 107
1680879904596 0.956897015814886 108
1680879913219 0.9420107489232565 111
1680879921573 0.9585982390882566 114
1680879930267 0.9556302790694052 117
1680879941926 0.9474207836408574 121
1680879950630 0.9519285773232502 124
1680879959391 0.9610822266273242 127
