1680879576539 0.11334301932693606 0
1680879581031 0.18338572754652804 1
1680879584725 0.2786835197779989 2
1680879588081 0.07008830022075055 3
1680879602542 0.27444782071123014 5
1680879611448 0.2412663797138566 7
1680879614397 0.5412280650402613 8
1680879617951 0.6131714490029249 9
1680879626735 0.6620513672025402 12
1680879633010 0.700223535492445 14
1680879636017 0.7027622644073905 15
1680879642624 0.7332544153716163 17
1680879649444 0.7514960200166172 19
1680879659227 0.743080059002561 22
1680879665412 0.7135051249269616 24
1680879671015 0.7772429894473497 26
1680879680348 0.8243631576852368 29
1680879694191 0.8489780182404489 34
1680879697517 0.8812913455367047 35
1680879725732 0.897142843992338 45
1680879742357 0.9051959537498654 51
1680879745125 0.9272411482080338 52
1680879751477 0.9303731946051689 54
1680879760075 0.9230863576769804 57
1680879763046 0.9218320909771532 58
1680879765802 0.9281991482151306 59
1680879768578 0.9268574572367152 60
1680879789419 0.9341682318077072 67
1680879792213 0.9449017537447375 68
1680879798646 0.9392587019628605 70
1680879801429 0.9363367146287307 71
1680879820874 0.9441097859576498 78
1680879840252 0.9347927906648622 85
1680879851145 0.9524327350499844 89
1680879853952 0.9509306626759159 90
1680879856927 0.9429661092057163 91
1680879873940 0.9329931803982577 97
1680879876689 0.9480518419636671 98
1680879890416 0.9433928928846974 103
1680879901719 0.9486231809544511 107
1680879904596 0.9470139934791785 108
1680879913219 0.9574416140296894 111
1680879921573 0.9497972592175232 114
1680879930267 0.9489918152376187 117
1680879941926 0.9593170569540254 121
1680879950630 0.9567542970385056 124
1680879959391 0.9484243852409454 127
