0.9857333302497864
0
0
0
0
0
0
0
0
0
0
0
0
0
0
0
0
0
0
0
0
0
0
0
0
0
0
0
0
0
0
0
0
0
0
0
0
0
0
1.810866117477417
1.790724515914917
1.7637447118759155
1.7549538612365723
1.7569531202316284
1.7550039291381836
1.7737436294555664
1.7781507968902588
1.82369863986969
0
0
0
0
0
0
0
0
0
0
0
0
0
0
0
0
0
2.6003096103668213
2.5381338596343994
2.49135160446167
2.493593215942383
2.5099234580993652
2.52139949798584
2.5555787086486816
0
0
0
0
0
0
0
0
0
0
0
0
0
0
0
0
0
0
0
0
0
0
0
0
0
0
0
0
0
0
1.6202598810195923
1.576813817024231
1.541366457939148
1.5367944240570068
1.54044508934021
1.5186293125152588
1.5284557342529297
1.549834966659546
1.5699467658996582
1.5802092552185059
1.657516360282898
0
0
0
0
0
0
0
0
0
0
0
0
3.0256221294403076
2.9724347591400146
2.9501519203186035
2.9464774131774902
2.97493839263916
3.0320568084716797
0
0
0
0
0
0
0
0
0
0
0
0
0
0
0
0
0
0
0
0
0
0
0
0
0
0
0
1.7356840372085571
1.7075732946395874
1.6817361116409302
1.676867961883545
1.6838666200637817
1.679081678390503
1.7124980688095093
1.7312870025634766
1.7480576038360596
0
0
0
0
0
0
0
0
0
0
0
0
0
0
0
0
0
0
0
0
0
0
0
0.7274019122123718
0.6828946471214294
0.6551801562309265
0.6605290174484253
0.6646593809127808
0.6556062698364258
0.6213145852088928
0.6342172026634216
0.6182993054389954
0.6283624172210693
0.6316455602645874
0.6298587918281555
0.6484981179237366
0.6248550415039062
0.6277079582214355
0.6419578790664673
0.6250796914100647
0.6402987241744995
0.6345481872558594
0.6567371487617493
0.6514466404914856
0.6884430646896362
0.7102400064468384
2.884145498275757
0
0
0
0
0
0
0
0
0
0
0
0
0
0
0
0
0
0
0
0
0
0
0
1.5971144437789917
1.5520333051681519
1.547232747077942
1.5225569009780884
1.5252710580825806
1.528350830078125
1.5259134769439697
1.5203113555908203
1.5271819829940796
1.5781238079071045
0
0
0
0
0
0
0
0
0
0
0
0
0
0
0
0
0
0
0
0
2.086409330368042
2.0510268211364746
2.031940221786499
2.00767183303833
2.006190299987793
2.0403928756713867
2.0426652431488037
2.0900280475616455
3.2030439376831055
3.1620771884918213
3.1738877296447754
3.213132381439209
3.2587194442749023
0
0
0
0
0
0
0
0
0
0
0
0
0
0
0
0
0
0
0
1.5373704433441162
1.462194800376892
1.4506442546844482
1.4230564832687378
1.4197680950164795
1.4098566770553589
1.4089771509170532
1.394643783569336
1.4199721813201904
1.4373390674591064
1.4564919471740723
1.4989633560180664
0
0
2.8746156692504883
2.852857828140259
2.8085415363311768
2.840489387512207
2.8438053131103516
2.9142563343048096
0
0
0
0
0
0
0
0
0
0
0
0
0
0
0
0
0
0
0
0
0
0
0.9692882895469666
0.9182227253913879
0.8700481057167053
0.8715964555740356
0.8738372921943665
0.8488489389419556
0.8638489842414856
0.8499270081520081
0.8497452735900879
0.8550906777381897
0.8496504426002502
0.8518465161323547
0.8493855595588684
0.8703093528747559
0.8739614486694336
0.8946245908737183
0.9037858247756958
0.914364218711853
0.9489697813987732
