0.7408121824264526
0.7518328428268433
0.7382194995880127
0.7315548062324524
0.7414820194244385
0.735743522644043
0.7306596636772156
0.7329719066619873
0.7437595725059509
0.7509811520576477
0.756667971611023
0.7710106372833252
0.7670415043830872
0.8027448654174805
0.8045902848243713
0.8364116549491882
0
0
0
0
0
0
0
0
0
0
0
0
0
0
0
0
0
0
0
0
0
0
0
2.4245951175689697
2.3745856285095215
2.3742117881774902
2.3587841987609863
2.360698699951172
2.379038095474243
2.421038866043091
0
0
0
0
0
0
0
0
0
0
0
0
0
0
0
0
0
0
0
0
0
0
0
0
0
0
0
0
0
0
0
0
0
3.261603832244873
3.231901168823242
3.2189903259277344
3.237593173980713
3.2757155895233154
0
0
0
0
0
0
0
0
0
1.8504037857055664
1.807448148727417
1.8053288459777832
1.7883100509643555
1.7816150188446045
1.7825045585632324
1.8036866188049316
1.8177335262298584
1.8615370988845825
0
0
0
0
0
0
0
0
0
0
0
0
0
0
0
0
0
0
0
0
0
0
0
0
0
0
0
0
0
0
0
0
0
0
0
0
0
0
0
0
0
0
0
0
0
0
0
0
0
0
0
0
0
0
0
0
0
0
0
0
0
0
0
0
0
0
0
0
0
0
0
0
0
0
0
0
0
0
0
0
0
0
0
0
0
0
0
0
0
0
0
0
0
0
0
0
0
0
0
0
0
0
0
0
0
0
0
0
0
0
0
0
0
0
0
0
0
0
0
0
0
0
0
0
0
0
0
0
0
0
0
0
0
0
0
0
0
0
0
0
0
0
0
0
0
0
0
0
0
0
0
0
0
0
0
0
0
0
0
0
0
0
0
0
0
0
0
0
0
0
0
0
0
0
0
0
0
0
0
0
0
0
0
0
0
0
0
0
0
0
0
0
0
0
0
0
0
0
0
0
0
0
0
0
0
0
0
0
0
0
0
0
0
0
0
0
0
0
0
0
0
0
0
0
0
0
0
0
0
0
0
0
0
0
0
0
0
0
0
0
0
0
0
0
0
0
0
0
0
0
0
0
0.8305349946022034
0.8143553137779236
0.7947805523872375
0.7649728655815125
0.7442067861557007
0.758660078048706
