0
0
0
0
0
0
0
0
1.0036083459854126
0.9544069170951843
0.9486380219459534
0.9318481683731079
0.9148459434509277
0.9029611945152283
0.8980099558830261
0.8822521567344666
0.8772130608558655
0.8825361132621765
0.8904365301132202
0.904138445854187
0.909588098526001
0.8997564911842346
0.9279621243476868
0.9362876415252686
0.9571305513381958
0.9945151805877686
0
0
0
0
0
0
0
0
0
0
0
0
0
0
0
0
0
0
0
0
0
0
0
0
0
0
0
0
0
0
0
0
0
0
0
0
0
0
2.2658088207244873
2.209646224975586
2.2063097953796387
2.196289300918579
2.1965386867523193
2.1947696208953857
2.238203287124634
2.2865114212036133
0
0
0
0
0
0
0
0
0
0
0
0
0
0
0
0
0
0
0
0
0
0
0
0
0
0
0
0
0
0
0
0
0
0
0
0
0
0
0
0
0
1.488547444343567
1.4693200588226318
1.446798324584961
1.435965657234192
1.448323130607605
1.4223450422286987
1.4278931617736816
1.462798833847046
1.4579802751541138
1.4721119403839111
1.5058835744857788
3.0364506244659424
3.023751735687256
3.009713888168335
3.031381130218506
3.10799503326416
0
0
0
0
0
0
0
0
0
0
0
0
0
0
0
0
0
0
0
0
0.6265324354171753
0.5951657295227051
0.5874738097190857
0.5500255227088928
0.5549776554107666
0.558785617351532
0.5397310853004456
0.5459039807319641
0.5336942076683044
0.5290466547012329
0.5135270357131958
0.5283457040786743
0.5279055833816528
0.5271664261817932
0.53746098279953
0.5325070023536682
0.5161054134368896
0.5356264114379883
0.5313228964805603
0.5284674167633057
0.5513155460357666
0.5618289113044739
0.5684335827827454
0.5636786818504333
0.5808184742927551
0.6034505367279053
0.6588528752326965
0
0
0
0
0
0
0
0
0
0
0
0
0
0
1.6741031408309937
1.6631546020507812
1.6214678287506104
1.6272454261779785
1.5985107421875
1.6500060558319092
1.6206785440444946
1.631862759590149
1.6663618087768555
1.740695595741272
0
0
0
0
0
0
0
0
0
0
0
0
0
2.4658124446868896
2.4352755546569824
2.408946990966797
2.4104974269866943
2.4056944847106934
2.4225332736968994
2.488151788711548
0
0
0
0
0
0
0
0
0
0
0
0
0
0
0
0
0
0
0
0
0
0
0
0
0
0
0
0
0
0
0
0
0
0
0.5947585701942444
0.5814836621284485
0.5597258806228638
0.5300920009613037
0.5490099787712097
0.5291863679885864
0.527995765209198
0.5193943381309509
0.4956026077270508
0.4922657310962677
0.5037363171577454
0.4877908527851105
0.49906960129737854
0.495928555727005
0.48908236622810364
0.4903193712234497
0.49147236347198486
0.49678242206573486
0.5150773525238037
0.522931694984436
0.509539783000946
0.5152462720870972
0.5291615724563599
0.5290733575820923
0.5489365458488464
0.5654743909835815
0.5670729279518127
0.6139509081840515
0
0
0
0
0
0
0
0
0
0
0
0
0
0
0
0
0
0
0
0
0
0
0
0
0
0
0
0
0
0
0
0
0
0
0
0
0
0
0
0
0
1.8942310810089111
1.8367737531661987
1.8308509588241577
1.8291842937469482
1.8138762712478638
1.8155971765518188
1.8382478952407837
1.846186876296997
1.88503098487854
0
0
0
0
0
0
0
0
0
0
0
0
0
0
0
0
0
0
0
0
0
0
0
0
0
0
0
0
