0
0
0
0
0
0
0
0
0
0
0
0
0
0
0
0
0
0
0
0
0
0
0
0
0
0
0
2.48799467086792
2.4631285667419434
2.415804147720337
2.434988021850586
2.441452741622925
2.476330041885376
2.541639804840088
0
0
0
0
0
0
0
0
0
0
0
0
0
0
0
0
0
0
0
0
0
0
0
0
0
0
0
0
0
0
0
0
0
0
0
0
0
0
0.9528791308403015
0.9178450107574463
0.8806808590888977
0.8602733016014099
0.8549904227256775
0.8443810939788818
0.822191596031189
0.8385292887687683
0.8263089656829834
0.8216503858566284
0.8367865681648254
0.8382369875907898
0.8544992804527283
0.8459238409996033
0.8410306572914124
0.8811102509498596
0.8784776329994202
0.9102261066436768
0.9389984607696533
0
0
0
0
0
0
0
0
0
0
0
0
0
0
0
0
0
0
0
0
2.5649914741516113
2.521728754043579
2.4846489429473877
2.475367784500122
2.4779977798461914
2.5182511806488037
2.5583457946777344
0
0
0
0
0
0
0
0
0
0
0
0
0
0
0
0
0
0
0
0
0
0
0
0
0
0
0
0
0
0
0
0
0
1.900806188583374
1.840850830078125
1.8369972705841064
1.8240031003952026
1.8050925731658936
1.8263912200927734
1.8445117473602295
1.8616244792938232
1.974048376083374
0
0
0
0
0
0
0
0
0
0
0
0
0
0
0
0
0
0
0
0
0
0
0
0
0
0
0
0
0
0
0
0
0
2.8974862098693848
2.8175501823425293
2.7935571670532227
2.7803380489349365
2.796518087387085
2.864879846572876
0
0
0
0
0
1.412798523902893
1.3770976066589355
1.3479704856872559
1.3358683586120605
1.320426344871521
1.355900764465332
1.331821322441101
1.340084433555603
1.3587000370025635
1.3781970739364624
1.3837709426879883
1.4502134323120117
0
0
0
0
0
0
0
0
0
0
0
0.42300403118133545
0.4027169644832611
0.3939116597175598
0.3998661935329437
0.37726306915283203
0.35749220848083496
0.3599197566509247
0.3625674843788147
0.3549266457557678
0.3525884449481964
0.35619714856147766
0.3318237066268921
0.33504828810691833
0.3398680090904236
0.3416425883769989
0.3389528691768646
0.32992303371429443
0.3293222188949585
0.33941128849983215
0.34061771631240845
0.3574049770832062
0.3462561368942261
0.34708696603775024
0.36000126600265503
0.3490777909755707
0.34400925040245056
0.3403298854827881
0.35815301537513733
0.33722245693206787
0.35052424669265747
0.36488401889801025
0.3728024959564209
0.39725586771965027
0.39433348178863525
0.377716988325119
0.4163481295108795
0.44631725549697876
0
0
0
0
0
0
0
0
0
0
0
0
0
0
0
0
2.022928476333618
1.9446099996566772
1.9182710647583008
1.8958861827850342
1.8906720876693726
1.9272862672805786
1.9221323728561401
1.9529175758361816
1.95071280002594
0
0
0
0
0
0
0
0
0
0
0
0
0
0
0
0
0
1.274652123451233
1.242634654045105
1.2280914783477783
1.209867000579834
1.1899865865707397
1.2017849683761597
1.1971060037612915
1.1815398931503296
1.1958123445510864
1.2206823825836182
1.230056643486023
1.2429707050323486
1.25925612449646
0
0
0
0
0
0
0
0
0
0
0
0
0
0
0
0
0
0
0
3.4755640029907227
3.461364984512329
3.459186315536499
3.5
0
0
0
0
1.8667864799499512
1.802523136138916
1.7507444620132446
1.743882179260254
1.7253273725509644
1.7164818048477173
1.7260171175003052
1.7337336540222168
1.7632197141647339
1.7822810411453247
0
0
0
0
