0
0
0
0
0
0
0
1.053263783454895
1.0211421251296997
1.002751350402832
0.9743203520774841
0.968338668346405
0.9652902483940125
0.9593694806098938
0.9592265486717224
0.9492169618606567
0.9537142515182495
0.9416273832321167
0.9548934698104858
0.9641364812850952
0.9939287900924683
1.0071533918380737
1.0145013332366943
1.0547258853912354
0
0
0
0
0
0
0
0
0
0
0
0
0
0
0
0
0
0
0
0
0
0
0
0
0
0
0
0
0
0
0
0
0
0
0
0
0
0
0
0
0
0
0
0
0
0
0
0
0
0
0
0
0
0
0
0
0
0
0
2.3996057510375977
2.333980083465576
2.279994487762451
2.2677061557769775
2.2884271144866943
2.291430950164795
2.3038578033447266
2.356389284133911
0
0
0
0
0
0
0
0
0
0
0
0
0
0
0
0
0
0
0
0
0
0
0
0
0
0
0
0
0
0
0
0
0
0
0
0
0
0
0
0
0
0
0
0
0.9049409627914429
0.8912329077720642
0.8798884749412537
0.8772855997085571
0.8434988856315613
0.8585512042045593
0.8354429006576538
0.8455432653427124
0.8480191826820374
0.8417257070541382
0.8406265377998352
0.8402787446975708
0.8514083027839661
0.8647345304489136
0.8710783123970032
0.8765543699264526
0.9100786447525024
0.9484065771102905
0
0
0
0
0
0
0
0
0
0
0
0
0
0
0
0
0
0
0
0
0
0
2.9078330993652344
2.8857009410858154
2.8597965240478516
2.879725933074951
2.903153896331787
0
1.8666532039642334
1.7895374298095703
1.7463966608047485
1.727486252784729
1.7249499559402466
1.739476203918457
1.720029354095459
1.7235496044158936
1.7713696956634521
1.8241370916366577
0
0
0
0
0
0
0
0
0
0
0
0
0
3.4486429691314697
3.422255516052246
3.427842378616333
3.464660406112671
0
0
0
0
0
0
0
0
0
0
2.8385355472564697
2.7446587085723877
2.7259373664855957
2.735172748565674
2.7270894050598145
2.7608888149261475
2.8543860912323
0
0
0
0
0
0
0
0
0
0
0
0
0
0
0
0
0
0
0
0
0
0
0
0
2.7359414100646973
2.6613214015960693
2.642463445663452
2.6208877563476562
2.6084532737731934
2.628506898880005
0.792774498462677
0.7924724817276001
0.7877795696258545
0.7222025394439697
0.7581995725631714
0.7392808794975281
0.7296035289764404
0.7266122102737427
0.7268839478492737
0.7151812314987183
0.7194368839263916
0.7074208855628967
0.716846227645874
0.7402092218399048
0.7371887564659119
0.7298893928527832
0.7698867917060852
0.7666422724723816
0.8003243803977966
0.7901288866996765
0
2.4284355640411377
2.4155752658843994
2.386979818344116
2.397754430770874
2.400888681411743
2.419023275375366
2.491769790649414
0
0
0
0
0
0
0
0
0
0
0
0
0
0
0
0
0
0
0
0
0
0
0
0
0
0
0
0
0
0
0
0
0
0
0
0
0
0
0
0
0
0
0
0
0
0
0
0
0
0
0
0
0
0
0
0
0
0
0
0
0
0
0
0
0
0
0
0
0
0
0
0
0
0
0
0
0
