0
0
0
0
0
0
0
0
0
0
0
0
0
0
0
0
0
0
0
0
0
0
0
0
0
0
0
2.7396957874298096
2.660942554473877
1.257827639579773
1.2174551486968994
1.1904828548431396
1.1759628057479858
1.146131992340088
1.16512930393219
1.1635775566101074
1.1501891613006592
1.1590226888656616
1.1590518951416016
1.1702096462249756
1.1849578619003296
1.218139410018921
1.2459607124328613
0
0
0
0
0
0
0
0
0
0
0
0
0
0
0
0
0
0
0
0
0
0
0
0
2.903230667114258
2.8613250255584717
2.8282880783081055
2.8642077445983887
2.878063917160034
2.9192190170288086
0
0
0
0
0
1.350703239440918
1.309058427810669
1.3269487619400024
1.276216983795166
1.273208498954773
1.2650507688522339
1.2698384523391724
1.272839903831482
1.2907044887542725
1.3035392761230469
1.327582597732544
1.346345067024231
0
0
0
0
0
0
0
0
0
0
0
0
0
0
0
0
2.6142241954803467
2.5802481174468994
2.544663190841675
2.547847032546997
2.5514652729034424
2.5631136894226074
2.6386070251464844
0
0
0
0
0
0
0
0
0
0
0
0
3.3612215518951416
3.3425261974334717
3.3384227752685547
3.370586395263672
3.4535717964172363
0
0
0
0
0
0
0
0
0
0
0
0
0
0
0
0
0
0
0
2.351719379425049
2.2862234115600586
2.2641077041625977
2.2390339374542236
2.2431397438049316
2.227484703063965
2.281636953353882
2.3267645835876465
0
0
0
0
0
0
0
0
0
0
0
0
0
0
0
0
3.476925849914551
3.442927837371826
0.5929214954376221
0.5650114417076111
0.5479115843772888
0.5283076167106628
0.5301411747932434
0.5190256237983704
0.5101675987243652
0.497317373752594
0.5035666823387146
0.4850836396217346
0.488631933927536
0.47514808177948
0.47845950722694397
0.4667225182056427
0.4774637520313263
0.49784359335899353
0.4819873869419098
0.49910274147987366
0.48078569769859314
0.4825790822505951
0.5106090903282166
0.5044556856155396
0.514244019985199
0.5047413110733032
0.5211312174797058
0.5270057320594788
0.5478066802024841
0.5519546270370483
0.5837612152099609
0
0
0
0
0
0
0
0
0
0
0
0
0
0
0
0
0
0
0
0
0
0
0
0
0
0
0
0
0
0
0
0
0
0
0
0
0
0
0
0
0
0
0
0
0
0
0
0
2.2914412021636963
2.211134433746338
2.198127508163452
2.1648340225219727
2.1764814853668213
2.181588649749756
2.204422950744629
2.249121904373169
0
0
0
0
0
0
0
0
0
0
0
0
0
0
0
0
0
0
0
0
0
0
0
0.8053823113441467
0.7540522217750549
0.7503304481506348
0.7440716028213501
0.731060266494751
0.7177377343177795
0.6965111494064331
0.7052337527275085
0.6954083442687988
0.698614239692688
0.7037947177886963
0.6999247074127197
0.6871381402015686
0.7134968638420105
0.7035260200500488
0.7197343707084656
0.7127328515052795
0.7459668517112732
0.7295689582824707
0.7585812211036682
0.7556624412536621
0.7923984527587891
0
0
0
0
0
0
0
0
0
0
0
0
0
0
0
0
0
0
0
0
0
0
0
0
0
0
0
0
0
0
1.3921970129013062
1.3378809690475464
1.313857913017273
1.291445016860962
1.277606725692749
1.2797361612319946
1.2807568311691284
1.2804524898529053
1.2884694337844849
1.2894824743270874
1.3021354675292969
1.3205772638320923
1.3672834634780884
0
0
0
0
0
0
0
0
0
0
0
0
