0
0
0
0
0
0
0
0
0
0
0
0
0
0
0
0
0
0
0
0
0
0
0
0
0
0
0
0
0
0
0
0
0
0
0
0
0
0
0
0
0
0
0
0
0
0
0
0
0
0
0
0
0
0
0
0
0
0
0
0
0
0
0
0
0
0
0
0
0
0
0
0
0
0
0
0
0
0
0
0
1.5976307392120361
1.5696792602539062
1.5335689783096313
1.5374635457992554
1.5170882940292358
1.5136797428131104
1.5307071208953857
1.5315982103347778
1.5493247509002686
1.5649216175079346
1.606558084487915
0
0
0
0
0
0
0
0
0
0
0
0
0
0
0
0
0
0
0
0
0
0.6567582488059998
0.5938351154327393
0.5836457014083862
0.5746366381645203
0.5673877596855164
0.555873692035675
0.5430669188499451
0.5520625710487366
0.5368404984474182
0.518902063369751
0.5280253291130066
0.5174166560173035
0.5084026455879211
0.5202460885047913
0.5254305005073547
0.5178182125091553
0.5312595367431641
0.5190096497535706
0.542904257774353
0.5492406487464905
0.5482109189033508
0.5519953966140747
0.5514349341392517
0.5540237426757812
0.586974024772644
0.5932086706161499
0.6250487565994263
0
0
0
0
0
0
0
0
0
0
0
0
0
0
0
0
0
0
0
0
0
3.06534743309021
3.03153657913208
3.013127088546753
3.02978515625
3.0826847553253174
0
0
0
0
0
0
0
0
0
0
0
0
0
0
0
0
1.658240795135498
1.6453229188919067
1.6023914813995361
1.591531753540039
1.588290810585022
1.5796912908554077
1.597243309020996
1.605289340019226
1.6288295984268188
1.6472389698028564
0
0
0
0
0
2.66166615486145
2.612302541732788
2.6100831031799316
2.6114137172698975
2.6047780513763428
2.659175395965576
0
0
0
0
0
0
0
0
0
0
0
0
0
0
0
0
0
0
0
0
0
3.1960437297821045
3.150728702545166
3.115596294403076
3.1472625732421875
3.1816389560699463
0
0
0
0
0
0
0
0
0
0
0
0
1.4776614904403687
1.422242283821106
1.403290033340454
1.379977822303772
1.3633137941360474
1.3511372804641724
1.3377176523208618
1.3674161434173584
1.378492832183838
1.388161063194275
1.3982369899749756
1.4273070096969604
0
0
0
0
3.1169493198394775
3.037914752960205
3.0132153034210205
2.996342658996582
3.0327486991882324
3.062692880630493
0
0
0
0
0
0
0
0
0
0
0
0
0
0
0
0
0
0
0
0
0
0
0
0
0
0
0
0
0
0
0
0
0
0
0
0
0
0
0
0
0
0
0
1.540644884109497
1.5075957775115967
1.488616704940796
1.485970377922058
1.5004392862319946
1.4879367351531982
1.4779390096664429
1.4935868978500366
1.4978834390640259
1.5241252183914185
1.5598845481872559
0
0
0
0
0
0
0
0
0
0
0
0
0
0
0
0
0
0
0
0
0
0
0
0
0
0
0
0
0
0
0
0
0
0
0
0
0
0
0
0
0
0
0
0
