0
0
0
0
0
0
0
0
0
0
0
0
0
0
1.0047723054885864
0.9762388467788696
0.9469588994979858
0.9384427666664124
0.9230790138244629
0.9199107885360718
0.9177538156509399
0.907024621963501
0.9109882116317749
0.9116323590278625
0.8892877101898193
0.9239270687103271
0.9261549711227417
0.9310851097106934
0.9435663819313049
0.944139301776886
0.9925365447998047
2.5608017444610596
2.5698459148406982
2.5897462368011475
2.6388258934020996
0
0
0
0
0
0
0
0
0
0
0
0
0
0
0
0
0
0
0
0
0
0
0
0
0
0
3.1071395874023438
3.056833028793335
3.039943218231201
3.0194859504699707
3.051178455352783
3.082653522491455
0
0
0
0
0
0
0
0
0
0
0
0
0
0
0
0
0
0
0
0
0
0
0
0
0
0
0
0
0
0
0
0
0
0
0
0
0
0
0
0
0
0
0
0
0
0
0
0
0
0
0
0
0
0
0
0
0
0
0
0
0
0
0
0
0
0
0
0
0
0
0
0
0
0
0
0
0
0
0
0
0
0
0
0
0
0
0
0
0
0
0
0
0
0
0
0
0
0
0
0
0
0
0
0
0
0
0
0
0
0
0
0
0
0
0
0
0
0
0
0
0
0
0
0
0
0
0
0
0
0
0
0
0
0
0
0
0
0
0
0
0
0
0
0
0
0
0
0
0
0
0
0
0
0
0
0
0
0
0
0
0
0
0
0
0
0
0
0
0
0
0
0
0
0
0
0
0
0
0
0
0
0
0
0
0
0
0
0
0
0
0
0
0
0
0
0
0
0
0
0
0
0
0
0
0
0
0
0
0
0
0
0
0
0
0
0
0
0
0
0
0
0
0
0
0
0
0
0
0
0
0
0
0
0
0
0
0
0
0
0
0
0
0
0
0
0
0
0
0
0
0
0
0
0
0
0
0
0
0
0
0
0
0
0
0
0
0
0
0
0
0
0
0
0
0
0
0
0
0
0
0
0
0
0
3.0729575157165527
3.042459487915039
3.027061939239502
3.05033540725708
3.0766444206237793
3.161433696746826
0
0
0
