0
0
0
0
0
0
2.6916377544403076
2.63635516166687
2.6185073852539062
2.6068873405456543
2.6156201362609863
2.635050058364868
2.687998056411743
0
0
0
0
0
0
0
0
0
0
0
0
0
0
0
0
0
0
0
0
0
0
0
0
0.6810588836669922
0.6427280306816101
0.6187732219696045
0.6193853616714478
0.6080317497253418
0.5954642295837402
0.5909059047698975
0.5927474498748779
0.5629571676254272
0.5571426153182983
0.5783151984214783
0.577136218547821
0.5744751691818237
0.5692437887191772
0.5704923272132874
0.5725386738777161
0.5676632523536682
0.5909047722816467
0.585992693901062
0.5943374633789062
0.5909027457237244
0.6081774830818176
0.6156845688819885
0.6427401900291443
0.6402537822723389
0.7155828475952148
0
0
0
0
0
0
0
0
0
0
0
0
0
0
0
0
0
0
0
0
2.455594301223755
2.4129796028137207
2.4190683364868164
2.4186887741088867
2.4409074783325195
2.4470467567443848
2.525207281112671
0
0
0
0
0
0
0
0
0
0
0
0
0
0
0
0
0
0
0
0
0
0
0
0
0
0
0
0
0
0
0
0
0
0
0
0
0
0
3.384873151779175
3.3671836853027344
3.348667860031128
3.376690626144409
1.880351185798645
1.7978957891464233
1.78756844997406
1.7943615913391113
1.7898942232131958
1.7807693481445312
1.8113888502120972
1.819028377532959
1.8420237302780151
0
0
0
0
0
0
0
0
0
0
0
0
0
0
0
0
0
0
0
0
0
0
0
0
0
0
0
0
0
0
0
0
0
0
0
0
0
0
0
0
0
0
0
0
0
0
0
0
0
0
0
0
0
0
0
0
0
0
0
0
0
0
0
0
0
0
0
0
0
0
0
0
0
0
0
0
0
0
0
0
0
0
0
0
0
0
0
0
0
0
0
0
0
0
0
0
0
0
0
0
0
0
0
0
0
0
0
0
0
0
0
0
0
0
0
0
0
0
0
0
0
0
0
0
0
0
0
0
0
0
0
0
0
0
0
0
0
0
0
0
0
0
0
0
0
0
0
0
0
0
0
0
0
0
0
0
0
0
0
0
0
0
0
0
0
0
0
0
0
0
0
0
0
0
0
0
0
0
0
0
0
0
0
0
0
0
0
0
0
0
0
0
0
0
0
0
0
0
0
0
0
0
0
0
0
0
0
0
0
0
0
0
0
0
0
0
0
0
0
