0
0
2.706726312637329
2.645026683807373
2.603419780731201
2.569882392883301
2.578866720199585
2.6014211177825928
2.656275749206543
0
0
0
0
0
0
0
0
0
0
0
0
0
0
0
0
0
0
0
0
0
0
0
0
0
0
0
0
0
0
0
0
0
0
0
0
0
0
0
0
0
0
0
0
0
0
0
0
1.8602726459503174
1.777217984199524
1.7294461727142334
1.7415579557418823
1.7278209924697876
1.721738338470459
1.7268741130828857
1.7460099458694458
1.759657859802246
1.810181736946106
0
0
0
0
0
0
0
0
0
0
0
0
0
0
0
0
0
0
0
0
0
0
0
0
0
0
0
0
0
0
0
0
0
0
0
0
0
0
0
2.2590227127075195
2.207451105117798
2.1973061561584473
2.1796188354492188
2.183372735977173
2.1902434825897217
2.231095552444458
2.298638343811035
0
0
0
0
0
0
0
0
0
0
0
0
0
0
0
0
0
0
0
0
0
0
0
0
0
0
0
0
0
2.6106536388397217
2.5767972469329834
2.5718421936035156
2.565134286880493
2.6106650829315186
2.628455638885498
0
0
0
0
0
0
0
0
0
0
0
0
0
0
0
0
0
0
0
0
0
0
0
0
0
0
0
0
0
0
0
0
3.2311289310455322
1.169291377067566
1.1416306495666504
1.1000906229019165
1.0971596240997314
1.0867787599563599
1.0810720920562744
1.0785599946975708
1.0756397247314453
1.0935227870941162
1.062249779701233
1.1082909107208252
1.0995988845825195
1.1323195695877075
1.1511820554733276
1.1927436590194702
0
0
0
0
0
0
0
0
0
0
0
0
0
0
2.466252326965332
2.420363187789917
2.379638910293579
2.3825531005859375
2.3867502212524414
2.4224133491516113
2.428870677947998
0
0
0
0
0
0
0
0
0
0
0
0
0
0
0
0
0
0
0
0
0
0
0
0
0
0
1.9324829578399658
1.9047566652297974
1.8726953268051147
1.8543145656585693
1.867360234260559
1.8645625114440918
1.870551586151123
1.9077154397964478
1.961802363395691
0
0
0
0
0
0
0
0
0
0
0
0
0
3.326441526412964
3.29610013961792
3.2820680141448975
3.3079018592834473
3.3574275970458984
0
0
0
0
0
0
0
0
1.5826815366744995
1.5654754638671875
1.518991470336914
1.5158910751342773
1.489766001701355
1.4876959323883057
1.5003389120101929
1.5172749757766724
1.5377141237258911
1.5555559396743774
1.5932419300079346
0
0
0
0
0
0
0
0
0
0
0
0
0
0
0
0
0
0
0
0
0
0
0
0
0
0
0
0
0
0
0
0
0
0
0
0
2.6125264167785645
2.539567708969116
0.9998354911804199
0.9511763453483582
0.9255416393280029
0.9109589457511902
0.9045056104660034
0.9070755839347839
0.8858380913734436
0.868401825428009
0.874801754951477
0.9007787108421326
0.8793333768844604
0.8758546113967896
0.8903042078018188
0.8849177956581116
0.922259509563446
0.91044020652771
0.9287599921226501
0.9409059286117554
0
0
0
0
0
0
0
0
0
0
0
0
0
0
