0
0
0
0
0
0
0
0
0
0
0
0
0
0
1.945224404335022
1.8809735774993896
1.846650242805481
1.8315165042877197
1.8316805362701416
1.8323184251785278
1.8285518884658813
1.8474749326705933
1.8765472173690796
1.9366991519927979
0
0
0
0
0
0
0
0
0
0
0
0
0
0
0
0
0
0
0
0
0
0
0
0
0
0
0
0
0
0
0
0
0
0
0
0
0
0
0
0
0
0
0
0
0
0
0
0
0
0
0
0
0
0
0
0
0
0
0
0
0
0
0
0
0
0
0
0
0
0
0
0
0
0
0
0
0
0
0
0
0
0
0
0
0
0
0
0
0
0
0
0
0
0
0.6315841674804688
0.5966877341270447
0.58642578125
0.5812986493110657
0.5591035485267639
0.570911169052124
0.5512075424194336
0.5344423651695251
0.5289074182510376
0.5273042321205139
0.5301293730735779
0.512505054473877
0.5251103639602661
0.5324249267578125
0.519507884979248
0.5300020575523376
0.5202438831329346
0.5179612636566162
0.5400364398956299
0.5341562628746033
0.5297247171401978
0.5289807319641113
0.5669775605201721
0.559208333492279
0.5863276720046997
0.6028515696525574
0.6173365712165833
0
0
0
0
0
0
0
0
0
0
0
0
0
0
0
0
0
0
0
0
0
0
0
0
0
0
0
0
0
0
0
0
0
0
0
2.017552614212036
1.97225022315979
1.9375972747802734
1.938435435295105
1.9365501403808594
1.9335887432098389
1.9445677995681763
1.9953263998031616
0
0
0
0
0
0
0
0
0
0
0
0
0
0
0
0
0
0
0
3.152524709701538
3.068402051925659
3.059597969055176
3.059457302093506
3.058295726776123
3.1143131256103516
0
0
0
0
0
0
0
0
0
0
0
0
0
0
0
0
0
0
0
0
0
0
0
0
0
0
0
0
0
0
0
0
2.389989137649536
2.296583414077759
2.288224935531616
2.261439085006714
2.2700459957122803
2.267914056777954
2.3053557872772217
2.3599390983581543
0
0
0
0
0
0
0
0
0
0
0
0
0
0
0
0
0
0
0
0
0
0
0
0
3.234684467315674
3.159508228302002
3.1193854808807373
3.125664710998535
3.1572840213775635
3.2189431190490723
0
0
0
0
0
0
0
0
0
0
0
0
0
2.553014039993286
2.493593692779541
2.4772727489471436
2.465885877609253
2.479678153991699
2.488281726837158
2.5405356884002686
0
0
0
1.2960532903671265
1.255856990814209
1.2482417821884155
1.2321665287017822
1.205829381942749
1.2209192514419556
1.2102078199386597
1.2140933275222778
1.2244980335235596
1.2248824834823608
1.2222661972045898
1.2681553363800049
1.2985217571258545
0
0
0
0
0
0
0
0
0
0
0
0
0
0
0
0
0
0
0
2.5977323055267334
2.5779569149017334
2.5343687534332275
2.5422821044921875
2.5684468746185303
2.5925660133361816
2.638192892074585
0
0
0
0
0
0
0
0
0
0
0
0
0
0
0
