0
0
2.981806755065918
2.903225898742676
2.890690565109253
2.8799843788146973
2.870974063873291
2.921567440032959
2.996325969696045
0
0
0
0
0
0
0
0
0
0
0
2.2147231101989746
1.1046079397201538
1.086305022239685
1.0411723852157593
1.0300240516662598
1.0146307945251465
1.0225273370742798
1.011491298675537
0.9946994781494141
0.995991051197052
1.009278655052185
1.0197412967681885
1.0111289024353027
1.0188242197036743
1.0214593410491943
1.0519192218780518
1.0891592502593994
0
0
0
0
0
0
0
0
0
0
0
0
0
0
0
0
0
2.494493007659912
2.44999098777771
2.431206703186035
2.4100687503814697
2.435534954071045
2.458693265914917
2.4939074516296387
0
0
0
0
0
0
0
0
0
0
0
0
0
0
0
0
0
0
0
0
0
0
0
0
0
0
0
0
0.7881067991256714
0.7397719025611877
0.7211382389068604
0.713961660861969
0.6759305596351624
0.7026227116584778
0.6863836646080017
0.6736195683479309
0.6480345726013184
0.6482129096984863
0.6660029888153076
0.6729528903961182
0.6659546494483948
0.6412470936775208
0.6826651096343994
0.6530319452285767
0.6620747447013855
0.6853119134902954
0.6843166351318359
0.6955474019050598
0.71800696849823
0.7258644104003906
0.7824390530586243
0
0
0
0
0
0
0
0
0
0
0
0
0
0
0
0
0
0
0
0
0
0
0
0
0
0
0
0
0
0
0
0
0
0
0
0
0
0
0
0
0
0
0
0
0
0
0
0
0
0
0
0
0
0
0
0
0
0
0
0
1.4951927661895752
1.4769492149353027
1.457686185836792
1.4309115409851074
1.4363737106323242
1.4327490329742432
1.435718297958374
1.450882911682129
1.467058539390564
1.4893327951431274
1.5246994495391846
0
0
0
0
0
0
0
0
0
0
0
0
0
0
0
0
0
0
0
0
0
0
0
0
0
0
0
0
0
0
0
0
0
0
0
0
0
0
0
0
0
0
0
0
0
2.5771055221557617
2.558861255645752
2.5064475536346436
2.5452253818511963
2.545222282409668
2.587851047515869
0
0
0
0
0
0
0
0
0
0
0
0
0
0
0
0
0
0
0
0
0
0
0
0
0
0
0
0
0
3.0818307399749756
1.2602534294128418
1.2085189819335938
1.1921480894088745
1.1641792058944702
1.1598916053771973
1.141127347946167
1.1375383138656616
1.1502083539962769
1.1527177095413208
1.1773674488067627
1.147229552268982
1.1760174036026
1.1992990970611572
1.2354915142059326
0
0
0
0
0
0
0
0
0
0
0
0
0
0
0
0
2.9766952991485596
2.8983471393585205
2.8552842140197754
2.8640172481536865
2.894869089126587
2.904829502105713
0
0
0
0
0
0
0
0
0
0
0
0
0
0
0
0
0
0
0
0
0
0
0
0
0
0
0
2.5083723068237305
1.4332985877990723
1.3765426874160767
1.3613934516906738
1.3444383144378662
1.316399097442627
1.343083143234253
1.3092173337936401
1.3426300287246704
1.3413180112838745
1.3581401109695435
1.3740569353103638
1.39638090133667
0
0
0
0
0
0
0
0
0
0
0
0
0
0
0
0
0
0
0
0
