1.867699384689331
1.8323743343353271
1.8538167476654053
1.860428810119629
1.875179409980774
1.8993107080459595
0.4761216640472412
0.4455924928188324
0.42950570583343506
0.45001402497291565
0.43559351563453674
0.4309367835521698
0.41563674807548523
0.4056379497051239
0.39461174607276917
0.3730691075325012
0.3883131146430969
0.3727647662162781
0.38977277278900146
0.3793473541736603
0.3955654203891754
0.38241782784461975
0.37910860776901245
0.3893415629863739
0.3872390687465668
0.3953167200088501
0.37923458218574524
0.390486478805542
0.38760310411453247
0.3860669732093811
0.3787309527397156
0.3993500769138336
0.4197806119918823
0.4057772755622864
0.4077710509300232
0.412553995847702
0.43438974022865295
0.4237295389175415
0.457697331905365
0.46311190724372864
0
0
2.6953465938568115
2.678520679473877
2.6391828060150146
2.646547555923462
2.6583056449890137
2.6878786087036133
0
0
0
0
0
0
0
0
0
0
0
0
0
0
0
0
0
0
0
0
0
0
0
0
0
0
3.020895004272461
2.970085859298706
2.9531092643737793
2.9728035926818848
2.9970102310180664
3.1131558418273926
0
0
0
1.824942708015442
1.7510095834732056
1.733140468597412
1.7309274673461914
1.7346729040145874
1.7338776588439941
1.7258169651031494
1.7443358898162842
1.7854450941085815
1.8331645727157593
0
0
0
0
0
0
0
0
0
0
0
0
0
0
0
0
0
0
0
0
0
0
0
0
0
2.0091490745544434
1.9440770149230957
1.9096605777740479
1.910610318183899
1.904124140739441
1.9060560464859009
1.9059418439865112
1.9490623474121094
1.9889392852783203
0
0
0
0
0
0
0
3.2386114597320557
3.174182415008545
3.1626763343811035
3.1702938079833984
3.242727756500244
0
0
0
0
0
0
0
0
0
0
1.7614524364471436
1.7274373769760132
1.6944712400436401
1.6818093061447144
1.6971875429153442
1.678444743156433
1.688179612159729
0.5724769234657288
0.5551043152809143
0.5388842821121216
0.5128547549247742
0.4943254888057709
0.49073436856269836
0.5046941637992859
0.4844350814819336
0.4857596457004547
0.4675240218639374
0.4674670994281769
0.4705170691013336
0.46597450971603394
0.4609585702419281
0.47172442078590393
0.47070422768592834
0.48140960931777954
0.47071343660354614
0.48037996888160706
0.4880577623844147
0.4788578748703003
0.49419495463371277
0.48990464210510254
0.49221521615982056
0.4957955777645111
0.49410751461982727
0.532435953617096
0.5262904763221741
0.5455799698829651
0
0
0
0
0
0
0
0
0
0
0
0
0
3.425452470779419
3.3911170959472656
3.3984992504119873
3.413219690322876
3.4877007007598877
0
0
0
0
0
0
0
0
0
0
0
0
0
0
0
0
0
0
1.6740058660507202
1.639055848121643
1.6037367582321167
1.5997045040130615
1.5696918964385986
1.5709259510040283
1.5754072666168213
1.574965476989746
1.621660590171814
1.6179754734039307
1.6986149549484253
0
0
3.434025287628174
3.4407827854156494
3.434298515319824
3.457805871963501
0
0
0
0
0
0
0
0
0
0
0
0
0
0
0
0
0
0
0
0
0
0
0
0
0
2.7462782859802246
2.715717315673828
2.7069478034973145
2.704144239425659
2.718994617462158
2.767366647720337
0
0
0
0
0
0
0
0
0
0
0
0
0
0
0
0
0
0
0
0
0
0
0
1.5092021226882935
1.481635332107544
1.4743084907531738
1.4486984014511108
1.4497716426849365
1.4600229263305664
1.4592859745025635
1.4612855911254883
1.4701534509658813
1.4854484796524048
1.5348708629608154
0
0
0
0
0
0
0
0
3.0982420444488525
3.01546573638916
3.0004870891571045
2.9883363246917725
2.992534875869751
3.0423457622528076
0
0
0
0
0
0
0
0
0
0
0
0
0
0
0
0
0
0
0
0
0
0
0
0
0
0
0
0
0
0
0
0
0
0
0
0
0
0
0
0
1.9143450260162354
1.8979188203811646
1.8741040229797363
