0
0
0
0
0
0
0
0
0
0
0
0
0
0
0
0
0
0
0
0
0
0
0
0
0
0
0
0
0
0
0
0
0
0
0
0
0
0
0
1.593001365661621
1.5302387475967407
1.498321533203125
1.494072437286377
1.454910159111023
1.472218632698059
1.454982042312622
1.487928032875061
1.4690570831298828
1.4907692670822144
1.5045526027679443
1.5753527879714966
0
0
0
0
0
0
0
0
0
0
0
0
0
0
0
0
0
0
0
0
0
0
0
0
0
0
0
0
0
0
0
2.4998295307159424
2.440056800842285
2.4367425441741943
2.4315223693847656
2.4535140991210938
2.4680285453796387
2.5159566402435303
0
0
0
0
0
0
0
0
0
0
0
0
0
0
0
0
0
0
0
0
0
0
0
3.238481044769287
3.167001724243164
3.1562726497650146
3.163594961166382
3.2014429569244385
0
0
0
0
1.0785490274429321
1.0333285331726074
1.0079312324523926
0.9786916375160217
0.9827525019645691
0.9659538865089417
0.9684556722640991
0.9556459188461304
0.9681695699691772
0.9636685848236084
0.9621363878250122
0.9800826907157898
0.9827104806900024
1.0003622770309448
1.0007067918777466
1.031016230583191
0
0
0
0
0
0
0
0
0
0
0
0
0
0
0
0
2.9569575786590576
2.920142889022827
2.9146785736083984
2.9302539825439453
2.9666359424591064
0
0
0
0
0
0
0
0
0
0
0
0
0
0
0
0
0
2.5871596336364746
2.5598080158233643
2.5485384464263916
2.5466575622558594
2.5643818378448486
2.589815378189087
0
0
0
0
0
0
0
0
0
0
0
0
0
0
0
0
0
0
0
0
0
0
0
0
0
0
0
0
1.8967554569244385
1.826310396194458
1.7736220359802246
1.7773993015289307
1.7780985832214355
1.7590482234954834
1.7565460205078125
1.776274561882019
1.814751386642456
1.8423863649368286
0
0
0
0
0
0
0
0
0
0
0
0
0
0
0
0
0
0
0
0
0
0
0
0
0
0
0
0
0
0
0
0
0
0
0
0
0
0
0
0
0
0
0
0
0
0
0
0
0
0
0
0
0
0
0
0
0
0
0
0
0
0
0
0
0
0
0
0
0
0
0
0
0
0
0
0
0
0
0
0
0
0
0.7131114602088928
0.6680325865745544
0.6518060564994812
0.6353381872177124
0.6204895377159119
0.6137523651123047
0.622851550579071
0.6204795241355896
0.5886821150779724
0.6126298904418945
0.5966768860816956
0.6116217970848083
0.6024637222290039
0.5979807376861572
0.6239277720451355
0.6022905707359314
0.6245207190513611
0.6148605942726135
0.6168169379234314
0.6254181265830994
0.6657692790031433
0.6775027513504028
0.6818673610687256
0.7054175138473511
0
0
0
0
0
0
0
0
0
0
0
0
0
0
0
0
0
0
0
0
0
0
0
0
0
0
0
0
0
0
0
0
0
0
0
