0
3.2815334796905518
3.2229249477386475
3.2033584117889404
3.2251670360565186
3.2472119331359863
3.317534923553467
0
0
0
0
0
0
1.1489297151565552
1.117517352104187
1.0952032804489136
1.0726031064987183
1.0802558660507202
1.056428074836731
1.0702568292617798
1.0748149156570435
1.0630015134811401
1.0633623600006104
1.074950933456421
1.0888890027999878
1.1056621074676514
1.1323643922805786
1.1590750217437744
0
0
0
0
3.2876672744750977
3.2635018825531006
3.257383346557617
3.261791229248047
3.3062236309051514
0
0
0
0
0
0
0
0
0
0
0
0
0
0
0
0
0
0
0
0
0
0
0
0
0
0
0
2.8569862842559814
2.831402540206909
2.8057687282562256
2.7520554065704346
2.7495510578155518
2.741748094558716
2.712310791015625
2.710731029510498
2.7028777599334717
2.677058696746826
2.6410367488861084
2.623810291290283
1.3173353672027588
1.2857767343521118
1.2394487857818604
1.256018877029419
1.236867070198059
1.2513495683670044
1.2316101789474487
1.2396973371505737
1.2479337453842163
1.2536742687225342
1.264318585395813
1.2883987426757812
1.3396104574203491
2.55715012550354
2.535393714904785
2.557544708251953
2.542281150817871
2.542412042617798
2.559451103210449
2.5458579063415527
2.5569546222686768
2.56626296043396
2.579957962036133
2.558574914932251
2.575180768966675
2.58327054977417
2.6040947437286377
2.6183106899261475
2.6209304332733154
2.6338696479797363
2.6411709785461426
2.6767079830169678
2.6710257530212402
2.696882963180542
2.70554780960083
2.716360092163086
2.730440855026245
2.7596452236175537
2.795644521713257
2.8112313747406006
2.831563949584961
2.846677303314209
2.856698989868164
2.9002106189727783
0
0
0
2.4380671977996826
2.4016079902648926
2.3847930431365967
2.400578498840332
2.4021220207214355
2.427175760269165
2.4824790954589844
0
0
0
0
0
0
0
0
0
0
2.9064407348632812
2.8826797008514404
2.8672103881835938
2.8415064811706543
2.8516077995300293
2.82688045501709
2.8235232830047607
2.800227165222168
2.7972195148468018
2.782254695892334
2.7472922801971436
2.7578928470611572
2.750516891479492
2.735325336456299
2.749756336212158
2.7450807094573975
2.728407144546509
2.7147250175476074
2.733680486679077
2.725649833679199
0
0
0
0
0
0
0
0
0
0
0
0
0
0
0
0
0
0
0
0
0
0
0
0
0
0
2.876901149749756
2.851555347442627
2.8301644325256348
2.854067325592041
2.8810932636260986
0
0
0
0
1.4138511419296265
1.371717095375061
1.3305957317352295
1.3477705717086792
1.344022512435913
1.344025731086731
1.3477869033813477
1.3483624458312988
1.3449459075927734
0.5488786697387695
0.4954994320869446
0.48717424273490906
0.4845184087753296
0.4611530303955078
0.462948739528656
0.4564323425292969
0.447425901889801
0.4149284064769745
0.4406298100948334
0.4134654104709625
0.4316916763782501
0.4090180993080139
0.4103345572948456
0.4121978282928467
0.4186233878135681
0.41920796036720276
0.4132232069969177
0.429392546415329
0.40280091762542725
0.4409395158290863
0.4167945086956024
0.43770360946655273
0.4366227686405182
0.4206540882587433
0.440019428730011
0.4396478235721588
0.4572576582431793
0.45619311928749084
0.4551266133785248
0.4765622317790985
0.5124744772911072
0
0
0
0
0
0
0
0
0
0
0
0
0
0
0
0
0
0
0
0
0
0
0
0
0
0
0
0
0
0
0
0
0
0
0
0
0
2.878316640853882
2.845142364501953
2.798396348953247
2.8160831928253174
2.828629493713379
2.865304470062256
0
0
0
0
0
0
1.2711994647979736
1.2549302577972412
1.241572380065918
1.2331633567810059
1.2129604816436768
1.2194976806640625
1.1902999877929688
1.1915488243103027
1.1958096027374268
1.1744483709335327
1.1815986633300781
1.198844313621521
1.2549257278442383
1.3218438625335693
1.3898663520812988
1.5116088390350342
1.6167466640472412
1.7197895050048828
1.862972378730774
2.041832447052002
2.2425434589385986
2.483363389968872
2.8008463382720947
3.2428810596466064
0
0
0
0
0
0
0
0
0
0
0
0
0
0
0
0
3.2223031520843506
3.2005412578582764
3.192803382873535
3.189927816390991
3.2524912357330322
0
0
0
0
0
0
0
0
0
0
0
0
0
0
2.6372342109680176
2.5026988983154297
2.474778175354004
2.469205141067505
2.477839946746826
2.4747660160064697
2.499821901321411
2.5689940452575684
0
0
0
0
0
0
0
0
