1.802996277809143
0
0
0
0
0
0
0
0
0
0
0
0
0
0
0
0
0
0
0
0
0
0
0
0
0
0
0
1.9493021965026855
1.9058401584625244
1.8889325857162476
1.9112101793289185
1.886361002922058
1.9009921550750732
1.9059083461761475
1.9277559518814087
1.9661147594451904
0
0
0
0
0
0
0
0
0
0
0
0
0
0
0
0
0
0
0
0
0
0
0
0
0
0
0
0.5911758542060852
0.5304184556007385
0.5020297169685364
0.4839416742324829
0.4872160851955414
0.46518558263778687
0.482777863740921
0.4632263481616974
0.44956913590431213
0.4602149426937103
0.4262286424636841
0.44359615445137024
0.44290101528167725
0.4489593505859375
0.4424038827419281
0.4642292559146881
0.4296475648880005
0.4645019471645355
0.4442501366138458
0.43116745352745056
0.4367087185382843
0.43199434876441956
0.4410080015659332
0.45234382152557373
0.46323898434638977
0.4744182527065277
0.4798726737499237
0.4874958395957947
0.5006608963012695
0.509096622467041
0.5378683805465698
0
0
0
0
0
0
0
0
0
0
0
0
0
0
0
0
0
0
0
0
0
0
1.965254545211792
1.9228016138076782
1.8958508968353271
1.8621671199798584
1.8857377767562866
1.8792768716812134
1.9046006202697754
1.9276556968688965
1.9686095714569092
0
0
0
0
0
0
0
0
0
0
0
0
0
0
0
0
0
0
0
0
0
0
0
0
0
0
0
0
0
0
0
0
0
0
0
0
0
3.2701454162597656
3.1782925128936768
3.1450560092926025
3.1545894145965576
3.186685562133789
3.232398509979248
0
0
0
0
0
0
0
0
0
0
1.3216204643249512
1.2639694213867188
1.2606111764907837
1.2279326915740967
1.2116895914077759
1.2250404357910156
1.2078522443771362
1.2120604515075684
1.2188148498535156
1.2288519144058228
1.2302422523498535
1.274182677268982
1.2834584712982178
0
0
0
0
0
0
0
0
0
0
0
0
0
0
0
0
0
0
0
0
0
0
3.163848400115967
3.1090872287750244
3.087733030319214
3.1092453002929688
3.1193525791168213
0
0
0
0
0
0
0
0
0
0
0
0
0
0
0
0
0
0
0
1.2525898218154907
1.2047322988510132
1.211564064025879
1.201677918434143
1.1813889741897583
1.1782113313674927
1.1680189371109009
1.1679495573043823
1.1711390018463135
1.1741102933883667
1.2034991979599
1.2093536853790283
1.243748426437378
2.426635980606079
0
0
0
0
0
0
0
0
0
0
3.1365702152252197
3.092525005340576
3.0752317905426025
3.0699520111083984
3.0892333984375
3.1521170139312744
0
0
0
0
0
0
0
0
0
0
0
0
0
0
0
2.6342086791992188
2.5503063201904297
2.5160439014434814
2.5107765197753906
2.512826681137085
2.51643705368042
2.5521199703216553
0
0
0
0
0
0
0
0
0
0
0
0
1.790416955947876
1.7553027868270874
1.7226008176803589
1.7105684280395508
1.6847507953643799
1.711273193359375
1.7226861715316772
1.7165406942367554
1.7451050281524658
1.7691582441329956
0
0
0
0
0
0
0
0
0
0
3.2232725620269775
3.186835527420044
3.1568243503570557
3.193445920944214
3.212663173675537
3.284660577774048
0
0
0
0
0
0
0
0
0
0
0
0
0
0
0
0
0
0
0
0
0
0
1.8027335405349731
1.755240797996521
1.7312482595443726
1.717365026473999
1.7106918096542358
1.7207928895950317
1.7229472398757935
1.7316912412643433
1.7575029134750366
1.8099786043167114
