2.0842182636260986
0
0
0
0
0
0
0
0
0
0
0
0
0
3.4732964038848877
3.426912307739258
3.424931049346924
3.4322903156280518
3.5
0
0
0
0
0
0
0
0
0
0
0
0
0
0
3.2353403568267822
3.191678047180176
3.1708335876464844
3.173053503036499
3.2086305618286133
0
0
0
0
0
0
0
0
0
0
0
0
2.296455144882202
2.2454988956451416
2.225569725036621
2.2132487297058105
2.20103120803833
2.225917339324951
2.232978105545044
2.2786619663238525
0
0
0
0
0
0
0
0
0
0
0
0
0
0
0
0
0
0
0
0
0
0
0
0
0
0
0
0
3.216989278793335
3.1350278854370117
3.1052634716033936
3.0976738929748535
3.1292316913604736
3.1865644454956055
0
0
0
0
0
0
0
0
0
0
0
0
0
0
1.0021814107894897
0.9630202054977417
0.956098735332489
0.9350208044052124
0.92506343126297
0.92652827501297
0.9383306503295898
0.9072950482368469
0.9077021479606628
0.9269170761108398
0.9401867389678955
0.9276403784751892
0.9396718740463257
0.956688404083252
0.9721983671188354
0.9831752777099609
1.0266892910003662
0
0
0
0
0
0
0
0
0
0
0
0
0
0
0
0
0
0
0
0
0
0
0
0
0
0
0
0
0
0
0
0
0
0
0
0
0
0
0
0
0
0
0
0
0
0
0
0
0
0
0
0
0
0
0
0
0
0
0
0
0
0
0
0
0
0
0
0
0
0
0
0
0
0
0
0
0
0
0
0
0
0
0
0
0
0
0
0
0
0
0
0
0
0
0
0
0
0
0
0
0
0
0
0
0
0
0
0
0
0
0
0
0
0
0
0
0
0
0.7314738035202026
0.7099882960319519
0.6953662633895874
0.6878363490104675
0.6699559688568115
0.6297212243080139
0.6403002142906189
0.6509875059127808
0.6469247341156006
0.6359394788742065
0.6374378204345703
0.6263065338134766
0.633780300617218
0.64262455701828
0.6576137542724609
0.6467775106430054
0.6503375172615051
0.6626883745193481
0.6760925650596619
0.6709961295127869
0.6948431730270386
0.7003156542778015
0.744485080242157
0
0
0
0
0
0
0
0
0
0
0
0
0
0
0
0
0
0
0
0
0
0
0
0
0
0
0
0
0
0
1.9674345254898071
1.9237651824951172
1.8805310726165771
1.892726182937622
1.8720269203186035
1.9023306369781494
1.9238172769546509
1.933451533317566
1.9968847036361694
0
0
0
0
0
0
0
0
0
0
0
0
0
0
0
0
0
0
0
0
0
3.4762861728668213
3.4208109378814697
3.448678970336914
3.4573328495025635
0
0
0
0
0
0
0
0
0
0
0
0
0
0
0
0
0
0
0
0
0
0
0
2.0643484592437744
2.024405002593994
1.9962694644927979
1.977295160293579
1.9713811874389648
1.9530750513076782
1.978988766670227
2.009112596511841
2.0688729286193848
