header: 
  stamp: 
    sec: 5580
    nanosec: 264000000
  frame_id: odom
child_frame_id: base_footprint 
pose: 
  pose: 
    position: 
      x: -0.14203749728202572
      y: -1.1635433523113974
      z: 0.00852241853812614
    orientation: 
      x: 0.00023379064503602792
      y: 0.002912372417699972
      z: 0.0003436417074120415
      w: 0.999995672660243
  covariance: [1.e-05 0.e+00 0.e+00 0.e+00 0.e+00 0.e+00 0.e+00 1.e-05 0.e+00 0.e+00
 0.e+00 0.e+00 0.e+00 0.e+00 1.e+12 0.e+00 0.e+00 0.e+00 0.e+00 0.e+00
 0.e+00 1.e+12 0.e+00 0.e+00 0.e+00 0.e+00 0.e+00 0.e+00 1.e+12 0.e+00
 0.e+00 0.e+00 0.e+00 0.e+00 0.e+00 1.e-03]
twist: 
  twist: 
    linear: 
      x: -1.0145772829666455e-05
      y: 8.258580777960959e-06
      z: 0.0
  angular: 
      x: 0.0
      y: 0.0
      z: -3.168119928716071e-07
  covariance: [1.e-05 0.e+00 0.e+00 0.e+00 0.e+00 0.e+00 0.e+00 1.e-05 0.e+00 0.e+00
 0.e+00 0.e+00 0.e+00 0.e+00 1.e+12 0.e+00 0.e+00 0.e+00 0.e+00 0.e+00
 0.e+00 1.e+12 0.e+00 0.e+00 0.e+00 0.e+00 0.e+00 0.e+00 1.e+12 0.e+00
 0.e+00 0.e+00 0.e+00 0.e+00 0.e+00 1.e-03]
