header: 
  stamp: 
    sec: 5580
    nanosec: 230000000
  frame_id: odom
child_frame_id: base_footprint 
pose: 
  pose: 
    position: 
      x: -0.14203750111946933
      y: -1.1635433524804042
      z: 0.00852826658851468
    orientation: 
      x: 0.00023379061866244427
      y: 0.0029126916510227837
      z: 0.0003436401108358251
      w: 0.9999956717310164
  covariance: [1.e-05 0.e+00 0.e+00 0.e+00 0.e+00 0.e+00 0.e+00 1.e-05 0.e+00 0.e+00
 0.e+00 0.e+00 0.e+00 0.e+00 1.e+12 0.e+00 0.e+00 0.e+00 0.e+00 0.e+00
 0.e+00 1.e+12 0.e+00 0.e+00 0.e+00 0.e+00 0.e+00 0.e+00 1.e+12 0.e+00
 0.e+00 0.e+00 0.e+00 0.e+00 0.e+00 1.e-03]
twist: 
  twist: 
    linear: 
      x: -3.7522589076273763e-06
      y: 8.285768517727598e-06
      z: 0.0
  angular: 
      x: 0.0
      y: 0.0
      z: -3.09894933589044e-07
  covariance: [1.e-05 0.e+00 0.e+00 0.e+00 0.e+00 0.e+00 0.e+00 1.e-05 0.e+00 0.e+00
 0.e+00 0.e+00 0.e+00 0.e+00 1.e+12 0.e+00 0.e+00 0.e+00 0.e+00 0.e+00
 0.e+00 1.e+12 0.e+00 0.e+00 0.e+00 0.e+00 0.e+00 0.e+00 1.e+12 0.e+00
 0.e+00 0.e+00 0.e+00 0.e+00 0.e+00 1.e-03]
