header: 
  stamp: 
    sec: 5580
    nanosec: 332000000
  frame_id: odom
child_frame_id: base_footprint 
pose: 
  pose: 
    position: 
      x: -0.14203747473910183
      y: -1.1635433527986436
      z: 0.0085276022906315
    orientation: 
      x: 0.0002337904075242517
      y: 0.0029127498966347405
      z: 0.0003436454311860153
      w: 0.9999956715595837
  covariance: [1.e-05 0.e+00 0.e+00 0.e+00 0.e+00 0.e+00 0.e+00 1.e-05 0.e+00 0.e+00
 0.e+00 0.e+00 0.e+00 0.e+00 1.e+12 0.e+00 0.e+00 0.e+00 0.e+00 0.e+00
 0.e+00 1.e+12 0.e+00 0.e+00 0.e+00 0.e+00 0.e+00 0.e+00 1.e+12 0.e+00
 0.e+00 0.e+00 0.e+00 0.e+00 0.e+00 1.e-03]
twist: 
  twist: 
    linear: 
      x: -4.160639822669436e-06
      y: 8.30374937269052e-06
      z: 0.0
  angular: 
      x: 0.0
      y: 0.0
      z: -2.113691896378997e-07
  covariance: [1.e-05 0.e+00 0.e+00 0.e+00 0.e+00 0.e+00 0.e+00 1.e-05 0.e+00 0.e+00
 0.e+00 0.e+00 0.e+00 0.e+00 1.e+12 0.e+00 0.e+00 0.e+00 0.e+00 0.e+00
 0.e+00 1.e+12 0.e+00 0.e+00 0.e+00 0.e+00 0.e+00 0.e+00 1.e+12 0.e+00
 0.e+00 0.e+00 0.e+00 0.e+00 0.e+00 1.e-03]
