0
0
2.0381250381469727
1.9974145889282227
1.9735426902770996
1.9223228693008423
1.9246587753295898
1.9444429874420166
1.939413070678711
1.9522281885147095
2.001370429992676
0
0
0
0
0
1.3919072151184082
1.3645148277282715
1.37315034866333
0
0
0
0
0
0
0
0
0
0
0
0
0
0
0
0
0
0
0
0
0
0.8938086628913879
0.8552519679069519
0.8329039812088013
0.824729323387146
0.8151744604110718
0.8108710050582886
0.7969932556152344
0.7829590439796448
0.7933642864227295
0.7975683212280273
0.7931183576583862
0.7839934229850769
0.7990939021110535
0.7936956882476807
0.8061525821685791
0.8216502666473389
0.8138147592544556
0.835049569606781
0.8713449239730835
0.9228799343109131
0
0
2.1924376487731934
2.2834527492523193
2.3660972118377686
2.43871808052063
2.546863317489624
2.5247979164123535
2.5396344661712646
2.504321575164795
2.4877123832702637
2.4759180545806885
2.441030263900757
2.448012590408325
2.442756175994873
2.4128477573394775
2.431607723236084
2.4035136699676514
2.394669532775879
2.3889708518981934
2.3766298294067383
2.3632102012634277
2.3494224548339844
2.3640925884246826
2.3400256633758545
2.33957839012146
1.955898404121399
2.2955589294433594
2.3240549564361572
2.3154823780059814
2.337656021118164
2.3358566761016846
2.3348989486694336
2.333909511566162
2.334352970123291
2.342991352081299
2.3399789333343506
2.3479158878326416
2.355414628982544
2.355945110321045
2.3582441806793213
2.3650543689727783
2.4079792499542236
2.390073776245117
2.4359991550445557
2.4014389514923096
2.4516236782073975
2.461709976196289
2.443006753921509
2.322843074798584
2.216273546218872
2.1122982501983643
2.092137575149536
2.543745994567871
2.554262399673462
2.5628178119659424
2.5858969688415527
2.6155543327331543
2.651103973388672
2.6678075790405273
2.700526714324951
2.7138991355895996
2.7567708492279053
2.782369613647461
2.8151724338531494
2.837536334991455
2.8620948791503906
2.8048512935638428
2.7354884147644043
2.6923961639404297
2.6232450008392334
2.5874650478363037
0
0
0
0
0
0
0
0
0
0
0
0
0
0
0
0
0.6198869347572327
0.6062920689582825
0.5678963661193848
0.5495346784591675
0.5342023372650146
0.5297695994377136
0.530117392539978
0.4986664354801178
0.49859824776649475
0.5230645537376404
0.48881807923316956
0.5089851021766663
0.5015153884887695
0.4871352016925812
0.4822031557559967
0.46876221895217896
0.4978064000606537
0.4989469051361084
0.4812590181827545
0.4810646176338196
0.47453245520591736
0.4932520091533661
0.4761424958705902
0.49108830094337463
0.4786539375782013
0.4956797659397125
0.5003519058227539
0.48874330520629883
0.5071131587028503
0.4898345470428467
0.5296017527580261
0.524308979511261
0.5259002447128296
0.541141152381897
0.5485600829124451
0.5775563716888428
0.6134395599365234
0.6351997256278992
0.92207270860672
0.890977680683136
0.8920556306838989
0.8896820545196533
0.8699216842651367
0.8647252321243286
0.8705480098724365
0.881104052066803
0.8760586977005005
0.8688433170318604
0.8923666477203369
0.8864028453826904
0.9068133234977722
0.9300485849380493
0.927213728427887
0.9711251258850098
0
1.7751646041870117
1.7281723022460938
1.6958386898040771
1.668316125869751
1.6674643754959106
1.6566112041473389
1.6267495155334473
1.6365996599197388
1.649256944656372
1.6323626041412354
1.6677372455596924
1.703834056854248
1.7147752046585083
1.7296080589294434
1.8377619981765747
2.82893705368042
2.6923937797546387
2.6152074337005615
2.565814256668091
2.5253522396087646
2.507084608078003
2.459446907043457
2.4864165782928467
2.4507997035980225
2.4663891792297363
2.444533348083496
2.453897476196289
2.475799798965454
2.4935503005981445
2.4982106685638428
2.54445219039917
2.5546975135803223
2.6004486083984375
2.667571544647217
2.7804043292999268
0
0
0
0
0
2.820936679840088
2.7450475692749023
2.6876542568206787
2.6598219871520996
2.646440267562866
2.6332764625549316
2.636179208755493
2.614564895629883
2.649580717086792
2.658353090286255
2.7091667652130127
2.788121223449707
0
0
0
0
0
0
0
0
0
0
0
0
0
0
0
0
0
0
0
0
0
0
0
0
0
0
0
1.9573312997817993
1.931880235671997
1.8991658687591553
1.8938932418823242
1.8867473602294922
1.8987951278686523
1.9103820323944092
1.9466886520385742
2.0132381916046143
0
0
0
0
0
0
0
0
0
0
0
0
0
0
0
0
0
0
1.8647030591964722
0.7303730249404907
0.6727478504180908
0.6403790712356567
0.6202526688575745
0.6221399903297424
0.6220596432685852
0.6046086549758911
0.5880742073059082
0.6014757752418518
0.5934478044509888
0.592224657535553
0.5901309847831726
0.6042019724845886
0.5959051847457886
0.5877811908721924
0.6041679978370667
0.6022439002990723
0.6020837426185608
0.5995835661888123
0.611528217792511
0.6113203167915344
0.6297897696495056
0.647533118724823
0.658682107925415
0.6761452555656433
2.3862926959991455
1.3360271453857422
1.3105814456939697
1.271870732307434
1.25376296043396
1.2608548402786255
1.249826192855835
1.2492516040802002
1.2690099477767944
1.2361243963241577
1.2676234245300293
1.2684316635131836
1.2732471227645874
1.3050662279129028
2.5986692905426025
2.6500978469848633
0
0
0
0
0
0
0
0
0
