0
0
2.058913230895996
1.985293984413147
1.9643235206604004
1.9402612447738647
1.9294267892837524
1.9387872219085693
1.946336030960083
1.9645895957946777
1.9952924251556396
0
0
0
0
0
1.3901710510253906
1.3818186521530151
1.3825550079345703
0
0
0
0
0
0
0
0
0
0
0
0
0
0
0
0
0
0
0
0
0
0.8857814073562622
0.8567253351211548
0.8305482268333435
0.8110247254371643
0.8185156583786011
0.7983748316764832
0.8118088841438293
0.7879291772842407
0.784017026424408
0.7937329411506653
0.7939704656600952
0.7990488409996033
0.8015543222427368
0.8169638514518738
0.8051920533180237
0.821499764919281
0.827250063419342
0.8510509133338928
0.8585537075996399
0.9250311851501465
0
0
2.221541166305542
2.276826858520508
2.361119031906128
2.460062265396118
2.5646910667419434
2.5287275314331055
2.5163352489471436
2.4975574016571045
2.460400342941284
2.4702789783477783
2.460498809814453
2.416696071624756
2.4405622482299805
2.4327163696289062
2.406039237976074
2.403555393218994
2.375511884689331
2.3902525901794434
2.3660781383514404
2.360363245010376
2.358959197998047
2.351471185684204
2.3536720275878906
2.3398854732513428
1.955786108970642
2.295340061187744
2.3421061038970947
2.342363119125366
2.3344004154205322
2.3230233192443848
2.342517852783203
2.355958938598633
2.3345751762390137
2.313478946685791
2.371281623840332
2.3396811485290527
2.378063201904297
2.371903657913208
2.3716647624969482
2.3738768100738525
2.3935787677764893
2.3933653831481934
2.4179251194000244
2.4149272441864014
2.415555953979492
2.4441654682159424
2.442742109298706
2.3328981399536133
2.2226972579956055
2.1218459606170654
2.0978989601135254
2.537424325942993
2.5422022342681885
2.5735726356506348
2.5937235355377197
2.595186471939087
2.6564762592315674
2.6648480892181396
2.681105375289917
2.7253775596618652
2.7661468982696533
2.812570333480835
2.8330695629119873
2.8568177223205566
2.859323263168335
2.8131864070892334
2.7406582832336426
2.6621458530426025
2.6212282180786133
2.5650103092193604
0
0
0
0
0
0
0
0
0
0
0
0
0
0
0
0
0.6337650418281555
0.5804904699325562
0.5644028186798096
0.5817328691482544
0.5558314323425293
0.5369911789894104
0.5155298709869385
0.5198143720626831
0.5136466026306152
0.5083566308021545
0.4934597611427307
0.5090576410293579
0.5014235377311707
0.4959271550178528
0.4830901622772217
0.4730622470378876
0.47846633195877075
0.47550100088119507
0.48422273993492126
0.4898940622806549
0.4811961352825165
0.48873475193977356
0.4803730845451355
0.4801517724990845
0.47687530517578125
0.4976637661457062
0.48399874567985535
0.5009207129478455
0.49486204981803894
0.5213104486465454
0.5312489867210388
0.5137965083122253
0.5266417860984802
0.5696009397506714
0.5543120503425598
0.5713967680931091
0.5922750234603882
0.6201937198638916
0.9110568165779114
0.9092395305633545
0.8851988911628723
0.8733659982681274
0.8607887625694275
0.8772112727165222
0.8745636343955994
0.8600282669067383
0.8708682656288147
0.859351396560669
0.8728790283203125
0.8737282156944275
0.9181738495826721
0.9088445901870728
0.9433276057243347
0.9899951815605164
0
1.7951204776763916
1.7282181978225708
1.7014496326446533
1.6706098318099976
1.6403053998947144
1.6286617517471313
1.6493176221847534
1.641160249710083
1.64749014377594
1.6513227224349976
1.6739509105682373
1.6912790536880493
1.6979105472564697
1.7407218217849731
1.8279520273208618
2.8480100631713867
2.6944425106048584
2.6162710189819336
2.5744264125823975
2.5393271446228027
2.5064258575439453
2.483761787414551
2.465510845184326
2.4728569984436035
2.446840763092041
2.4514951705932617
2.469215154647827
2.4704878330230713
2.4978063106536865
2.4962921142578125
2.5148990154266357
2.5506832599639893
2.6084506511688232
2.6902883052825928
2.7999720573425293
0
0
0
0
0
2.8228211402893066
2.716463804244995
2.6849889755249023
2.6473894119262695
2.638930559158325
2.632171154022217
2.6137166023254395
2.6370046138763428
2.6446144580841064
2.6809589862823486
2.7157866954803467
2.8087728023529053
0
0
0
0
0
0
0
0
0
0
0
0
0
0
0
0
0
0
0
0
0
0
0
0
0
0
0
1.9622915983200073
1.9225044250488281
1.9076132774353027
1.9112299680709839
1.89590585231781
1.9032167196273804
1.9124237298965454
1.9339277744293213
1.9951400756835938
0
0
0
0
0
0
0
0
0
0
0
0
0
0
0
0
0
0
1.8761777877807617
0.7321317791938782
0.6691086888313293
0.6446853876113892
0.63736891746521
0.6132635474205017
0.6184871196746826
0.6117696762084961
0.5978043079376221
0.6055852174758911
0.6033880710601807
0.5879159569740295
0.5845195651054382
0.5826374292373657
0.614709734916687
0.5828216075897217
0.5854239463806152
0.5909148454666138
0.5891923308372498
0.6143619418144226
0.6165937781333923
0.6032232046127319
0.6264394521713257
0.6241711378097534
0.6684094667434692
0.6772347688674927
2.381558895111084
1.3528722524642944
1.2997674942016602
1.286637306213379
1.2556061744689941
1.257704496383667
1.2387486696243286
1.245046854019165
1.2382999658584595
1.2634479999542236
1.259432315826416
1.2750493288040161
1.2950537204742432
1.3105872869491577
2.6109912395477295
2.6413421630859375
0
0
0
0
0
0
0
0
0
