0
0
2.0358409881591797
1.9737846851348877
1.9606150388717651
1.9504185914993286
1.9339452981948853
1.9485259056091309
1.92557954788208
1.9626144170761108
1.9953699111938477
0
0
0
0
0
1.4039497375488281
1.3763178586959839
1.3972117900848389
0
0
0
0
0
0
0
0
0
0
0
0
0
0
0
0
0
0
0
0
0
0.907464861869812
0.8485539555549622
0.8327875733375549
0.826383650302887
0.8084738254547119
0.808838427066803
0.7790481448173523
0.7876983880996704
0.7956832051277161
0.7833428978919983
0.781238317489624
0.8014336824417114
0.7986767292022705
0.8017631769180298
0.8068507313728333
0.80449378490448
0.8549573421478271
0.8362768292427063
0.8564459085464478
0.9088312983512878
0
0
2.2114813327789307
2.2956998348236084
2.3911213874816895
2.4624128341674805
2.5434062480926514
2.5414505004882812
2.530763626098633
2.5025434494018555
2.48188853263855
2.484426975250244
2.4530696868896484
2.4540576934814453
2.4323363304138184
2.4234960079193115
2.4039270877838135
2.3884596824645996
2.394099712371826
2.3963918685913086
2.3504748344421387
2.3608310222625732
2.3563385009765625
2.365067958831787
2.345245599746704
2.349271774291992
1.9527896642684937
2.2996068000793457
2.3319497108459473
2.333714485168457
2.347163677215576
2.332829236984253
2.3492212295532227
2.3372061252593994
2.336592674255371
2.341627597808838
2.3494534492492676
2.3482823371887207
2.3674347400665283
2.365217447280884
2.3646080493927
2.3659255504608154
2.404541015625
2.39673113822937
2.418525218963623
2.436762571334839
2.4342806339263916
2.4429609775543213
2.4482383728027344
2.354783058166504
2.2052078247070312
2.110438585281372
2.101022481918335
2.5112810134887695
2.5309712886810303
2.5568575859069824
2.5841267108917236
2.6269803047180176
2.639641761779785
2.6707255840301514
2.7003324031829834
2.7319743633270264
2.757084369659424
2.7834346294403076
2.7985012531280518
2.8415465354919434
2.878574848175049
2.830087184906006
2.7334694862365723
2.6713666915893555
2.6232731342315674
2.5852551460266113
0
0
0
0
0
0
0
0
0
0
0
0
0
0
0
0
0.6262317299842834
0.5750706195831299
0.5680798888206482
0.5574994087219238
0.5437330007553101
0.5283054113388062
0.5191320180892944
0.507695734500885
0.499088853597641
0.5149545669555664
0.5083314180374146
0.4932287633419037
0.5015192627906799
0.49268490076065063
0.5087073445320129
0.4692811071872711
0.5036338567733765
0.4831547439098358
0.45753172039985657
0.4738388955593109
0.488308310508728
0.47293341159820557
0.48073434829711914
0.46387946605682373
0.4843788146972656
0.5082258582115173
0.5092487335205078
0.4835622310638428
0.5089064240455627
0.5193653106689453
0.5194169878959656
0.5165029764175415
0.5422540903091431
0.537966251373291
0.5440870523452759
0.588212251663208
0.5826055407524109
0.63231360912323
0.9183549880981445
0.89643394947052
0.8996524214744568
0.8878570795059204
0.8688464164733887
0.8596183657646179
0.8701074123382568
0.8661034107208252
0.865553081035614
0.8679825663566589
0.8750089406967163
0.8770679235458374
0.9142999649047852
0.9121741652488708
0.9451056718826294
0.9761227965354919
0
1.7990515232086182
1.7243068218231201
1.7055052518844604
1.675004005432129
1.6545157432556152
1.6492305994033813
1.635709285736084
1.6638319492340088
1.631109595298767
1.635970950126648
1.6633751392364502
1.6935691833496094
1.717894196510315
1.7440944910049438
1.8343174457550049
2.8586552143096924
2.6903278827667236
2.5979857444763184
2.561591386795044
2.5369205474853516
2.518610954284668
2.4966866970062256
2.4660301208496094
2.449758291244507
2.462552070617676
2.463745594024658
2.459399461746216
2.474402666091919
2.490206241607666
2.5053012371063232
2.5352165699005127
2.5736806392669678
2.6070570945739746
2.6753320693969727
2.7922544479370117
0
0
0
0
0
2.8183367252349854
2.7292511463165283
2.689765214920044
2.6716420650482178
2.627647638320923
2.616755485534668
2.62298321723938
2.628800392150879
2.656893730163574
2.6615123748779297
2.7208008766174316
2.784818410873413
0
0
0
0
0
0
0
0
0
0
0
0
0
0
0
0
0
0
0
0
0
0
0
0
0
0
0
1.961863398551941
1.9268535375595093
1.9095698595046997
1.8889470100402832
1.8843510150909424
1.9215120077133179
1.9094287157058716
1.9341580867767334
1.9982008934020996
0
0
0
0
0
0
0
0
0
0
0
0
0
0
0
0
0
0
1.878816843032837
0.7257013916969299
0.644453227519989
0.6524249911308289
0.6459434032440186
0.6227333545684814
0.6124832034111023
0.6046289801597595
0.6091561913490295
0.5905454754829407
0.5885872840881348
0.6018093228340149
0.5884442925453186
0.5937716960906982
0.5903896689414978
0.5966832041740417
0.569695770740509
0.5890589356422424
0.5931378602981567
0.6103886961936951
0.6079060435295105
0.6294093728065491
0.6346140503883362
0.6169971823692322
0.6524943709373474
0.6712325215339661
2.3927228450775146
1.3508570194244385
1.2959215641021729
1.2685177326202393
1.2618365287780762
1.2798960208892822
1.2384387254714966
1.2452932596206665
1.238167643547058
1.2478859424591064
1.264275074005127
1.2584806680679321
1.281125783920288
1.3239518404006958
2.585981607437134
2.626983642578125
0
0
0
0
0
0
0
0
0
