0
0
2.057098150253296
1.9704622030258179
1.9785208702087402
1.9331730604171753
1.9232871532440186
1.9546754360198975
1.9646811485290527
1.9781301021575928
2.01218581199646
0
0
0
0
0
1.3911950588226318
1.379868745803833
1.3897696733474731
0
0
0
0
0
0
0
0
0
0
0
0
0
0
0
0
0
0
0
0
0
0.8953801989555359
0.8753548860549927
0.8358191847801208
0.8280733823776245
0.8074032068252563
0.7910285592079163
0.8110092282295227
0.7994505763053894
0.7770119309425354
0.7872658371925354
0.7896831631660461
0.7861395478248596
0.8018662333488464
0.8091191053390503
0.7987475395202637
0.8189854025840759
0.8405808806419373
0.83558589220047
0.8592270016670227
0.9196671843528748
0
0
2.2161219120025635
2.272498846054077
2.3580589294433594
2.4567480087280273
2.5427825450897217
2.5343523025512695
2.5163447856903076
2.5088114738464355
2.494441032409668
2.484724521636963
2.451432704925537
2.4332456588745117
2.421257495880127
2.4219436645507812
2.369387626647949
2.412421464920044
2.388087034225464
2.382185220718384
2.376436710357666
2.355186700820923
2.3526594638824463
2.362382173538208
2.3342885971069336
2.341778039932251
1.9398789405822754
2.3027052879333496
2.3260374069213867
2.341468095779419
2.337653398513794
2.3241002559661865
2.3471341133117676
2.3354947566986084
2.35214900970459
2.351703405380249
2.3475213050842285
2.3497111797332764
2.3382327556610107
2.355074644088745
2.365828275680542
2.3741555213928223
2.382124662399292
2.3883283138275146
2.411729335784912
2.4039039611816406
2.4465155601501465
2.4544107913970947
2.448836088180542
2.335120439529419
2.2135465145111084
2.1040360927581787
2.1060500144958496
2.5330708026885986
2.560429573059082
2.5671279430389404
2.588831663131714
2.627035617828369
2.6565651893615723
2.67354154586792
2.6811883449554443
2.7206411361694336
2.744037628173828
2.791782855987549
2.812702178955078
2.837299108505249
2.86702036857605
2.8034443855285645
2.7429039478302
2.702504873275757
2.6298725605010986
2.5679354667663574
0
0
0
0
0
0
0
0
0
0
0
0
0
0
0
0
0.6127438545227051
0.5943292379379272
0.5647990703582764
0.5532249808311462
0.5290392637252808
0.5228554606437683
0.5346242785453796
0.5195217132568359
0.50527024269104
0.49929165840148926
0.4969800114631653
0.48958057165145874
0.4863184690475464
0.4884192943572998
0.4791933298110962
0.48425304889678955
0.4792421758174896
0.47100645303726196
0.4765393137931824
0.4772547483444214
0.4898506700992584
0.4765617549419403
0.498954713344574
0.49768173694610596
0.48894014954566956
0.49405184388160706
0.4982520043849945
0.4962741434574127
0.5169514417648315
0.5149794220924377
0.5209489464759827
0.5270919799804688
0.5446321964263916
0.5499385595321655
0.5530921816825867
0.57745361328125
0.6125326752662659
0.6246658563613892
0.8918123841285706
0.8848089575767517
0.9026976823806763
0.8745432496070862
0.8660311698913574
0.868192732334137
0.8661863207817078
0.870879054069519
0.8767560124397278
0.8700079917907715
0.8919708728790283
0.8897098302841187
0.9011961817741394
0.9067414999008179
0.931500256061554
0.9899114966392517
0
1.7797104120254517
1.726356029510498
1.7044692039489746
1.6717960834503174
1.6544896364212036
1.6555074453353882
1.6315648555755615
1.6415488719940186
1.6269209384918213
1.6663709878921509
1.6665385961532593
1.6862496137619019
1.693575143814087
1.7496562004089355
1.8118830919265747
2.84940242767334
2.687055826187134
2.644339084625244
2.5771124362945557
2.538456916809082
2.513715982437134
2.471907377243042
2.4684789180755615
2.445059061050415
2.4691162109375
2.4611198902130127
2.4600398540496826
2.4847323894500732
2.469080686569214
2.5208261013031006
2.5382044315338135
2.566206216812134
2.604053497314453
2.679793357849121
2.7655534744262695
0
0
0
0
0
2.833313465118408
2.716184139251709
2.6777920722961426
2.66668701171875
2.6292014122009277
2.6189193725585938
2.634242534637451
2.610938310623169
2.6538312435150146
2.6929187774658203
2.7123570442199707
2.789710283279419
0
0
0
0
0
0
0
0
0
0
0
0
0
0
0
0
0
0
0
0
0
0
0
0
0
0
0
1.9579825401306152
1.9348061084747314
1.8994543552398682
1.8938297033309937
1.883558750152588
1.902772307395935
1.9104443788528442
1.9468778371810913
2.0108001232147217
0
0
0
0
0
0
0
0
0
0
0
0
0
0
0
0
0
0
1.8796261548995972
0.7023918628692627
0.6659960746765137
0.6425544023513794
0.643796980381012
0.6143538951873779
0.598781406879425
0.6096436381340027
0.6012038588523865
0.5993372201919556
0.5979180932044983
0.5899571180343628
0.5853034257888794
0.5595082640647888
0.5908163189888
0.5913062691688538
0.5714221596717834
0.6012645959854126
0.6088762879371643
0.5873680114746094
0.617937445640564
0.6305473446846008
0.6221597790718079
0.6387915015220642
0.6660890579223633
0.6822477579116821
2.3766543865203857
1.3360116481781006
1.287758231163025
1.2735296487808228
1.262183666229248
1.2668519020080566
1.2432422637939453
1.218583583831787
1.2507600784301758
1.2660231590270996
1.2676218748092651
1.2808886766433716
1.3031154870986938
1.3235167264938354
2.5930137634277344
2.640794515609741
0
0
0
0
0
0
0
0
0
