0
0
2.059776782989502
1.9695191383361816
1.9568885564804077
1.916391372680664
1.937056303024292
1.9322947263717651
1.9482648372650146
1.9660178422927856
1.9977880716323853
0
0
0
0
0
1.3967455625534058
1.3723526000976562
1.3691442012786865
0
0
0
0
0
0
0
0
0
0
0
0
0
0
0
0
0
0
0
0
0
0.8778753876686096
0.8610266447067261
0.8417479395866394
0.8206123113632202
0.8099388480186462
0.7963072657585144
0.7863100171089172
0.7936819195747375
0.7789271473884583
0.793192446231842
0.8057311177253723
0.78797847032547
0.7838540077209473
0.7944612503051758
0.8001195788383484
0.7920138835906982
0.8409923911094666
0.8558754324913025
0.8545657396316528
0.9257833957672119
0
0
2.2025413513183594
2.276094675064087
2.3827335834503174
2.4576356410980225
2.5426106452941895
2.5395758152008057
2.501507043838501
2.4950287342071533
2.485386848449707
2.4682319164276123
2.447963237762451
2.45058536529541
2.4109084606170654
2.404668092727661
2.396695375442505
2.4049830436706543
2.372739553451538
2.3843448162078857
2.3691422939300537
2.355134963989258
2.3746707439422607
2.344329595565796
2.3555572032928467
2.3568317890167236
1.940713882446289
2.2837750911712646
2.336219549179077
2.3320300579071045
2.332063913345337
2.326564073562622
2.329298496246338
2.3533425331115723
2.344532012939453
2.339279890060425
2.3521575927734375
2.351222515106201
2.3474907875061035
2.3605148792266846
2.3736908435821533
2.3707170486450195
2.3780219554901123
2.4007444381713867
2.3929526805877686
2.4218122959136963
2.422614336013794
2.443647623062134
2.4514548778533936
2.335801124572754
2.2258193492889404
2.123807907104492
2.11860990524292
2.5367512702941895
2.546107292175293
2.5854125022888184
2.5899384021759033
2.614975929260254
2.6634435653686523
2.6639821529388428
2.69963002204895
2.722069025039673
2.7404186725616455
2.795530319213867
2.822819948196411
2.85713529586792
2.8790664672851562
2.7998485565185547
2.740556478500366
2.6794443130493164
2.6191952228546143
2.5850892066955566
0
0
0
0
0
0
0
0
0
0
0
0
0
0
0
0
0.6106388568878174
0.5679264664649963
0.5525607466697693
0.5633613467216492
0.5289697647094727
0.5135015249252319
0.5417701601982117
0.522499144077301
0.5138090252876282
0.5152750611305237
0.4951421618461609
0.48947104811668396
0.5034053921699524
0.4681214988231659
0.49627038836479187
0.4735129177570343
0.47577935457229614
0.4663335084915161
0.47116386890411377
0.48409268260002136
0.48071572184562683
0.4692574441432953
0.48267725110054016
0.46488794684410095
0.4910663664340973
0.48969411849975586
0.4735886752605438
0.5034660696983337
0.5020413994789124
0.5129448175430298
0.5269149541854858
0.5206577777862549
0.5240651369094849
0.553158164024353
0.5523293018341064
0.568731427192688
0.6095103025436401
0.6454302668571472
0.9146355390548706
0.8994892239570618
0.8881176114082336
0.8769209384918213
0.8863911628723145
0.8819479942321777
0.8505952954292297
0.8815072774887085
0.8641132116317749
0.869254469871521
0.8933719396591187
0.8804023265838623
0.9042029976844788
0.907425582408905
0.9398913383483887
0.9662225246429443
0
1.764258861541748
1.726471185684204
1.7045942544937134
1.6732367277145386
1.6561312675476074
1.6399084329605103
1.637593150138855
1.6521337032318115
1.6452791690826416
1.664803147315979
1.6790207624435425
1.6798123121261597
1.7025220394134521
1.7522106170654297
1.8051509857177734
2.854384422302246
2.713041067123413
2.6094765663146973
2.5748085975646973
2.5374209880828857
2.5067694187164307
2.480512857437134
2.469538927078247
2.4489452838897705
2.4829933643341064
2.4478161334991455
2.4515397548675537
2.483203887939453
2.4940733909606934
2.4974799156188965
2.520256280899048
2.5655956268310547
2.599379777908325
2.6631674766540527
2.8008251190185547
0
0
0
0
0
2.8228659629821777
2.733515977859497
2.6777074337005615
2.680492877960205
2.6208913326263428
2.6326475143432617
2.6138641834259033
2.6283278465270996
2.653167247772217
2.6633682250976562
2.7369139194488525
2.79403018951416
0
0
0
0
0
0
0
0
0
0
0
0
0
0
0
0
0
0
0
0
0
0
0
0
0
0
0
1.9458037614822388
1.9186041355133057
1.9144383668899536
1.8897618055343628
1.8789249658584595
1.8907912969589233
1.909105658531189
1.9270401000976562
2.000349998474121
0
0
0
0
0
0
0
0
0
0
0
0
0
0
0
0
0
0
1.838013768196106
0.7094573378562927
0.6680893301963806
0.6354459524154663
0.6085057258605957
0.6171504259109497
0.6044803857803345
0.6229879856109619
0.6021677851676941
0.6043298244476318
0.6041591167449951
0.5944314002990723
0.5919404625892639
0.6001836657524109
0.6021145582199097
0.5766558051109314
0.5986456274986267
0.5920870304107666
0.6007653474807739
0.6055989265441895
0.6055315732955933
0.6087049245834351
0.6235594749450684
0.6320573091506958
0.667131245136261
0.6946811676025391
2.3959290981292725
1.3632680177688599
1.2926982641220093
1.2878711223602295
1.263659954071045
1.2530992031097412
1.236326813697815
1.2520228624343872
1.2515493631362915
1.2424674034118652
1.2448399066925049
1.256348967552185
1.288053035736084
1.3196264505386353
2.598545789718628
2.6438050270080566
0
0
0
0
0
0
0
0
0
