0
0
2.055690050125122
1.997891902923584
1.9526809453964233
1.9490739107131958
1.9507229328155518
1.9140866994857788
1.948596477508545
1.9807833433151245
2.0035998821258545
0
0
0
0
0
1.422293782234192
1.376374363899231
1.3917638063430786
0
0
0
0
0
0
0
0
0
0
0
0
0
0
0
0
0
0
0
0
0
0.8839346766471863
0.8602861762046814
0.8283213376998901
0.8337469696998596
0.8231725692749023
0.812308132648468
0.8008366823196411
0.7923117876052856
0.7858597040176392
0.8134725689888
0.78861004114151
0.7947778105735779
0.8185955286026001
0.8083620667457581
0.7980813384056091
0.8084589838981628
0.8371121883392334
0.8485226631164551
0.856773853302002
0.9144660830497742
0
0
2.20460844039917
2.2919485569000244
2.349820137023926
2.4656457901000977
2.5345137119293213
2.52683162689209
2.5160374641418457
2.5051639080047607
2.4732630252838135
2.470503091812134
2.442457675933838
2.441455364227295
2.4292824268341064
2.4127681255340576
2.41727352142334
2.387390613555908
2.3936843872070312
2.390645742416382
2.3412442207336426
2.3517627716064453
2.3696112632751465
2.370330810546875
2.3577346801757812
2.33996844291687
1.953117847442627
2.2953803539276123
2.331427574157715
2.3464395999908447
2.327877998352051
2.3238208293914795
2.335904598236084
2.3334696292877197
2.3466134071350098
2.3574845790863037
2.363067150115967
2.363536834716797
2.3713884353637695
2.372572183609009
2.3457932472229004
2.3767430782318115
2.383725643157959
2.4174673557281494
2.4037060737609863
2.4303247928619385
2.4415833950042725
2.448904514312744
2.4561047554016113
2.328096628189087
2.2283904552459717
2.1226003170013428
2.107522964477539
2.529947519302368
2.556304693222046
2.5675346851348877
2.6017885208129883
2.607419729232788
2.651979684829712
2.6839137077331543
2.6969282627105713
2.7148821353912354
2.743877410888672
2.7940382957458496
2.802398920059204
2.844589948654175
2.862760305404663
2.7982654571533203
2.7373478412628174
2.6717379093170166
2.6167566776275635
2.56684947013855
0
0
0
0
0
0
0
0
0
0
0
0
0
0
0
0
0.6026880145072937
0.6059321165084839
0.5714346170425415
0.5623145699501038
0.5578286051750183
0.5397135615348816
0.5147079825401306
0.5021458268165588
0.5258092880249023
0.49424561858177185
0.5038245916366577
0.49860647320747375
0.5000613927841187
0.4841884672641754
0.4885164499282837
0.47578713297843933
0.4823436141014099
0.49855461716651917
0.4902351200580597
0.48455098271369934
0.502743124961853
0.485403448343277
0.4817526340484619
0.49035292863845825
0.4928355813026428
0.48351961374282837
0.4872717261314392
0.5127120018005371
0.5297157764434814
0.4951245188713074
0.523813009262085
0.5298774838447571
0.5301144123077393
0.5500752329826355
0.5604197382926941
0.5760180950164795
0.5986647605895996
0.6264662146568298
0.9139808416366577
0.9053252339363098
0.8964141011238098
0.8954579830169678
0.8856544494628906
0.8509249091148376
0.8619428277015686
0.8719658851623535
0.8891472816467285
0.8654610514640808
0.8825313448905945
0.9021303653717041
0.9112589955329895
0.9298557639122009
0.94797682762146
1.00637686252594
0
1.7820900678634644
1.739650011062622
1.696102499961853
1.667209267616272
1.6699775457382202
1.648736596107483
1.636832594871521
1.6522552967071533
1.6414774656295776
1.6472896337509155
1.681684136390686
1.6912325620651245
1.7113730907440186
1.7409816980361938
1.8296494483947754
2.845228910446167
2.695483446121216
2.6325266361236572
2.56437349319458
2.5354056358337402
2.5176000595092773
2.4751999378204346
2.4892046451568604
2.466944694519043
2.448965072631836
2.450373411178589
2.473440170288086
2.4718363285064697
2.4759485721588135
2.502614736557007
2.5172252655029297
2.5754995346069336
2.6022965908050537
2.6550588607788086
2.782677173614502
0
0
0
0
0
2.8113794326782227
2.730816602706909
2.6811656951904297
2.659674644470215
2.6148998737335205
2.62469482421875
2.629065990447998
2.632862091064453
2.6408536434173584
2.685060977935791
2.684140920639038
2.776057481765747
0
0
0
0
0
0
0
0
0
0
0
0
0
0
0
0
0
0
0
0
0
0
0
0
0
0
0
1.9523390531539917
1.9210418462753296
1.8994812965393066
1.897243857383728
1.8738735914230347
1.914008378982544
1.9217809438705444
1.948337435722351
1.9839534759521484
0
0
0
0
0
0
0
0
0
0
0
0
0
0
0
0
0
0
1.8589978218078613
0.7076349258422852
0.6619011759757996
0.6399036645889282
0.6491039991378784
0.6489070653915405
0.6184958815574646
0.5995650887489319
0.6033012270927429
0.601390540599823
0.5901223421096802
0.5957359075546265
0.5953809022903442
0.5803435444831848
0.5997639894485474
0.5872852206230164
0.5842046737670898
0.6127741932868958
0.6080614328384399
0.5986021161079407
0.6159231066703796
0.6294307708740234
0.6309282183647156
0.6303253769874573
0.6511090993881226
0.6950165629386902
2.4033706188201904
1.344185709953308
1.2710719108581543
1.272985577583313
1.258357048034668
1.2377835512161255
1.2428479194641113
1.2597366571426392
1.2440500259399414
1.2314257621765137
1.262969970703125
1.2726085186004639
1.2868820428848267
1.3212417364120483
2.5933492183685303
2.641878128051758
0
0
0
0
0
0
0
0
0
