0
0
2.0593345165252686
1.989820957183838
1.962337613105774
1.9334845542907715
1.937690019607544
1.9515352249145508
1.9382050037384033
1.9553778171539307
2.0144996643066406
0
0
0
0
0
1.4088958501815796
1.370370626449585
1.3949635028839111
0
0
0
0
0
0
0
0
0
0
0
0
0
0
0
0
0
0
0
0
0
0.8807969093322754
0.8624281287193298
0.8577843308448792
0.8312921524047852
0.8276892900466919
0.7993695139884949
0.7947966456413269
0.8006516695022583
0.7944777607917786
0.7863515019416809
0.7880095839500427
0.7853423953056335
0.7925024628639221
0.7993813157081604
0.8147709965705872
0.8106093406677246
0.8380352258682251
0.8333107829093933
0.8843148350715637
0.9253126978874207
0
0
2.2053210735321045
2.2833786010742188
2.348226547241211
2.4524073600769043
2.5610198974609375
2.5387380123138428
2.5135583877563477
2.49912691116333
2.486185312271118
2.4690027236938477
2.4505345821380615
2.431183338165283
2.434229850769043
2.4161088466644287
2.4108169078826904
2.410867691040039
2.39733624458313
2.3858275413513184
2.3691461086273193
2.3670904636383057
2.3511199951171875
2.348992109298706
2.330474376678467
2.343029737472534
1.9464452266693115
2.2940783500671387
2.340891122817993
2.3338282108306885
2.340939521789551
2.3350749015808105
2.3384077548980713
2.34724497795105
2.311560869216919
2.3547537326812744
2.3314473628997803
2.3493688106536865
2.3673839569091797
2.3657450675964355
2.3849759101867676
2.4008629322052
2.3866770267486572
2.4012291431427
2.4194912910461426
2.4159460067749023
2.4119362831115723
2.4438552856445312
2.4589269161224365
2.336109161376953
2.219226837158203
2.1288318634033203
2.114719867706299
2.537123441696167
2.5660994052886963
2.5747973918914795
2.5927913188934326
2.5971293449401855
2.639348030090332
2.6556432247161865
2.6916685104370117
2.7044641971588135
2.7503325939178467
2.7758233547210693
2.809293746948242
2.854130506515503
2.8642940521240234
2.8089020252227783
2.741091728210449
2.685822010040283
2.627520799636841
2.598752975463867
0
0
0
0
0
0
0
0
0
0
0
0
0
0
0
0
0.601243793964386
0.5944616198539734
0.5548384189605713
0.5420981645584106
0.5466368198394775
0.5470558404922485
0.5144408345222473
0.5139651298522949
0.5108190774917603
0.5091959238052368
0.5235702395439148
0.5045635104179382
0.4927014708518982
0.47017061710357666
0.5019652843475342
0.4748610854148865
0.48454156517982483
0.492497980594635
0.47121405601501465
0.48267170786857605
0.4846002459526062
0.46936842799186707
0.4991062879562378
0.5006424784660339
0.4782215356826782
0.4937055706977844
0.4966568052768707
0.49002039432525635
0.5252081751823425
0.5142567753791809
0.5363337397575378
0.5313316583633423
0.5395140647888184
0.5330231785774231
0.5568329095840454
0.5734599232673645
0.5992525815963745
0.6379010081291199
0.9115251898765564
0.9022573232650757
0.8995258212089539
0.8930399417877197
0.8966003656387329
0.8563963174819946
0.8668010234832764
0.8619197010993958
0.8610969185829163
0.8557504415512085
0.8915995955467224
0.8744344711303711
0.8987693190574646
0.9213318228721619
0.938168466091156
1.0034866333007812
0
1.7864536046981812
1.7235463857650757
1.680393099784851
1.6673303842544556
1.6635916233062744
1.6365673542022705
1.635067105293274
1.6352733373641968
1.6716781854629517
1.6432433128356934
1.6778002977371216
1.6797072887420654
1.6885225772857666
1.7444981336593628
1.8424712419509888
2.853135824203491
2.6880240440368652
2.611825704574585
2.5793981552124023
2.529069423675537
2.503814697265625
2.4854729175567627
2.4855973720550537
2.459810972213745
2.468777656555176
2.4542605876922607
2.4651882648468018
2.476670503616333
2.479499340057373
2.4963414669036865
2.5126047134399414
2.57269287109375
2.6072747707366943
2.6889517307281494
2.7822868824005127
0
0
0
0
0
2.817430257797241
2.72525691986084
2.6709635257720947
2.648409128189087
2.6220486164093018
2.621323585510254
2.610032558441162
2.6385867595672607
2.643681287765503
2.6751058101654053
2.7287139892578125
2.78505277633667
0
0
0
0
0
0
0
0
0
0
0
0
0
0
0
0
0
0
0
0
0
0
0
0
0
0
0
1.981565237045288
1.914111852645874
1.9177641868591309
1.9042067527770996
1.8977992534637451
1.8950273990631104
1.9252495765686035
1.9400018453598022
1.998504400253296
0
0
0
0
0
0
0
0
0
0
0
0
0
0
0
0
0
0
1.8818178176879883
0.6938995718955994
0.6485710144042969
0.6518377661705017
0.636616051197052
0.6201534867286682
0.632329523563385
0.603023886680603
0.6076042652130127
0.6175995469093323
0.5932708382606506
0.5858290791511536
0.5847473740577698
0.5905271172523499
0.5890080332756042
0.5936197638511658
0.60451340675354
0.5843722224235535
0.6127178072929382
0.5979281663894653
0.6149572730064392
0.6016422510147095
0.6294602751731873
0.6384587287902832
0.6641392707824707
0.6889347434043884
2.387092351913452
1.3360562324523926
1.3079174757003784
1.2794691324234009
1.2620625495910645
1.25906503200531
1.228236436843872
1.258682131767273
1.2459176778793335
1.2522892951965332
1.247527837753296
1.276963233947754
1.2864559888839722
1.3277268409729004
2.5916788578033447
2.647918939590454
0
0
0
0
0
0
0
0
0
