0
0
2.048326015472412
1.9912381172180176
1.9448190927505493
1.9445559978485107
1.914847731590271
1.9324455261230469
1.963829517364502
1.9649267196655273
2.0039961338043213
0
0
0
0
0
1.4125946760177612
1.384968638420105
1.4014207124710083
0
0
0
0
0
0
0
0
0
0
0
0
0
0
0
0
0
0
0
0
0
0.8843939900398254
0.8681931495666504
0.8346084952354431
0.8424898386001587
0.8171233534812927
0.8058618903160095
0.8025451898574829
0.7927874326705933
0.8019132614135742
0.7867476344108582
0.7898702025413513
0.804398775100708
0.8095020651817322
0.7914931178092957
0.803908109664917
0.813980758190155
0.831230640411377
0.8364189267158508
0.8674143552780151
0.9189161658287048
0
0
2.1926541328430176
2.275336265563965
2.3771355152130127
2.445268392562866
2.562775135040283
2.530635356903076
2.5205001831054688
2.518311023712158
2.4802913665771484
2.4732983112335205
2.437873125076294
2.43359637260437
2.4421770572662354
2.4237568378448486
2.406118869781494
2.398982048034668
2.39668345451355
2.37814998626709
2.3699533939361572
2.3552989959716797
2.3647420406341553
2.3394713401794434
2.3421008586883545
2.3588552474975586
1.9516040086746216
2.3006484508514404
2.3380467891693115
2.3437044620513916
2.336988925933838
2.3413283824920654
2.3329994678497314
2.3302226066589355
2.34944748878479
2.3409616947174072
2.3602678775787354
2.341179847717285
2.3519864082336426
2.3562285900115967
2.3675239086151123
2.367119789123535
2.3901214599609375
2.393264055252075
2.4078054428100586
2.425990581512451
2.4497053623199463
2.4549295902252197
2.4536709785461426
2.3269567489624023
2.2131388187408447
2.1302666664123535
2.108370542526245
2.530550479888916
2.564929962158203
2.558487892150879
2.607923984527588
2.614999532699585
2.639838933944702
2.6736485958099365
2.712315559387207
2.7150442600250244
2.7652111053466797
2.775042772293091
2.8214111328125
2.832953453063965
2.869359254837036
2.779240608215332
2.7312631607055664
2.6748857498168945
2.628093719482422
2.589984178543091
0
0
0
0
0
0
0
0
0
0
0
0
0
0
0
0
0.6295745968818665
0.5955842137336731
0.561725378036499
0.5437240600585938
0.5387739539146423
0.5304089784622192
0.5159846544265747
0.5148179531097412
0.504351794719696
0.5168189406394958
0.5118119716644287
0.496369868516922
0.4933534264564514
0.4782264828681946
0.4772612452507019
0.4807552695274353
0.4757714569568634
0.4814910590648651
0.47948575019836426
0.47536367177963257
0.4826255440711975
0.4577043056488037
0.4886597692966461
0.4845412075519562
0.4768141508102417
0.4818551540374756
0.5003238916397095
0.49617841839790344
0.5071787238121033
0.5084465146064758
0.4919109046459198
0.541657567024231
0.5241847038269043
0.5342666506767273
0.5587484836578369
0.580815851688385
0.6027548909187317
0.6411398649215698
0.912015438079834
0.8963731527328491
0.8926867842674255
0.89252769947052
0.8655456304550171
0.8583749532699585
0.8666883111000061
0.8604885339736938
0.8605462908744812
0.8713647127151489
0.879134476184845
0.8906687498092651
0.9065194129943848
0.9051414728164673
0.9254103899002075
0.9828261733055115
0
1.768336296081543
1.7224208116531372
1.700634479522705
1.660377025604248
1.6419204473495483
1.6370315551757812
1.6377474069595337
1.6291024684906006
1.6456961631774902
1.648239254951477
1.6774144172668457
1.6635792255401611
1.691992163658142
1.7597087621688843
1.8232004642486572
2.8708105087280273
2.6823976039886475
2.6255381107330322
2.5670878887176514
2.5364558696746826
2.510465621948242
2.4904143810272217
2.4735336303710938
2.443356990814209
2.4446804523468018
2.4675638675689697
2.4666521549224854
2.468799352645874
2.480234146118164
2.520838975906372
2.521636486053467
2.5628576278686523
2.60750675201416
2.6772992610931396
2.7928085327148438
0
0
0
0
0
2.8198986053466797
2.724107265472412
2.6896142959594727
2.6520743370056152
2.6175804138183594
2.6193785667419434
2.6441197395324707
2.6276397705078125
2.653315782546997
2.6764519214630127
2.7013750076293945
2.7898452281951904
0
0
0
0
0
0
0
0
0
0
0
0
0
0
0
0
0
0
0
0
0
0
0
0
0
0
0
1.9714064598083496
1.9333808422088623
1.899688720703125
1.8871210813522339
1.9050039052963257
1.9130831956863403
1.9181851148605347
1.935173511505127
2.0029709339141846
0
0
0
0
0
0
0
0
0
0
0
0
0
0
0
0
0
0
1.8752902746200562
0.7131895422935486
0.6702837347984314
0.6488075852394104
0.6301878094673157
0.6192336678504944
0.6040195822715759
0.604418933391571
0.5919910073280334
0.5998426675796509
0.6008833646774292
0.6057592630386353
0.5888142585754395
0.5761224031448364
0.5932839512825012
0.5745758414268494
0.6042054295539856
0.5895426869392395
0.5983882546424866
0.588306188583374
0.6085257530212402
0.6119812726974487
0.6371725797653198
0.6454731822013855
0.6603021621704102
0.7014666795730591
2.3942947387695312
1.3494844436645508
1.2915078401565552
1.2962963581085205
1.2763617038726807
1.24968683719635
1.2396061420440674
1.2464869022369385
1.2416967153549194
1.2434126138687134
1.2642791271209717
1.270587682723999
1.2741519212722778
1.3287899494171143
2.5917751789093018
2.6316280364990234
0
0
0
0
0
0
0
0
0
