0
0
2.06001353263855
1.9844111204147339
1.964056372642517
1.9446154832839966
1.9229273796081543
1.9306111335754395
1.952075719833374
1.9550879001617432
1.9981486797332764
0
0
0
0
0
1.3932173252105713
1.3757262229919434
1.3751872777938843
0
0
0
0
0
0
0
0
0
0
0
0
0
0
0
0
0
0
0
0
0
0.890798807144165
0.8582732677459717
0.8424125909805298
0.8290407657623291
0.8110016584396362
0.8055621385574341
0.796256959438324
0.8048165440559387
0.7858954071998596
0.7790091633796692
0.7876121401786804
0.7939325571060181
0.7910552024841309
0.7839099168777466
0.8083604574203491
0.7971552610397339
0.8222125768661499
0.8255875706672668
0.857732892036438
0.9215481281280518
0
0
2.203378677368164
2.2779974937438965
2.372962236404419
2.454955816268921
2.548546552658081
2.539029836654663
2.503734588623047
2.484851360321045
2.4918601512908936
2.4688210487365723
2.4182956218719482
2.433971405029297
2.422791004180908
2.4245333671569824
2.405273914337158
2.3753304481506348
2.378286123275757
2.36553955078125
2.3557207584381104
2.3778107166290283
2.3579678535461426
2.361968755722046
2.358600616455078
2.341057538986206
1.9483351707458496
2.3054990768432617
2.329132080078125
2.331533193588257
2.3208677768707275
2.3397583961486816
2.3444485664367676
2.336217164993286
2.3413853645324707
2.3397419452667236
2.341773271560669
2.3527305126190186
2.3628833293914795
2.3793253898620605
2.3626506328582764
2.3722352981567383
2.4049694538116455
2.406240701675415
2.3972506523132324
2.4167003631591797
2.4311695098876953
2.453662395477295
2.435209035873413
2.3408873081207275
2.2187438011169434
2.1105763912200928
2.113420009613037
2.5461108684539795
2.552577018737793
2.55815052986145
2.5995893478393555
2.615851402282715
2.6573567390441895
2.6474037170410156
2.6853556632995605
2.7146785259246826
2.7530813217163086
2.7761125564575195
2.8252675533294678
2.8706929683685303
2.848508834838867
2.7938156127929688
2.74051833152771
2.6746468544006348
2.6244826316833496
2.5695154666900635
0
0
0
0
0
0
0
0
0
0
0
0
0
0
0
0
0.6102035045623779
0.5764772891998291
0.5533245205879211
0.5448073744773865
0.5526877641677856
0.5153696537017822
0.5102778077125549
0.5137250423431396
0.5202751755714417
0.510720431804657
0.5022375583648682
0.49990853667259216
0.49008166790008545
0.5119941830635071
0.5051097273826599
0.4702085554599762
0.4965660274028778
0.4816412627696991
0.478595495223999
0.48025158047676086
0.4917532503604889
0.4785127639770508
0.5007904171943665
0.4913245141506195
0.4876285195350647
0.48477625846862793
0.500566303730011
0.4863375425338745
0.5075975060462952
0.5158608555793762
0.5176604390144348
0.5178177952766418
0.5411796569824219
0.5575756430625916
0.5607354044914246
0.5717560648918152
0.5915281176567078
0.6444873809814453
0.9186371564865112
0.9040006399154663
0.884938657283783
0.8913942575454712
0.874301552772522
0.8801528215408325
0.8665050268173218
0.8744983673095703
0.8773448467254639
0.9014641642570496
0.8628501892089844
0.8887256979942322
0.8890913128852844
0.9249235987663269
0.9493687748908997
0.9864757657051086
0
1.7921165227890015
1.7272913455963135
1.6939572095870972
1.6698399782180786
1.6420164108276367
1.6676775217056274
1.6341091394424438
1.6386398077011108
1.649024248123169
1.6495546102523804
1.6695754528045654
1.6714284420013428
1.7089743614196777
1.7374122142791748
1.8196680545806885
2.8495681285858154
2.687122106552124
2.607581377029419
2.569948673248291
2.543891668319702
2.5215940475463867
2.4830751419067383
2.4924066066741943
2.456972122192383
2.4591591358184814
2.448685646057129
2.4576690196990967
2.4781346321105957
2.4785141944885254
2.487046003341675
2.5388875007629395
2.565957546234131
2.614147424697876
2.6751551628112793
2.8012702465057373
0
0
0
0
0
2.823533058166504
2.731539011001587
2.6818954944610596
2.661804437637329
2.63106369972229
2.617711067199707
2.6262950897216797
2.6256954669952393
2.648937225341797
2.6712470054626465
2.7085611820220947
2.790175437927246
0
0
0
0
0
0
0
0
0
0
0
0
0
0
0
0
0
0
0
0
0
0
0
0
0
0
0
1.9575546979904175
1.931564211845398
1.9146177768707275
1.9070391654968262
1.8928098678588867
1.8864309787750244
1.905313491821289
1.9420326948165894
2.0097239017486572
0
0
0
0
0
0
0
0
0
0
0
0
0
0
0
0
0
0
1.8781224489212036
0.7146716117858887
0.6633346676826477
0.6348961591720581
0.6509729027748108
0.6346735954284668
0.588569700717926
0.62125563621521
0.6079631447792053
0.6123851537704468
0.5819015502929688
0.588714063167572
0.5984730124473572
0.5867630839347839
0.5811076760292053
0.5766412615776062
0.5775134563446045
0.6046667098999023
0.5999435186386108
0.6101489067077637
0.5997146368026733
0.6267256736755371
0.6246131658554077
0.6316909193992615
0.6522576808929443
0.6795982122421265
2.3812942504882812
1.3319045305252075
1.3076517581939697
1.2830206155776978
1.2526196241378784
1.2560049295425415
1.2477331161499023
1.2472609281539917
1.2561461925506592
1.2342743873596191
1.2662190198898315
1.2614963054656982
1.2994604110717773
1.330012559890747
2.5946178436279297
2.6295900344848633
0
0
0
0
0
0
0
0
0
