0
0
2.052293539047241
1.9833106994628906
1.9417439699172974
1.9375306367874146
1.9310126304626465
1.9268245697021484
1.9484267234802246
1.959733009338379
2.0044760704040527
0
0
0
0
0
1.3920360803604126
1.3729350566864014
1.3791747093200684
0
0
0
0
0
0
0
0
0
0
0
0
0
0
0
0
0
0
0
0
0
0.9032538533210754
0.8772119879722595
0.842741072177887
0.8114154934883118
0.8221355676651001
0.7992100119590759
0.8089544177055359
0.7913988828659058
0.7864281535148621
0.7864103317260742
0.7869779467582703
0.7871568202972412
0.7898328900337219
0.8125463128089905
0.8151919841766357
0.8037723302841187
0.8340079188346863
0.8384923934936523
0.8639981150627136
0.8970758318901062
0
0
2.210352897644043
2.2874701023101807
2.3677384853363037
2.448864698410034
2.549729585647583
2.5199155807495117
2.5183465480804443
2.504546642303467
2.4906930923461914
2.4676690101623535
2.449307680130005
2.4407401084899902
2.4234426021575928
2.40739107131958
2.4045112133026123
2.3890302181243896
2.383298873901367
2.3609960079193115
2.381890058517456
2.347729444503784
2.381991386413574
2.3470242023468018
2.350846767425537
2.3307228088378906
1.9334732294082642
2.2948567867279053
2.324369192123413
2.344766139984131
2.334272623062134
2.3268091678619385
2.3525352478027344
2.338890314102173
2.3327763080596924
2.3506548404693604
2.3379340171813965
2.3349735736846924
2.3472561836242676
2.373485565185547
2.393791913986206
2.378122091293335
2.409910202026367
2.3913180828094482
2.410292148590088
2.4044599533081055
2.4336657524108887
2.4365084171295166
2.4643704891204834
2.331918954849243
2.2204172611236572
2.1121342182159424
2.100011110305786
2.5299627780914307
2.5489962100982666
2.5725858211517334
2.5898308753967285
2.6064155101776123
2.6434881687164307
2.6689419746398926
2.705216407775879
2.7249932289123535
2.7489287853240967
2.7966556549072266
2.832754135131836
2.851888656616211
2.865898847579956
2.8062286376953125
2.748772144317627
2.680311918258667
2.6249170303344727
2.5722405910491943
0
0
0
0
0
0
0
0
0
0
0
0
0
0
0
0
0.6182523369789124
0.6019177436828613
0.5662233829498291
0.5712341666221619
0.5434014797210693
0.5183889865875244
0.5131620168685913
0.5011469721794128
0.523395836353302
0.4960308372974396
0.5002029538154602
0.4833140969276428
0.4817379415035248
0.46810632944107056
0.5173173546791077
0.4848751723766327
0.48248398303985596
0.4819531738758087
0.4965490400791168
0.4631899893283844
0.47428789734840393
0.4923735558986664
0.4904302656650543
0.47256526350975037
0.5029122233390808
0.5063541531562805
0.5039040446281433
0.4928949773311615
0.4935320019721985
0.5034603476524353
0.523479700088501
0.5262443423271179
0.5498300790786743
0.5360409617424011
0.5622953176498413
0.5692188739776611
0.5900891423225403
0.6319234371185303
0.9235934019088745
0.9061495065689087
0.8883454203605652
0.8962000012397766
0.8850558996200562
0.8815115690231323
0.8791217803955078
0.8735666871070862
0.8686438202857971
0.8945666551589966
0.8854473829269409
0.9006124138832092
0.8988555669784546
0.9301291704177856
0.9418500065803528
0.9726295471191406
0
1.7718963623046875
1.7237141132354736
1.6802115440368652
1.6809356212615967
1.6718425750732422
1.6459574699401855
1.6305243968963623
1.6457711458206177
1.6349323987960815
1.6630158424377441
1.6624870300292969
1.6879912614822388
1.6921987533569336
1.7284350395202637
1.830185890197754
2.864424467086792
2.6900649070739746
2.6134231090545654
2.572331666946411
2.52390718460083
2.5037102699279785
2.476703405380249
2.477813720703125
2.4613072872161865
2.448643207550049
2.444045305252075
2.441842794418335
2.4801995754241943
2.478285551071167
2.5105504989624023
2.52117919921875
2.564972162246704
2.6117255687713623
2.662290573120117
2.7926077842712402
0
0
0
0
0
2.8196914196014404
2.735250949859619
2.689014196395874
2.6585581302642822
2.623867988586426
2.6216001510620117
2.623033046722412
2.6149845123291016
2.6570351123809814
2.66512393951416
2.7190134525299072
2.795281171798706
0
0
0
0
0
0
0
0
0
0
0
0
0
0
0
0
0
0
0
0
0
0
0
0
0
0
0
1.960513949394226
1.9380137920379639
1.9114183187484741
1.8890866041183472
1.9011762142181396
1.90660560131073
1.923864483833313
1.9635900259017944
1.9946703910827637
0
0
0
0
0
0
0
0
0
0
0
0
0
0
0
0
0
0
1.8731790781021118
0.7059115171432495
0.6614314317703247
0.6313605308532715
0.6371200680732727
0.637180745601654
0.6074793338775635
0.611009955406189
0.5890563726425171
0.6023349165916443
0.5909048318862915
0.5927309393882751
0.5940083861351013
0.5950170755386353
0.5928853750228882
0.5777949094772339
0.5905764102935791
0.5959676504135132
0.5941993594169617
0.6071139574050903
0.6130374670028687
0.6109063625335693
0.6284899711608887
0.6358242630958557
0.660664975643158
0.6884424686431885
2.3935306072235107
1.3502901792526245
1.3004579544067383
1.2599629163742065
1.2621592283248901
1.249003529548645
1.2532471418380737
1.2293341159820557
1.2471357583999634
1.2565263509750366
1.2609765529632568
1.2591431140899658
1.3015433549880981
1.3340758085250854
2.6016104221343994
2.6347789764404297
0
0
0
0
0
0
0
0
0
