0
0
0
0
0
2.348306179046631
2.2868402004241943
2.24945068359375
2.223691463470459
2.2101986408233643
2.2478721141815186
1.0159225463867188
0.9857107400894165
0.9641808867454529
0.9566411375999451
0.9370540976524353
0.9377149939537048
0.923784613609314
0.9437596797943115
0.9273911118507385
0.9167367219924927
0.9368903636932373
0.9279770851135254
0.9195335507392883
0.9347793459892273
0.9817579388618469
1.0044035911560059
1.0202735662460327
0
0
0
0
0
0
0
0
0
0
0
0
0
0
2.4160656929016113
2.3951070308685303
2.3517777919769287
2.362179756164551
2.353707790374756
2.383068799972534
2.442873954772949
0.3224408030509949
0.2898944020271301
0.2786872982978821
0.2760035991668701
0.25996828079223633
0.25591790676116943
0.26541468501091003
0.23318462073802948
0.23406538367271423
0.22922852635383606
0.23576124012470245
0.24067197740077972
0.2274114042520523
0.23084352910518646
0.22228944301605225
0.23565879464149475
0.22209294140338898
0.228659987449646
0.2235100269317627
0.20623382925987244
0.20968106389045715
0.21223239600658417
0.21869367361068726
0.22218967974185944
0.22449864447116852
0.2114058881998062
0.22554637491703033
0.2171449065208435
0.21566170454025269
0.22277598083019257
0.2061050981283188
0.22655953466892242
0.19869469106197357
0.23693013191223145
0.228920578956604
0.23132556676864624
0.2261795848608017
0.22167155146598816
0.22578777372837067
0.22460003197193146
0.2359025478363037
0.23078538477420807
0.23118646442890167
0.23149670660495758
0.2368650585412979
0.2617294490337372
0.24832049012184143
0.27904003858566284
0.27849748730659485
0.2813670039176941
0.29529309272766113
1.5725648403167725
1.5936232805252075
1.6226104497909546
1.6427778005599976
1.6830304861068726
0
2.8319919109344482
2.6778817176818848
2.5411722660064697
2.5370092391967773
2.5568408966064453
2.5604233741760254
2.5812439918518066
2.590526580810547
2.6212828159332275
2.638554573059082
2.6771860122680664
2.6903793811798096
2.7150135040283203
2.7430930137634277
2.781240463256836
2.80668568611145
2.0649752616882324
1.9901376962661743
1.9820194244384766
1.9701961278915405
1.982020616531372
1.9776419401168823
1.9873048067092896
1.9957104921340942
2.0916998386383057
3.099621057510376
3.1783626079559326
3.2090556621551514
3.284292221069336
3.3167154788970947
3.4003992080688477
3.4639482498168945
0
0
0
0
1.4987093210220337
1.4335923194885254
1.4046452045440674
1.365749716758728
1.4009019136428833
1.3668806552886963
1.3795733451843262
1.3759254217147827
1.369184136390686
1.3823424577713013
1.4263345003128052
1.4543447494506836
3.175691604614258
3.157491683959961
3.1023054122924805
3.0957319736480713
3.048762798309326
3.0587737560272217
3.02299165725708
3.006483316421509
3.0037567615509033
2.996814250946045
2.9645586013793945
2.9722180366516113
2.9658148288726807
2.935249090194702
2.923924207687378
2.909874677658081
2.90679669380188
2.8841116428375244
2.890456438064575
2.8887600898742676
2.8777825832366943
2.884580612182617
2.858739137649536
2.86912202835083
2.8707821369171143
2.8599982261657715
2.8602399826049805
2.8721892833709717
1.2153301239013672
1.1817225217819214
1.1509053707122803
1.152321457862854
1.1381345987319946
1.1386419534683228
1.1504844427108765
1.1422739028930664
1.1392778158187866
1.1616920232772827
1.172359585762024
1.1457126140594482
1.197800874710083
1.225522756576538
0
0
0
0
0
0
0
0
0
0
0
0
0
0
0
0
0
0
0
0
0
0
1.743947148323059
1.6865977048873901
1.6811416149139404
1.6588107347488403
1.666307806968689
1.6386728286743164
1.6389976739883423
1.6559562683105469
1.6786258220672607
1.705846905708313
0
0
0
0
0
0
0
0
0
0.42044952511787415
0.41998952627182007
0.38835451006889343
0.3696967661380768
0.3745868504047394
0.38401490449905396
0.354703813791275
0.35125911235809326
0.3502427637577057
0.3648636043071747
0.3386262357234955
0.3512159287929535
0.3414384126663208
0.33285441994667053
0.3383480906486511
0.3348253667354584
0.3241824507713318
0.3399544656276703
0.35120218992233276
0.3395974636077881
0.34182441234588623
0.3421821594238281
0.3401612341403961
0.35316896438598633
0.3476143181324005
0.3544461727142334
0.33894112706184387
0.3398984372615814
0.3469318747520447
0.36270081996917725
0.3605192303657532
0.36545059084892273
0.3590383529663086
0.37199410796165466
0.3969948887825012
0.39181309938430786
0.43956223130226135
0
0
0
0
0
0
0
0
0
0
0
0
0
0
0
0
0
0
0
0
0
0
0
0
0
0
0
0
0
0
0
0
0
0
0
0
0
0
0
0
0
0
0
0
0
0
0
0
0
0
0
0
0
0
0
0
0
0
0
0
2.3788864612579346
0
0
0
0
0
0
0
0
0
0
0
0
0
0
0
0
0
0
0
0
0
0
0
0
0
