0
0
0
0
0
0
0
2.873363733291626
2.804816484451294
2.756019353866577
2.7571969032287598
2.7598774433135986
2.78228497505188
2.8395614624023438
0
0
0
0
1.1792715787887573
1.1727747917175293
1.130990743637085
1.1195722818374634
1.0919313430786133
1.1169646978378296
1.0929216146469116
1.093713641166687
1.0933253765106201
1.1004536151885986
1.1133249998092651
1.1221016645431519
1.1285923719406128
1.1473040580749512
1.1979831457138062
3.09511399269104
3.019695520401001
2.9875028133392334
3.018613338470459
3.0269339084625244
3.0761656761169434
0
0
0
0
0
0
0
0
0
0
0
0
0
0
0
0
0
0
2.009174108505249
1.9540194272994995
1.9227659702301025
1.9019484519958496
1.9161826372146606
1.9241641759872437
1.9079235792160034
1.940333604812622
1.9718998670578003
0
0
0
0
0
0
0
0
0
0
0
0
0
0
0
0
0
0
0
0
0
0
0
0
0
0
0
1.6455535888671875
1.6105111837387085
1.5986157655715942
1.576178789138794
1.596247911453247
1.582863450050354
1.5764482021331787
1.5958083868026733
1.640884280204773
0.6382887363433838
0.6189830303192139
0.5817850828170776
0.5640581846237183
0.5826389789581299
0.5562078952789307
0.5545327663421631
0.5436426401138306
0.5549696683883667
0.546006977558136
0.5338661074638367
0.534384548664093
0.5289236307144165
0.537232518196106
0.5391005873680115
0.5450316667556763
0.5428833365440369
0.5458475947380066
0.5505304932594299
0.5400568246841431
0.559654712677002
0.5726279616355896
0.5704977512359619
0.593618631362915
0.6062817573547363
0.6299228668212891
2.34136700630188
2.286918878555298
2.2964515686035156
2.274498224258423
2.2880890369415283
2.3252665996551514
2.3614842891693115
0
0
0
0
0
2.9227631092071533
2.8695569038391113
2.860185384750366
2.8654277324676514
2.918721914291382
0
0
0
0
0
0
0
0
1.6924208402633667
1.6446994543075562
1.625776767730713
1.618198037147522
1.6327801942825317
1.5934916734695435
1.6250978708267212
1.6270471811294556
1.6230945587158203
1.6865129470825195
2.648777723312378
2.6100783348083496
2.606473684310913
2.6228833198547363
2.6461148262023926
2.6977458000183105
0
0
0
0
0
0
0
0
0
0
0
0
0
0
0
0
0
0
0
0
0
0
0
0
0
0
3.3467624187469482
3.162285327911377
2.971918821334839
2.83196759223938
2.8621957302093506
2.8720059394836426
2.8913474082946777
2.917900323867798
2.956550121307373
2.966862201690674
3.0152320861816406
0
0
0
0
0
0
0
0
0
0
0
0
3.2651398181915283
3.2362778186798096
3.212763547897339
3.2405519485473633
3.296769380569458
0
0
0
0
0
0
0
0
0
0
0
0
0
0
2.5100324153900146
2.48630428314209
2.4434659481048584
2.437370538711548
2.4388458728790283
2.459582805633545
2.4977314472198486
0
0
0
0
0
0
0
0
0
0
0
0
0
0
0
0
0
0
0
0
0
3.5
3.4484314918518066
3.4668684005737305
3.5
0
0
2.1980323791503906
0.9062209129333496
0.7415380477905273
0.6128828525543213
0.4945891797542572
0.42705652117729187
0.35799968242645264
0.3831070065498352
0.3682243525981903
0.3714175224304199
0.7757788300514221
0.7848949432373047
0.7858481407165527
0.7999464869499207
0.7778617143630981
0.79714035987854
0.7907767295837402
0.8100563287734985
0.8024802803993225
0.8097795248031616
0.8118084669113159
0.8242233395576477
0.8203451633453369
0.8323630094528198
0.8413083553314209
0.8402451872825623
0.8510580062866211
0.8405143618583679
0.8768535256385803
0.8841937184333801
0.8921087384223938
0.9113393425941467
0.8988664150238037
0.9161596894264221
0.9505848288536072
0.9500159025192261
0.9746090769767761
0.965971827507019
0.9869357347488403
0.9912732243537903
1.0085099935531616
1.035221815109253
1.0685213804244995
1.0771710872650146
1.0799882411956787
1.1129796504974365
1.13274347782135
1.153077244758606
1.179445505142212
1.2047839164733887
1.2103089094161987
1.2077442407608032
1.1723220348358154
1.1679142713546753
1.1326500177383423
1.1356109380722046
1.1338884830474854
1.1124123334884644
1.1053334474563599
1.1075915098190308
1.0740766525268555
1.0633628368377686
1.0535274744033813
1.0335314273834229
1.0415798425674438
1.0233944654464722
1.0370811223983765
1.010533094406128
1.2048395872116089
1.17299222946167
2.1142168045043945
2.1194264888763428
2.1060616970062256
2.0919201374053955
2.094451427459717
2.0717732906341553
2.0905532836914062
2.0431554317474365
2.763909101486206
2.7669475078582764
2.7822420597076416
2.8213675022125244
0
0
0
0
0
0
0
