2.2094385623931885
0
0
0
0
0
0
0
3.4754409790039062
3.428661584854126
3.408939838409424
3.4359076023101807
3.458378314971924
0
0
0
0
0
2.44395112991333
2.3955206871032715
2.382702350616455
2.367550849914551
2.384721040725708
2.4087588787078857
2.429049253463745
0
0
0
0
0
0
0
0
0
0
0
2.9605913162231445
2.8984975814819336
2.8816988468170166
2.8750126361846924
2.869389533996582
2.9214212894439697
0
0
0
0
0
0
0
0
0
1.214724063873291
1.196553349494934
1.1684973239898682
1.1641708612442017
1.1433460712432861
1.1269172430038452
1.1326870918273926
1.1102651357650757
1.094524621963501
1.0803805589675903
1.0684608221054077
1.07426917552948
1.0493251085281372
1.04868483543396
1.0495128631591797
1.0278959274291992
1.022957444190979
1.044512391090393
1.9678233861923218
1.9606951475143433
1.9520858526229858
1.934950351715088
1.9199249744415283
1.9234546422958374
1.8847346305847168
1.8903762102127075
1.8798176050186157
1.8678735494613647
2.851396083831787
2.844003915786743
2.8369596004486084
2.9005932807922363
0
0
0
0
0
0
0
0
0
0
0
0
3.4813742637634277
3.4013547897338867
3.3880157470703125
2.1582813262939453
2.128465175628662
2.1151866912841797
2.088388442993164
2.091458320617676
2.118703842163086
2.1477253437042236
2.1839661598205566
0
0
0
0
0
0
0.9026742577552795
0.8387718200683594
0.8405898809432983
0.8252473473548889
0.8060927391052246
0.7848798632621765
0.7880584597587585
0.771412193775177
0.7961392998695374
0.797999382019043
0.7769519686698914
0.7870051860809326
0.791861355304718
0.7841883897781372
0.8009015917778015
0.8260685801506042
0.8190401792526245
0.8510395288467407
0.8759627342224121
0
0
0
0
0
0
0
0
0
2.348623275756836
2.31221604347229
2.3041374683380127
2.3190462589263916
2.310086250305176
2.340961217880249
2.406296968460083
2.9207072257995605
3.0206313133239746
3.091719150543213
3.1169111728668213
3.0448567867279053
3.042961835861206
3.0026140213012695
2.9788174629211426
2.9623711109161377
2.9502828121185303
2.9140729904174805
2.9004065990448
2.888288736343384
2.8356287479400635
2.838253974914551
2.8161070346832275
2.4146218299865723
2.521273136138916
2.700331687927246
0
1.8745089769363403
1.8512619733810425
1.84375
1.8195184469223022
1.8210610151290894
1.8251644372940063
1.852595329284668
1.8723469972610474
1.9232434034347534
0
0
0
0
0
0
0
0
0
0
0
0
0
0
0
0
0
0
0
0
0
0
0
0
0
0
0
0
0
0
0
0
0
0.7095444202423096
0.6923590302467346
0.6625731587409973
0.6455063223838806
0.6352561712265015
0.6223377585411072
0.6205548048019409
0.6181169152259827
0.6067854762077332
0.605816662311554
0.6218048334121704
0.6021036505699158
0.5925549864768982
0.5995766520500183
0.6053798198699951
0.6122644543647766
0.6101559400558472
0.6224642992019653
0.6302012801170349
0.6337435841560364
0.6305392980575562
0.6694989204406738
0.6869463324546814
0.7086198329925537
0
0
3.291898488998413
3.223175287246704
3.2500689029693604
3.255584955215454
3.2864136695861816
0
0
0
0
0
0
0
0
2.00107479095459
1.931819200515747
1.9130796194076538
1.8851091861724854
1.886173129081726
1.9036667346954346
1.914923071861267
1.9506226778030396
1.9938949346542358
3.348097085952759
3.3485264778137207
3.353595733642578
3.373016834259033
0
0
0
0
0
0
0
0
0
0
0
0
0
0
0
0
2.8771965503692627
2.7473485469818115
2.7309138774871826
2.7550485134124756
1.8359724283218384
1.8402551412582397
1.8607975244522095
1.860115885734558
1.8849984407424927
1.8838725090026855
1.8955111503601074
1.9022616147994995
1.9221949577331543
1.9302701950073242
1.955152153968811
1.9475035667419434
2.260793447494507
2.1858372688293457
2.1075589656829834
2.0513622760772705
2.0555977821350098
2.0719001293182373
2.082366466522217
2.10524845123291
2.137303590774536
2.1640305519104004
2.1843457221984863
2.2217648029327393
2.2594783306121826
3.49259877204895
3.471500873565674
0
0
0
0
0
0
0
0
0
0
0
0
0
0
0
0
2.6227262020111084
2.5942115783691406
2.5743167400360107
2.5655264854431152
2.585019588470459
2.605292320251465
2.692200183868408
0
0
0
0
0
0
0
0
0
0
0
0
0
0
0
0
0
0
0
0
0
2.3218889236450195
2.226736068725586
2.1988472938537598
2.1649625301361084
2.170297622680664
2.189398765563965
2.1872034072875977
2.222182273864746
