2.326226234436035
2.345980405807495
2.380892753601074
2.4453086853027344
0
0
0
0
0
0
0
0
0
0
0.955848753452301
0.926125705242157
0.9211928248405457
0.884955644607544
0.8717030882835388
0.8672448992729187
0.8544548749923706
0.8634535074234009
0.8683444261550903
0.8569291234016418
0.8704227209091187
0.8686678409576416
0.8536430597305298
0.858239471912384
0.8694201111793518
0.9108291268348694
0.907673180103302
0.9352192282676697
0
0
0
0
0
0
0
0
0
0
0
0
0
0
0
0
0
0
0
0
0
0
0
0
0
0
0
0
0
0
0
0
0
0
0
0
0
0
0
0
0
0
0
0
0
0
0
0
0
0
0
0
0
0
0
0
0
0
0
0
0
0
0
0
0
0
0
0
0
0
0
0
0
0
0
0
0
0
0
0
0
0
0
0
0
0
0
0
0
0
0
0
0
0
0
0
0
0
0
0
0
0
0
0
0
0
0
0
0
0
0
0
0
0
0
0
0
0
0
0
0
0
0
0
0
0
0
0
0
0
0
0
0
0
0
0
0
0
0
0
0
0
0
0
0
0
0
0
0
0
0
0
0
0
0
0
0
0.9759125113487244
0.913963794708252
0.9119954705238342
0.8842032551765442
0.8821835517883301
0.8783507943153381
0.8666130900382996
0.8650290966033936
0.8601981401443481
0.8578214645385742
0.8543950319290161
0.864322304725647
0.8521114587783813
0.8670215010643005
0.8786942958831787
0.8900342583656311
0.9307764768600464
0.9418879151344299
0
0
0
3.150718927383423
3.095601797103882
3.0709309577941895
3.0813190937042236
3.1088690757751465
3.214076042175293
0
0
0
0
0
0
0
0
0
0
0
0
0
0
0
0
0
0
0
0
0
0
0
0
0
0
2.1503942012786865
2.092620849609375
2.0122642517089844
2.0256001949310303
2.0059003829956055
2.0348405838012695
2.0234460830688477
2.058039426803589
2.1099884510040283
0
0
0
0
0
0
0
0
0
0
0
0
0
0
3.093478202819824
3.02518367767334
3.0109450817108154
3.0044825077056885
3.044562816619873
3.117377519607544
0
0
0
0
0
0
0
0
0
0
0
0
0
0
1.6418172121047974
1.6072829961776733
1.5630165338516235
1.5473955869674683
1.5507532358169556
1.5297318696975708
1.5783365964889526
1.564271092414856
1.5692139863967896
1.5993385314941406
1.6337417364120483
0
0
0
0
0
0
0
0
0
0
0
0
0
0
0
0
0
0
0
0
0
0
0
0
0
0
0
0
0
0
0
0
0
0
0
0
0
0
0
0
0
0
0
0
0
0
0
0
0
0
0
0
0
0
0
0
0
0
0
2.4028496742248535
2.347184658050537
2.3454363346099854
2.316890239715576
2.3441977500915527
