2.2290730476379395
3.2744851112365723
3.212027072906494
3.1846954822540283
3.197669744491577
3.202613353729248
3.271190881729126
0
0
0
0
0
0
0
0
0
0
0
0
0
0
0
0
0
0
0
2.782332420349121
2.7636473178863525
2.7422492504119873
1.9433836936950684
1.8958090543746948
1.8741034269332886
1.8491790294647217
1.8464524745941162
1.8636298179626465
1.8591750860214233
1.8729228973388672
1.9021927118301392
1.9736874103546143
3.339700222015381
3.2432031631469727
3.19663405418396
3.2076504230499268
3.233794927597046
3.2748374938964844
0
0
0
0.7365260720252991
0.7174586057662964
0.6907557249069214
0.6582945585250854
0.6665130257606506
0.6446296572685242
0.6394331455230713
0.6416073441505432
0.6308830976486206
0.6331204175949097
0.6275919675827026
0.6333931684494019
0.6478702425956726
0.6375253200531006
0.6440938115119934
0.6400983333587646
0.6357714533805847
0.6406542658805847
0.6696307063102722
0.6585836410522461
0.6789860129356384
0.6983305215835571
0.7308404445648193
0
0
0
0
0
0
0
0
0
0
0
0
0
0
2.069470167160034
2.1193766593933105
0
0
0
0
0
0
0
0
0
0
0
0
0
0
0
0
0
0
0
0
0
0
0
0
0
0
0.44113433361053467
0.4029131829738617
0.40434393286705017
0.380650132894516
0.38266465067863464
0.3977813422679901
0.3638896346092224
0.36036044359207153
0.3741673529148102
0.3404350280761719
0.3460750877857208
0.3416307866573334
0.33615848422050476
0.3370971083641052
0.32861047983169556
0.34723082184791565
0.34872564673423767
0.33042827248573303
0.34814679622650146
0.3254910707473755
0.3222559988498688
0.3432852625846863
0.34161174297332764
0.34697309136390686
0.33109498023986816
0.3399590849876404
0.34103861451148987
0.34636926651000977
0.3488443195819855
0.3483522832393646
0.3556979298591614
0.3744232654571533
0.37646952271461487
0.38160401582717896
0.38092610239982605
0.39034008979797363
0.4210144877433777
0.45688822865486145
0
0
0
0
0
0
0
0
0
0
0
0
0
0
0
0
0
0
0
0
0
0
0
0
0
0
0
0
0
0
0
0
0
0
0
0
0
0
0
0
0
0
0
0
0
0
0
0
0
0
0
0
0
0
0
0
0
0
0
0
0
0
0
0
0
0
0
0
0
0
0
0
0
0
0
0
0
0
0
0
0
0
0
0
0
0
0
0
0
0
0
0
0
0
0
0
0
0
0
0
0
0
0
0
0
0
0
0
0
0
0
0
0
0.9711763262748718
0.9560145139694214
0.9334705471992493
0.900826632976532
0.9172559976577759
0.9251229763031006
0.917651891708374
0.8865349292755127
0.8882558941841125
0.8895346522331238
0.8919938206672668
0.9036784172058105
0.9184273481369019
0.9095355868339539
0.9427876472473145
0.9394795894622803
0.9751207828521729
2.7088048458099365
2.696488380432129
2.6829793453216553
2.706702470779419
2.740208387374878
0
0
0
0
0
0
0
0
0
0
0
0
0
0
0
0
0
0
0
0
0
0
2.849590301513672
2.8120312690734863
2.8221683502197266
2.8133769035339355
2.8320820331573486
2.857243776321411
0
2.055680274963379
2.010751724243164
1.9676405191421509
1.9682096242904663
1.9752211570739746
1.9952083826065063
1.9924358129501343
2.018718957901001
2.1149871349334717
3.296088218688965
3.300607442855835
3.2913239002227783
3.3143413066864014
0
0
0
0
0
0
1.3975598812103271
1.3612343072891235
1.349210262298584
1.3205512762069702
1.2940269708633423
1.3023662567138672
1.3088408708572388
1.3055262565612793
1.3107203245162964
1.320225477218628
1.3369388580322266
1.369944453239441
1.4409335851669312
0
0
0
0
0
2.2041263580322266
2.1572089195251465
2.149197816848755
2.1418488025665283
2.14339280128479
2.1450247764587402
2.1617214679718018
2.208911180496216
