1.1706976890563965
1.1666414737701416
1.2008895874023438
1.2085710763931274
1.275650143623352
2.7019846439361572
2.7040719985961914
2.743896961212158
0
0
0
0
0
0
0
0
0
0
0
0
0
0
0
0
0
0
0
0
0
0
0
0
0
0
0
0
0
0
0
0
0
0
0
0
0
0
0
0
0
0
0
0
0
2.3691225051879883
2.3110289573669434
2.2833590507507324
2.2750158309936523
2.2687740325927734
2.291318655014038
2.2951080799102783
2.3569695949554443
0
0
0
0
0
0
0
0
0
0
0
0
0
0
0
0
0
0
0
0
0
0
0
0
0
0
0
0
0
0
0
0
0
0
0
0
0
0
0
0
0
0
0
0
0
0
0
0
0
0
0
0
1.9828460216522217
1.9392902851104736
1.951755404472351
1.9112019538879395
1.948330283164978
1.9581074714660645
1.9662022590637207
2.0108489990234375
2.90543794631958
2.89335298538208
2.9160819053649902
2.9132983684539795
2.9072422981262207
2.906381130218506
2.918466329574585
2.929469347000122
2.9287211894989014
2.942375898361206
2.940847635269165
2.9610068798065186
2.973794937133789
2.984189987182617
2.981003999710083
3.0063867568969727
3.0221469402313232
3.061243772506714
3.0579843521118164
3.074915647506714
3.077800750732422
3.129286050796509
3.138759136199951
3.159029006958008
3.17573618888855
3.2132880687713623
3.245849132537842
3.2783396244049072
3.298387289047241
3.3199665546417236
3.3841822147369385
2.2029521465301514
1.6510504484176636
1.3078995943069458
1.0826032161712646
0.9427809715270996
0.8011172413825989
0.7124627828598022
0.6641643047332764
0.6259289383888245
0.5705503821372986
0.5624129176139832
0.5722551345825195
0.5735883116722107
0.5776644945144653
0.5798338651657104
0.5795755982398987
0.6004334092140198
0.6020357012748718
0.5947529077529907
0.5802753567695618
0.6186388731002808
0.613126814365387
0.6224536299705505
0.6274807453155518
0.6401214003562927
0.6191117763519287
0.6390770077705383
0.6483142375946045
0.6349052786827087
0.6654866933822632
0
0
0
0
0
0
0
0
0
0
0
0
0
0
0
0
0
2.6461832523345947
2.609670400619507
2.6073193550109863
2.5890069007873535
2.6149258613586426
2.667515993118286
0
0
0
0
0
0
0
0
0
0
0
0
0
0
0
0
0
0
0
0
0
0
0
0
0
0
0
0
0
0
1.7750873565673828
1.7390309572219849
1.726338267326355
1.7006700038909912
1.6901090145111084
1.6899349689483643
1.7021973133087158
1.7296210527420044
1.7615774869918823
0
0
0
0
0
0
0
0
0
0
0
0
0
0
0
0
0
0
0
0
0
0
0
0
0
0
0
2.244178533554077
2.212190866470337
2.1622676849365234
2.162078857421875
2.1636486053466797
2.158071517944336
2.174582004547119
2.2073159217834473
3.4584343433380127
3.4566166400909424
3.471940755844116
3.472581386566162
3.4632349014282227
3.4355132579803467
3.455843448638916
3.4484317302703857
3.4593253135681152
3.4422762393951416
3.477783679962158
3.4710633754730225
3.468487024307251
3.4886879920959473
3.5
0
0
0
0
0.5419133305549622
0.5168362855911255
0.5152149200439453
0.48072126507759094
0.47226837277412415
0.4883181154727936
0.4699779450893402
0.4734036922454834
0.4647044241428375
0.4543009400367737
0.44425350427627563
0.46060100197792053
0.45100137591362
0.45293301343917847
0.4509110152721405
0.4420779347419739
0.46025270223617554
0.46458280086517334
0.46007633209228516
0.4555077850818634
0.4552428424358368
0.4526101052761078
0.46992921829223633
0.47509750723838806
0.47858402132987976
0.48401951789855957
0.4938998818397522
0.49792030453681946
0.5207966566085815
0.5287168025970459
3.197126865386963
3.172212839126587
3.1542396545410156
3.1359636783599854
3.1287782192230225
3.0994160175323486
3.0871007442474365
3.04689621925354
3.0788116455078125
3.2715792655944824
3.479104518890381
0
0
0
0
0
0
0
0
0
0
1.3068796396255493
1.2220468521118164
1.1897321939468384
1.171370506286621
1.153571367263794
1.1427665948867798
1.1529483795166016
1.1590741872787476
1.1471302509307861
1.1543262004852295
1.1453841924667358
