3.0821495056152344
2.9840331077575684
2.9413111209869385
2.9513370990753174
2.9611425399780273
2.973297357559204
3.077958345413208
0
0
0
0
0
0
0
0
0
0
0
0
0
0
0
0
0
0
0
0
0
0
0
0
0
0
0
0
0
0
0
0
0
0
0
0
0
0
0
0
0
0
0
0
0
0
0
0
0
0
0
0
0
0
0
0
0
0
0
0
0
0
0
0
0
0
0
0
0
0
0
0
0
0
0
0
0
0
0
0
0
0
0
0
0
0
0
0
0
0
0
0
0
0
0
0
0
0
0
0
0
0
0
0
0
0
0
0
0
0
0
0
0
0
0
0
0
0
0
0
0
0
0
0
0
0
0
0
0
0
0
0
0
0
0
0
0
0
0
0
0
0
0
0
0
0
0
0
0
0
0
0
0
0
0
0
0
0
0
0
0
0
0
0
0
0
0
0
0
0
0
0
0
0
0
0
0
0
0
0
0
0
0
0
0
0
0
0
0
0
0
0
0
0
0
0
0
0
0
0
0
0
0
0
0
0
0
0
0
0
0
0
0
0
0
0
0
0
0
0
0
0
0
0
0
0
0
0
0
0
0
0
0
0
0
0
0
0
0
0
0
0
0
0
1.7244549989700317
1.6737319231033325
1.6739307641983032
1.6395026445388794
1.6600974798202515
1.6561449766159058
1.6563202142715454
1.676621913909912
1.7232210636138916
1.7501469850540161
0
0
0
0
0
0
0
0
0
0
0
0
0
0
0
0
0
0
0
0
0
0
0
0
0
0
0
0
0
0
0
0
0
0
0
0
0
0
0
0
0
0
0
0
0
0
0
0
0
0
0
0
0
0
0
1.0560827255249023
1.0103874206542969
1.0046294927597046
1.000084400177002
0.9742199182510376
0.9630529880523682
0.9587135314941406
0.9364850521087646
0.9692434072494507
0.9393094182014465
0.9475582242012024
0.9658122658729553
0.9602371454238892
0.9847669005393982
0.9928215742111206
1.0318948030471802
1.0644490718841553
0
0
0
0
0
0
0
0
0
0
0
0
0
0
0
0
0
0
0
0
0
0
0
0
0
0
0
