0.6655128002166748
0.6731175780296326
0.6700146794319153
0.6619232892990112
0.6502599120140076
0.6597457528114319
0.6392067670822144
0.6480566263198853
0.6537030339241028
0.6625962257385254
0.6838859915733337
0.671025812625885
0.681523859500885
0.6822684407234192
0.702338695526123
0.7160321474075317
0.7276352047920227
0.7654518485069275
0
0
0
0
0
0
0
0
0
0
0
0
2.630807876586914
2.5639877319335938
2.567613124847412
2.569685220718384
2.580446720123291
2.601263999938965
2.6887800693511963
0
1.504217505455017
1.4835368394851685
1.4542534351348877
1.4560784101486206
1.4459381103515625
1.4247568845748901
1.4337087869644165
1.4409167766571045
1.4605821371078491
1.4783586263656616
1.5108528137207031
0
0
0
0
0
0
0
0
0
0
0
0
0
0
0
0
0
0
0
0
0
0
0
0
0
0
0
2.689190626144409
2.6306843757629395
2.6058645248413086
2.5972344875335693
2.6199676990509033
2.6475512981414795
2.702519655227661
0
0
0
0
0
0
0
0
0
0
1.3130613565444946
1.3002468347549438
1.262571096420288
1.272908091545105
1.2444279193878174
1.2469583749771118
1.2488152980804443
1.250587821006775
1.241889476776123
1.2422455549240112
1.2932831048965454
1.3067275285720825
1.4172834157943726
0
0
0
0
0
0
0
0
0
0
0
0
2.8375957012176514
2.7640879154205322
2.7494471073150635
2.737929582595825
2.762246608734131
2.8043274879455566
0
0
0
0
0
0
0
0
0
0
0
0
0
0
0
0
0
0
0
0
0
0
0
0
0
0
0
0
0
0
0
0
0
0
0
0
0
0
0
0
0
0
0
1.6462819576263428
1.6029002666473389
1.574421763420105
1.5594125986099243
1.5338374376296997
1.537153959274292
1.533558964729309
1.5400946140289307
1.5694286823272705
1.6125396490097046
1.6543943881988525
0
0
0
0
0
0
0
0
0
0
0
0
0
0
0
0
0
0
0
0
0
0
0
0
0
0
0
0
0
0
0
0
0
0
0
0
0
0
0
0
0
0
0
0
0
0
0
0
0
0
0
0
0
0
0
0
0
0
0
0
0
0
0
0
0
0
0
0
0
0
0.6194939017295837
0.6032258868217468
0.5796768665313721
0.5560141801834106
0.5547982454299927
0.553918182849884
0.5394245982170105
0.5450610518455505
0.5418633818626404
0.5303983688354492
0.5321054458618164
0.5283162593841553
0.5367825031280518
0.5143221616744995
0.5156809091567993
0.5371800065040588
0.5295591950416565
0.5309323668479919
0.5339041948318481
0.5442743301391602
0.5505480766296387
0.5299516320228577
0.5617111325263977
0.5828647017478943
0.5857348442077637
0.6136230230331421
0.6369538903236389
0
0
0
0
0
0
0
0
0
0
0
0
0
0
0
0
0
0
0
0
0
0
0
0
0
0
0
0
0
0
0
0
0
2.4232547283172607
2.372753620147705
2.333251476287842
2.336663246154785
2.3374109268188477
2.368875741958618
2.3829739093780518
0
0
0
0
0
0
0
0
0
0
0
0
0
0
0
0
0
0
0
0
0
0
0
0
0
0
0
0
1.9564073085784912
1.884450912475586
1.864916205406189
1.8497679233551025
1.8442420959472656
1.8472219705581665
1.8534809350967407
1.8817660808563232
1.902590274810791
1.991478443145752
0
0.7788180708885193
0.733019232749939
0.7243503928184509
0.7122119665145874
0.6740452647209167
0.6766073107719421
