0
0
0
0
0
0
0
0
0
0
0
0
0
0
0
0
0
0
0
0
0
0
0
0
0
0
0
0
0
0
0
0
0
0
0
0
0
0
0
0
0
0
0
0
0
0
0
0
0
0
0
2.804978847503662
2.7610371112823486
2.727633476257324
2.7000277042388916
2.1822073459625244
2.1601598262786865
2.1391286849975586
2.1344997882843018
2.1267292499542236
2.1436476707458496
2.199430227279663
2.23146915435791
0
1.6596970558166504
1.6197806596755981
1.6165170669555664
1.5936167240142822
1.5737695693969727
1.5773684978485107
1.5820504426956177
1.5931707620620728
1.6121653318405151
1.6420239210128784
1.1637349128723145
1.146597146987915
1.113789439201355
1.0925992727279663
1.0767689943313599
1.081985354423523
1.0732851028442383
1.0852711200714111
1.0912388563156128
1.069887638092041
1.0736521482467651
1.0993751287460327
1.113761305809021
1.1298209428787231
1.1881625652313232
2.9787113666534424
2.978618621826172
2.9724669456481934
3.0100977420806885
3.061429023742676
0
0.752863883972168
0.7219109535217285
0.6985405683517456
0.6891776919364929
0.6882328391075134
0.6529699563980103
0.6692339181900024
0.65394526720047
0.6594903469085693
0.679594099521637
0.6630255579948425
0.6417118310928345
0.6684563755989075
0.6571890711784363
0.665758490562439
0.6650092005729675
0.6706875562667847
0.6777914762496948
0.6752418279647827
0.7143027782440186
0.716402530670166
0.7423989176750183
0
0
0
0
0
0
0
0
0
0
0
0
0
0
0
0
0
0
0
0
0
0
0
0
0
0
0
0
3.085115909576416
3.055898666381836
3.0392849445343018
3.03916072845459
3.0802931785583496
0
0
0
0
3.2644565105438232
3.1938507556915283
3.162533760070801
3.1563971042633057
3.196798801422119
3.306347370147705
0
0
0
0
0
0
0
0
0
0
0
0
0
0
0
0
0
0
0
0
0
0
0
0
0
0
1.8794212341308594
1.834958791732788
1.8113983869552612
1.8130366802215576
1.7924981117248535
1.8040688037872314
1.8276489973068237
1.8412455320358276
1.8877143859863281
0
0
0
0
0
0
0
1.807822585105896
1.7496402263641357
1.6941664218902588
1.6947805881500244
1.6829272508621216
1.6904823780059814
1.6679785251617432
1.7005342245101929
1.727995753288269
1.7414813041687012
0
0
0
0
0
0
0
0
0
0
0
0
0
0
0
0
0
0
0
0
0
0
0
0
0
0
0
0
0
0
0
0
0
0
0
0
0
0
0
0
0
0
0
0
0
0
0
0
0
0
0
0
0
0
0
0
0
0
0
0
0
0
0
0
0
0
0
0
0
0
0
0
0
0
0
0
0
0
0
0
0
0
0
0
0
0
0
0
0
0
0
0
0
0
0
0
0
0
0
0
0
0
0
0
0
0
0
0
0
0
0
0
0
0
0
0
0
0
0
0
0
0
0
0
0
0
0
0
0
0
0
0
0
0
0
0
0
0
0
0
0
0
0
0
0
0
0
0
