1.6424704790115356
1.6710366010665894
1.6823115348815918
0
0
0
0
0
0
0
0
0
0
0
0
0
0
0
0
0
0
0
0
0
2.337367057800293
2.2726540565490723
2.237591505050659
2.233694314956665
2.2266602516174316
2.2291882038116455
2.245690107345581
2.29170298576355
0
0
0
0
0
0
0
0
0
0
0
0
0
0
0
0
0
0
0
0
0
2.2276365756988525
2.2291905879974365
0
0
0
0
0
0
0
0
0
0
0
0
0
0
0
0
0
0
0
0
0
0
0
0
0
0
0
0
0
0
2.627612590789795
2.5930635929107666
2.578005313873291
2.572329044342041
2.5553836822509766
2.592714309692383
2.619192361831665
0
0
0
0
0.9814114570617676
0.9508543610572815
0.9178983569145203
0.9251798987388611
0.9145921468734741
0.8940674066543579
0.9035871624946594
0.9005120992660522
0.8773983716964722
0.9045453071594238
0.8827289342880249
0.8914169669151306
0.9121944308280945
0.928581714630127
0.9527395963668823
0.9680081009864807
0.9840251207351685
0
0
0
0
0
0
0
0
2.96869158744812
2.9856162071228027
2.9729442596435547
2.4930784702301025
2.5164923667907715
2.5355546474456787
2.5559380054473877
2.571598768234253
2.5806963443756104
2.624081611633301
2.611074686050415
2.6494810581207275
1.6838445663452148
1.687316656112671
1.7013472318649292
1.7276493310928345
1.734275221824646
1.7561300992965698
1.764674425125122
1.7907288074493408
1.8201689720153809
1.8390127420425415
1.8520050048828125
0
0
0
0
0
0
0
0
0
0
0
0
0
0
0
0
0
0
0
0
0
0.8214054107666016
0.8365640640258789
0.8535769581794739
0.8806400895118713
0.8990224599838257
0.9327298998832703
0.9615028500556946
1.0087090730667114
1.0376261472702026
1.0838046073913574
1.1420868635177612
1.1736884117126465
1.1744136810302734
1.164296269416809
1.1560173034667969
1.140858769416809
1.1339212656021118
1.1395092010498047
1.1416804790496826
1.1215907335281372
1.128543734550476
1.1080586910247803
1.126979947090149
1.0952837467193604
1.1115949153900146
1.1104251146316528
1.1019024848937988
1.0764436721801758
1.0970269441604614
1.0958871841430664
1.0982085466384888
1.0864636898040771
1.0897656679153442
1.1018669605255127
1.0910935401916504
1.0877615213394165
1.1043930053710938
1.1025569438934326
1.0997668504714966
1.0998084545135498
1.0924996137619019
1.1117689609527588
1.0967024564743042
1.099801778793335
1.121774673461914
1.1337406635284424
1.1359089612960815
1.1215776205062866
1.136499285697937
1.1595600843429565
1.1585235595703125
1.1600509881973267
1.144640326499939
1.1585932970046997
1.160477638244629
1.1568553447723389
1.1174335479736328
1.055936336517334
1.0215717554092407
1.016645073890686
0.9675980806350708
0.9295026659965515
0.8876029253005981
0.8811751008033752
0.8422590494155884
0.8217708468437195
0.8444303870201111
0
0
0
0
0
0
0
0
0
0
0
0
0
0
0
0
0
0
0
0
0
0
0
0
0
0
0
0
0
0
0
0
0
0
0
0
0
0
0
0
0
0
0
0
0
0
0
0
0
0
0
0
0
0
0
0
0
0
0
0
0
0
0
0
0
0
0
0
0
0
0
0
0
0
0
0
0
0
0
0
0
0
0
1.6839754581451416
1.6526341438293457
0
0
0
0
0
0
0
0
3.288538694381714
3.2148091793060303
3.213535785675049
3.212144136428833
3.2360541820526123
3.3392627239227295
0
0
0
0
0
0
0
0
0
0
0
0
0
0
0
0
0
0
0
0
0
1.6878573894500732
1.6594741344451904
1.6498008966445923
1.6198712587356567
1.6296501159667969
1.6265112161636353
1.6372958421707153
1.6236093044281006
