1.3512190580368042
1.3252592086791992
1.310622215270996
1.2880187034606934
1.2779697179794312
1.2837762832641602
1.2702232599258423
1.2912770509719849
1.2949374914169312
1.3159492015838623
1.3366056680679321
1.3393361568450928
0
0
0
0
0
0
0
0
0
0
0
0
0
0
0
0
0
0
0
0
0
0
0
0
0
0
0
0
0
0
0
0
0
0
0
0
0
0
0
0
0
0
0
0
0
0
0
0
0
0
0
0
0
0
0
0
0
0
0
0
0
0
0
0
0
0
0
0
0
0
0
0
0
0
0
0
0
0
0
0
0
0
0
0
0
0
0
2.215024471282959
2.2018425464630127
2.1654226779937744
2.1703498363494873
2.191936492919922
2.194464683532715
2.2478432655334473
0
0
0
0
0
0
0
0
0
0
0
0
0
0
0
0
0
0
0
0
0
0
0
0
0
0
0
0
0
0
0
0
0
0
0
0
0
0
0
0
0
0
0
0
0
0
2.338883876800537
2.2954318523406982
2.2910397052764893
2.2730112075805664
2.275634527206421
0.4222092926502228
0.4213846027851105
0.36650174856185913
0.37242573499679565
0.3666859567165375
0.35383519530296326
0.34679216146469116
0.3441590368747711
0.34168359637260437
0.31826135516166687
0.34553810954093933
0.353376179933548
0.3209482729434967
0.32556524872779846
0.32845786213874817
0.31644296646118164
0.31622350215911865
0.33112144470214844
0.3090532720088959
0.32724425196647644
0.3241189122200012
0.29541370272636414
0.31997889280319214
0.3308649957180023
0.3108905255794525
0.3174276351928711
0.3348199725151062
0.3381756544113159
0.34585437178611755
0.32797667384147644
0.35089489817619324
0.3388112187385559
0.36255282163619995
0.36622434854507446
0.366671621799469
0.3781941533088684
0.3838161826133728
0.4067918658256531
0.4542361795902252
2.070648431777954
2.0835702419281006
2.1068334579467773
2.135096788406372
0
0
0
0
0
0
0
0
0
0
0
0
0
0
0
0
0
0
0
0
0
0
0
0
0
0
0
0
0
2.5180838108062744
2.4921700954437256
2.4601707458496094
2.4590320587158203
2.4689533710479736
2.497039794921875
2.5555107593536377
0
0
0
0
0
0
0
0
0
0
0
0
0
0
0
0
0
0
0
3.457319974899292
3.3689701557159424
3.3538241386413574
3.3608896732330322
3.3580868244171143
0
0
0
0
0
1.9574710130691528
1.9385985136032104
1.905370831489563
1.8958430290222168
1.8921607732772827
1.8888736963272095
1.911807656288147
1.9315696954727173
1.9714198112487793
0
0
0
0
0
0
0
0
0
0
0
0
0
0
0
0
0
0
0
0
0
0
0
0
0
0
0
0
0
0
0
0
0
0
0
0
3.3512516021728516
0
0
0
2.235884666442871
2.177349328994751
2.1623406410217285
2.1420981884002686
2.1454551219940186
2.1309475898742676
2.1793012619018555
2.210157871246338
0
0
0
0
0
0
0
0
0
0
0
0
0
0
0
0
0
3.5
3.4803662300109863
3.5
0
0
0
0
0
0
0
0
0
0
0
0
0
0
0
0
1.4471218585968018
1.3475184440612793
