0
0
0
0
0
0
0
0
0
0
0
0
0
0
0
0
0
0
0
0
0
0
0
0
2.2053518295288086
2.1515653133392334
2.1445226669311523
2.1322062015533447
2.1468520164489746
2.15510630607605
2.1747117042541504
2.2242870330810547
0
0
0
0
0
0
0
0
0
0
0
0
0
3.463911294937134
3.4138522148132324
3.3975608348846436
3.3815014362335205
3.366197347640991
3.323279857635498
3.296103000640869
3.2607882022857666
3.255582571029663
3.244276285171509
3.2412171363830566
3.212980270385742
3.1994612216949463
3.1855812072753906
3.1952667236328125
1.2174596786499023
1.1932634115219116
1.1864421367645264
1.1591166257858276
1.1337231397628784
1.142997145652771
1.128166913986206
1.154510498046875
1.1405469179153442
1.146452784538269
1.1467349529266357
1.1743420362472534
1.1971309185028076
1.2115579843521118
0
0
0
0
0
0
0
0
0
0
0
0
0
0
0
0
0
0
0
0
0
0
0
0
0
0
0
0
0
0
0
0
0
0
0
0
2.334341287612915
2.275418758392334
2.259148597717285
2.232400894165039
2.254624843597412
2.2746481895446777
2.2906458377838135
0
0
0
0
0
0
0
0
0
0
0
0
0
0
0
0
0
0
0
0
0
0
0
0
0
0
0
0
0
0
0
0
0
0
0
0
0
0
0
0
0
0
0
0
0
0
0
0
0
0
0
0
0
0
0
0
0
0
0
0
0
0
0
0
0
0
0
0
0
0
0
0
0
0
0
0
0
0
0
0
0
0
0
0
0
0
1.3617258071899414
1.3386033773422241
1.3146934509277344
1.3089725971221924
1.2874525785446167
1.293560266494751
1.2757519483566284
1.2847108840942383
1.294301986694336
1.3291374444961548
1.3250092267990112
1.3700348138809204
0
0
0
0
0
0
0
0
0
0
0
0
0
0
0
0
0
0
0
0
0
0
0
0
0
0
0
0
0
0
0
0
0
0
0
0
0
0
0
0
0
0
0
0
0
0
0
0
0
0
0
0
0
0
0
0
0
2.5564260482788086
2.531836986541748
2.518345594406128
2.518699884414673
2.529785633087158
2.561265707015991
2.6447930335998535
0
0
0
0
0
1.8571020364761353
1.8507401943206787
1.8245877027511597
1.8413360118865967
1.8421189785003662
1.8247625827789307
1.8449592590332031
1.8203614950180054
1.821356177330017
1.806413173675537
1.8117507696151733
1.8090007305145264
1.7918485403060913
1.8118207454681396
1.800773024559021
1.8039356470108032
1.8055148124694824
1.8202768564224243
1.806207299232483
1.8143162727355957
1.8114968538284302
1.8364813327789307
1.821994662284851
1.8296631574630737
1.8485687971115112
1.8766064643859863
1.844954013824463
1.8597158193588257
1.872801661491394
1.8678627014160156
1.896126389503479
0
1.2429225444793701
1.1951802968978882
1.1955684423446655
1.176824688911438
1.1622238159179688
1.157502293586731
1.1781729459762573
1.1665407419204712
1.1657789945602417
1.159806251525879
1.1807349920272827
1.2009758949279785
1.2306053638458252
1.26242196559906
0
0
0
0
0
0
0
0
3.149028778076172
3.0982136726379395
3.100543737411499
3.088815212249756
3.1168949604034424
3.2029201984405518
0
0
0
0
0
0
0
0
0
0
0
0
0
0
0
0
