2.041332244873047
2.0761706829071045
2.0969908237457275
2.132288694381714
2.153198480606079
2.1852774620056152
2.2170755863189697
2.190396547317505
2.144536256790161
2.1051599979400635
2.0812928676605225
2.039418935775757
2.0051510334014893
1.969677209854126
1.9677585363388062
0
0
0
0
0
0
0
0
0
0
0
0
0
0
0
0
0
0
0
0
0
0
0
0
0
0
0
0
0
0
1.663744568824768
1.6339105367660522
1.6342698335647583
1.6463451385498047
1.6310386657714844
1.6382732391357422
1.658685564994812
1.6343493461608887
1.6382044553756714
1.6253511905670166
1.625144362449646
1.626483678817749
1.6366046667099
1.6573325395584106
2.0998971462249756
1.7498177289962769
1.6663132905960083
1.6498229503631592
1.6645479202270508
1.669928789138794
1.6559966802597046
1.6750562191009521
1.6967778205871582
1.6885312795639038
1.6830333471298218
1.6990338563919067
1.7235023975372314
1.7275729179382324
1.7304593324661255
0
0
0
0
0
0
0
0
0
0
0
3.4462671279907227
3.5
0
0
0
0
0
0
3.4641947746276855
3.381728410720825
2.7480502128601074
2.7673542499542236
2.6355602741241455
2.572938919067383
2.525235176086426
2.4915084838867188
2.4629263877868652
2.4166831970214844
3.044412136077881
3.0945568084716797
3.1751325130462646
3.2484447956085205
3.3144772052764893
3.327542304992676
3.284214973449707
3.2399942874908447
3.2177810668945312
3.19602632522583
3.1460299491882324
0
1.9257051944732666
1.8789657354354858
1.8424943685531616
1.7858691215515137
1.744551181793213
1.7237871885299683
1.681870460510254
1.6728070974349976
2.215513229370117
2.270462989807129
2.3168277740478516
2.348360061645508
2.3798584938049316
2.4497814178466797
2.5013675689697266
0.6017001271247864
0.5898973941802979
0.5862408876419067
0.5924126505851746
0.622003436088562
2.454134941101074
2.412017822265625
2.39186692237854
2.367490768432617
0
0
0
0
0
0
0
0
0
0
0
0
0
0
0
0
0
0
0
0
0
0
0
0
0
0
0
0
0
0
0
0
0
0
0
0
0
0
0
0
0
0
0
0
1.9735608100891113
2.023507833480835
2.050435781478882
2.069061756134033
2.104147434234619
2.1413283348083496
2.1903915405273438
2.2277376651763916
2.2645633220672607
2.270547866821289
1.6598155498504639
1.678317666053772
1.7059165239334106
1.7435784339904785
1.7982908487319946
1.851039171218872
1.883606195449829
1.9205130338668823
1.975103497505188
2.913417339324951
2.8661551475524902
2.849583387374878
2.8241777420043945
2.784390926361084
2.752678871154785
2.736359119415283
2.708657741546631
2.6892993450164795
2.6754465103149414
2.664010763168335
2.637836217880249
2.626750946044922
2.6097230911254883
2.5888195037841797
2.5622522830963135
2.5598106384277344
2.557851791381836
2.5277764797210693
2.5113115310668945
2.551746129989624
2.7759640216827393
2.5599734783172607
2.537605047225952
2.5243899822235107
2.5341861248016357
2.5306007862091064
2.52596378326416
2.527367115020752
2.525404691696167
2.5125420093536377
2.5201056003570557
2.5191853046417236
2.5129940509796143
2.532419204711914
2.498816728591919
2.52610445022583
2.5281083583831787
2.529522657394409
2.5395379066467285
2.541142702102661
2.545252799987793
2.554900884628296
2.559814691543579
2.5501179695129395
2.5731265544891357
2.591101884841919
2.5953261852264404
2.633963108062744
2.6239891052246094
2.6586709022521973
2.658466339111328
2.679558753967285
2.694486379623413
2.7115747928619385
2.7146739959716797
2.7611093521118164
2.7818033695220947
2.8045122623443604
2.8389387130737305
2.8336076736450195
2.865140438079834
2.9078526496887207
2.9676263332366943
0.9899336695671082
0.956164538860321
0.9598354697227478
0.9738377928733826
2.143880844116211
2.1161632537841797
2.074760913848877
2.0333454608917236
2.0005900859832764
1.9540445804595947
2.509120464324951
2.532133102416992
2.5801918506622314
2.626499652862549
2.660165309906006
2.720440149307251
2.7860000133514404
2.8456671237945557
2.822115182876587
2.8089869022369385
2.7697982788085938
2.735001802444458
2.684537887573242
2.659466505050659
2.627803325653076
0
0
0
0
0
0
0
0
0
0
0
0
0
0
0
0
0
1.3277497291564941
1.3917312622070312
1.513377070426941
1.6300780773162842
1.669120192527771
1.6728508472442627
1.671336054801941
1.6915518045425415
1.6523069143295288
1.6554497480392456
1.6774982213974
1.6727385520935059
1.6513041257858276
1.648471474647522
1.662390112876892
1.6617711782455444
1.66486656665802
1.6591417789459229
1.6588833332061768
1.6470173597335815
1.6551376581192017
1.655590534210205
1.6733503341674805
1.6764155626296997
1.6775187253952026
1.666757583618164
1.6890672445297241
1.7014023065567017
1.6831028461456299
1.738188624382019
1.6939083337783813
1.7336671352386475
1.7192054986953735
1.734224796295166
1.6666568517684937
1.5720678567886353
1.4937646389007568
1.442577600479126
1.3643648624420166
1.469604253768921
1.4010244607925415
1.3960051536560059
1.8559961318969727
1.8719569444656372
1.862592101097107
1.9057778120040894
1.9200330972671509
1.933266520500183
1.9490272998809814
1.987575650215149
1.9998327493667603
2.03208065032959
