2.5619728565216064
0
0
0
0
0
0
0
0
0
0
0
0
0
0
0
2.6401422023773193
2.5955147743225098
2.6015453338623047
2.599246025085449
2.5962271690368652
2.638685941696167
0
0
0
0
0
0
0
0
0
0
0
0
0
0
3.4349818229675293
3.342428684234619
3.3148610591888428
3.300917148590088
3.313190460205078
3.385801076889038
0
0
0
0
0
0
0
0
0
0
0
0
0
0
0
0
0
0
0
0
0
0
0
0
0
0
0
0
0
0
0
0
0
0
0
0
0
0
0
0
0
0
0
0
0
0
0
2.1840078830718994
0
0
0
0
0
0
0
0
0
0
0
0
0
0
3.4843082427978516
2.9624664783477783
2.8929531574249268
2.892550468444824
2.879699230194092
2.897139549255371
2.9345312118530273
0
0.643409013748169
0.5916659832000732
0.5864952206611633
0.5682462453842163
0.5449491739273071
0.5451657772064209
0.5569986701011658
0.5259400606155396
0.5239518284797668
0.5228329300880432
0.5247559547424316
0.5198273062705994
0.5168284177780151
0.5155243277549744
0.5085632801055908
0.5172343850135803
0.5182815194129944
0.5059083700180054
0.5248371362686157
0.5009697079658508
0.5401975512504578
0.5529802441596985
0.5412259697914124
0.5647363662719727
0.5648218393325806
0.5886667370796204
0.6070875525474548
1.0116075277328491
0.9829923510551453
0.9985049366950989
0.9805554151535034
0.9834727644920349
0.9703167080879211
0.9642878770828247
0.9704300165176392
0.9571300148963928
0.9797915816307068
0.995238721370697
1.01120126247406
1.0262335538864136
1.0944113731384277
1.608162522315979
1.6062657833099365
1.5635743141174316
1.5353176593780518
1.5006437301635742
1.4895951747894287
1.4812880754470825
1.4328845739364624
1.4495081901550293
1.4086707830429077
1.387947916984558
1.3678301572799683
1.3714743852615356
1.353197693824768
1.3293348550796509
1.3075191974639893
1.311539888381958
1.2993208169937134
1.2759648561477661
1.2699803113937378
1.2570075988769531
1.2615424394607544
1.2354141473770142
1.2537832260131836
1.222180962562561
1.223284125328064
1.2341899871826172
1.212646245956421
1.1913272142410278
1.1852713823318481
1.191472053527832
1.1857157945632935
1.1776025295257568
1.1750959157943726
1.1649965047836304
1.1767547130584717
1.1451672315597534
1.1643856763839722
1.163429856300354
1.1320081949234009
1.1556543111801147
1.156806230545044
1.1513770818710327
1.1490322351455688
1.160844326019287
1.129155158996582
1.1482900381088257
1.1371657848358154
1.1602288484573364
1.1551322937011719
1.144416332244873
1.143615961074829
1.1580078601837158
1.1671228408813477
1.1512584686279297
1.1820003986358643
1.1834112405776978
1.1779615879058838
1.1950961351394653
1.1845037937164307
1.201053500175476
1.185731053352356
1.1923729181289673
1.2155073881149292
1.2199324369430542
1.2258013486862183
1.2107819318771362
1.2469738721847534
1.2642970085144043
1.2597814798355103
1.2635754346847534
1.2892087697982788
1.2929214239120483
1.3044925928115845
1.3239448070526123
1.3368523120880127
1.3543503284454346
1.3686546087265015
1.3873279094696045
1.3964287042617798
1.4282326698303223
1.4347953796386719
1.445603609085083
1.467501163482666
1.4722598791122437
1.5070204734802246
1.537463665008545
1.568291187286377
1.5909583568572998
1.607469081878662
1.6384449005126953
1.6695175170898438
1.7183465957641602
1.7485657930374146
1.7716634273529053
1.8053828477859497
1.8696619272232056
0
0
0
0
0
0
0
0
0
0
0
0
0
0
0
0
0
0
0
0
0
0
0
0
0
0
0
0
0
0
0
0
0
0
0
0
0
0
0
0
0
0
0
0
0
0
0
0
0
0
0
0
0
0
0
0
0
0
0
0
0
0
0
0
0
0
0
0
0
0
0
0
0
0
0
0
0
0
0
0
1.350066065788269
1.3708813190460205
0
0
0
0
0
0
0
0
0
0
0
0
0
0
0
0
0
0
0
0
0
2.5917773246765137
2.5395824909210205
2.4812490940093994
2.465287446975708
2.508169412612915
2.5133414268493652
2.530358076095581
