0
0
0
0
0
0
0
0
0
0
0
0
0
0
1.9386816024780273
1.8793755769729614
1.8586604595184326
1.833398461341858
1.8035606145858765
1.835531234741211
1.8361362218856812
1.8375617265701294
1.8607492446899414
1.9119044542312622
0
0
0
0
0
0
0
0
0
0
0
0
0
0
0
0
0
0
0
0
0
0
0
0
0
0
0
0
0
0
0
0
0
0
0
0
0
0
0
0
0
0
0
0
0
0
0
0
0
0
0
0
0
0
0
0
0
0
0
0
0
0
0
0
0
0
0
0
0
0
0
0
0
0
0
0
0
0
0
0
0
0
0
0
0
0
0
0
0
0
0
0
0
0
0.6524162888526917
0.6111329197883606
0.576345682144165
0.5780304670333862
0.5543786883354187
0.5790081024169922
0.5293132662773132
0.5375359058380127
0.5348824262619019
0.528915524482727
0.5225303173065186
0.5235384106636047
0.5351577401161194
0.5253062844276428
0.5297999978065491
0.5438861846923828
0.5238043665885925
0.5282575488090515
0.539461076259613
0.5325578451156616
0.5320011973381042
0.5513927936553955
0.5425428152084351
0.5603833198547363
0.5786005258560181
0.5997559428215027
0.6066997647285461
0
0
0
0
0
0
0
0
0
0
0
0
0
0
0
0
0
0
0
0
0
0
0
0
0
0
0
0
0
0
0
0
0
0
0
1.9977400302886963
1.958820104598999
1.9495526552200317
1.932072401046753
1.940056324005127
1.9371380805969238
1.948290228843689
1.9848419427871704
0
0
0
0
0
0
0
0
0
0
0
0
0
0
0
0
0
0
0
3.137237787246704
3.0681653022766113
3.050172805786133
3.048462390899658
3.0552244186401367
3.1203224658966064
0
0
0
0
0
0
0
0
0
0
0
0
0
0
0
0
0
0
0
0
0
0
0
0
0
0
0
0
0
0
0
0
2.390565872192383
2.306346893310547
2.3126518726348877
2.279207944869995
2.270728588104248
2.2850420475006104
2.3006205558776855
2.361323833465576
0
0
0
0
0
0
0
0
0
0
0
0
0
0
0
0
0
0
0
0
0
0
0
0
3.243863582611084
3.1606175899505615
3.150505304336548
3.1477692127227783
3.1614997386932373
3.20440411567688
0
0
0
0
0
0
0
0
0
0
0
0
0
2.5625643730163574
2.499267339706421
2.4850521087646484
2.487457752227783
2.474287748336792
2.492182970046997
2.5465292930603027
0
0
0
1.3035045862197876
1.2646729946136475
1.254292607307434
1.2493629455566406
1.2173517942428589
1.2186279296875
1.2332249879837036
1.221045970916748
1.2299811840057373
1.2390718460083008
1.235395908355713
1.2804368734359741
1.277946949005127
0
0
0
0
0
0
0
0
0
0
0
0
0
0
0
0
0
0
0
2.5990591049194336
2.5487613677978516
2.559295654296875
2.543550968170166
2.548902750015259
2.5704612731933594
2.6169750690460205
0
0
0
0
0
0
0
0
0
0
0
0
0
0
0
