3.0640735626220703
0
0
0
0
0
0
0
0
0
0
0
0
0
0
0
0
0
1.2224129438400269
1.1637654304504395
1.1425360441207886
1.111237645149231
1.1109484434127808
1.0948625802993774
1.0832762718200684
1.1115200519561768
1.1042089462280273
1.1315968036651611
1.1269229650497437
1.1480783224105835
1.1376826763153076
1.178131341934204
1.2081854343414307
0
0
0
0
0
0
0
0
0
2.6037731170654297
2.586245536804199
2.56927227973938
2.5621531009674072
2.5729267597198486
2.5925283432006836
2.662036895751953
0
0
0
0
0
0
0
0
0
0
0
0
0
0
0
0
0
0
0
0
0
0
0
0
0
0
0
1.7880619764328003
1.7599073648452759
1.7548339366912842
1.7345818281173706
1.741778016090393
1.7364379167556763
1.7393255233764648
1.7557791471481323
1.777241587638855
2.378211736679077
2.3119447231292725
2.264625072479248
2.282017707824707
2.2673609256744385
2.258460760116577
2.277813673019409
2.3284475803375244
0
1.28312349319458
1.2606513500213623
1.2401237487792969
1.2144049406051636
1.2008718252182007
1.2026528120040894
1.1988357305526733
1.2185008525848389
1.2139149904251099
1.2110639810562134
1.2270188331604004
1.2592861652374268
1.260491132736206
0
0
0
0
0
0
0
0
0
0
0
0
0
0
0
0
0
0
0
0
0
0
0
0
0
0
0
3.4900689125061035
3.441084384918213
3.441470146179199
3.4813477993011475
0
0
0
0
0
3.2581851482391357
3.20265531539917
3.2262985706329346
3.2025156021118164
3.2762529850006104
0
0
0
0.7453082203865051
0.7179207801818848
0.6986439824104309
0.6661063432693481
0.658204197883606
0.6548455953598022
0.6786983013153076
0.6569080352783203
0.6457729935646057
0.6614577770233154
0.6437520384788513
0.6400768160820007
0.6622703671455383
0.6540454030036926
0.6482951045036316
0.6558567881584167
0.665306031703949
0.6726039052009583
0.6828972697257996
0.688697874546051
0.7084977626800537
0.7424144148826599
0
0
3.202127456665039
3.1429786682128906
3.130584239959717
3.1295599937438965
3.1435585021972656
3.2475733757019043
0
0
0
0
0
0
0
0
0
0
0
0
0
0
0
0
2.0126304626464844
2.021249532699585
0
0
0
0
0
0
0
0
0
0
0
0
0
0
0
0
1.3807779550552368
1.3172638416290283
1.293233036994934
1.2650166749954224
1.2491528987884521
1.239377737045288
1.2497596740722656
1.2585967779159546
1.2278934717178345
1.2502089738845825
1.2671549320220947
1.2723164558410645
1.3399438858032227
0
0
0
0
0
0
0
0
0
0
0
0
0
0
0
0
0
3.357551097869873
3.32582426071167
3.3177170753479004
3.307281970977783
1.1385283470153809
1.1638128757476807
0
0
0
0
0
0
0
0
0
0
0
0
0
0
0
0
0
0
2.823166847229004
2.7327871322631836
2.7134928703308105
2.7116615772247314
2.7291059494018555
2.735013484954834
2.8238449096679688
0
0
0
0
0
0
0
0
0
0
0
0
0
0
0
0
0
0
1.3436692953109741
1.317667007446289
1.285082459449768
1.27797269821167
1.2475864887237549
1.2696118354797363
1.255854606628418
1.2506190538406372
1.2695882320404053
1.27842378616333
1.2780349254608154
1.3192249536514282
1.3560280799865723
0
0
0
0
0
0
0
0
0
0
0
2.8819940090179443
2.801426410675049
2.78204607963562
2.7692360877990723
2.776890993118286
2.81182861328125
2.8660366535186768
0
0
0
0
0
0
0
0
0
0
0
0
0
0
0
0
0
0
0
0
0
0
0
0
0
0
0
0
0
0
3.068225860595703
3.022825002670288
3.00569486618042
3.016970634460449
3.0454142093658447
