1.374193787574768
1.3896201848983765
1.385040283203125
1.3936665058135986
1.387281060218811
1.3861010074615479
1.3802975416183472
1.376772403717041
1.4075194597244263
1.401615023612976
1.4117435216903687
1.4013134241104126
1.431748628616333
1.4239052534103394
1.414806604385376
1.426998257637024
1.4481054544448853
1.4524000883102417
1.4364982843399048
1.4657279253005981
1.4953545331954956
1.484137773513794
1.4876190423965454
1.5317100286483765
1.5202010869979858
1.531480312347412
1.5383806228637695
1.578392744064331
1.552656888961792
1.58191978931427
1.5928276777267456
1.6212594509124756
1.6182596683502197
1.651846170425415
1.670520544052124
1.6978501081466675
1.715491533279419
1.7550957202911377
1.7765254974365234
1.7604894638061523
1.8012365102767944
1.8262850046157837
1.8589833974838257
1.8941737413406372
1.9176801443099976
1.9572383165359497
1.9920316934585571
2.0271215438842773
2.047194004058838
2.091353416442871
2.199033260345459
2.228555202484131
2.28446888923645
2.3278355598449707
2.381442070007324
2.4491491317749023
2.5286788940429688
2.564129590988159
2.6472089290618896
2.7227351665496826
2.808884859085083
2.891112804412842
2.9867970943450928
3.110272169113159
3.197268009185791
3.322113037109375
3.459745168685913
0
0
0
0
0
0
0
0
0
0
0
0
0
0
0
0
0
0
0
0
0
0
0
0
0
0
0
0
0
0
0
0
0
0
0
0
0
0
0
0
0
0
0
0
0
0
0
0
0
0
0
0
0
0
0
1.0162850618362427
0.987189531326294
1.0116677284240723
1.0147045850753784
0
0
0
0
0
3.092613697052002
2.988776922225952
2.9625601768493652
2.958850622177124
2.9898877143859863
3.052513837814331
0
0
0
0
0
0
0
0
0
0
0
0
0
0
0
0
0
0
0
0
0
0
0
0
0
0
0
2.8720149993896484
2.7979767322540283
2.7731499671936035
2.7356438636779785
2.769252300262451
2.7991976737976074
0
0
0
0
0
0
0
0
0
0
1.1190061569213867
1.1139497756958008
1.0648843050003052
1.0606136322021484
1.0696660280227661
1.0482988357543945
1.0713340044021606
1.0586539506912231
1.0380460023880005
1.0454014539718628
1.0731630325317383
1.0813865661621094
1.098716139793396
1.1213356256484985
1.1706008911132812
0
0
0
0
0
0
0
0
2.769580841064453
0
0
0
0
0
0
0
0
0
0
0
0
0
0
0
0
0
0
0
0
0
0
0
0
0
0
0
0
0
0
0
2.1778640747070312
2.1389687061309814
2.1040725708007812
2.086794853210449
2.0966031551361084
2.082732677459717
2.128021001815796
2.1526381969451904
0
0
0
0
0
0
0
0
0
0
0
0
0
0
0
0
0
0
0
0
0
0
0
0
0
0
0
3.401700019836426
3.3481550216674805
3.3373172283172607
3.3480231761932373
3.374581813812256
0
0
0
0
0
0
0
0
0
0
0
0
0
0
0
0
0
0
3.4645893573760986
3.348524570465088
3.232959270477295
3.113955020904541
3.015380620956421
2.9213707447052
2.826904058456421
2.742929458618164
2.6629228591918945
2.5954973697662354
2.5205719470977783
2.4614956378936768
2.3929686546325684
2.3398373126983643
2.283698797225952
2.2491791248321533
2.169569492340088
2.1360790729522705
2.1078944206237793
2.0620667934417725
2.0192606449127197
1.9730218648910522
1.9239178895950317
1.8993386030197144
1.8800667524337769
1.8603214025497437
1.8202577829360962
1.7934331893920898
1.776942491531372
1.7474089860916138
1.7000648975372314
1.7086056470870972
1.684368371963501
1.6604490280151367
1.6492116451263428
1.638006329536438
1.6013662815093994
1.5844801664352417
1.5764280557632446
1.5507508516311646
1.5325928926467896
1.5387516021728516
1.5274951457977295
1.4980238676071167
1.4888734817504883
1.4828001260757446
1.4674900770187378
1.4629507064819336
1.4470525979995728
1.4613683223724365
1.4499746561050415
1.4383786916732788
1.4373830556869507
1.4284648895263672
1.4241613149642944
1.416048526763916
1.4068509340286255
1.4176723957061768
1.4033911228179932
1.3992301225662231
1.405138611793518
1.3880236148834229
1.396837592124939
1.3916829824447632
1.4006439447402954
1.3727630376815796
1.4016363620758057
