0
0
0
0
0
0
0
0
0
0
0
0
0
0
0
0
0
0
0
0
0
0
0
0
0
0
0
0
2.1023080348968506
2.055556058883667
2.038015127182007
2.0182597637176514
2.043673038482666
2.051852226257324
2.0388214588165283
2.098719358444214
0
0
0
0
0
0
0
0
0
0
0
0
0
0
3.032654285430908
0
0
0
0
0
0
0
0
0
0
0
0
0
0
0
0
0
0
0
0
0
0
0
0
0
0
0
0.9889330267906189
0.9545643925666809
0.9432103037834167
0.9042351841926575
0.9175060391426086
0.9016750454902649
0.9004923701286316
0.8886394500732422
0.9012094140052795
0.897324800491333
0.8913037776947021
0.8903985619544983
0.8891746997833252
0.9081389904022217
0.9310827255249023
0.9286046624183655
0.9488604068756104
0.9852052927017212
2.7439944744110107
0
0
0
0
0
0
0
0
0
0
0
0
0
0
0
0
0
0
0
0
0
0
0
0
0
0
0
0
0
0
0
0
0
0
0
0
0
0
0
0
0
0
0
0
0
0
0
0
0
0
0
0
0
0
0
0
0
0
0
0
0
0
0
0
0
0
0
0
0
0
0
0
0
0
0
1.7200344800949097
1.7156472206115723
0
0
0
0
0
0
0
0
0
0
0
0
0
2.9228675365448
2.9048876762390137
2.8649914264678955
2.8634626865386963
2.907414674758911
2.966939687728882
0
0
0
0
0
0
0
0
0
0
0
0
0
0
0
0
0
0
0
0
0
0
0
0
0
0
0
0
0
0
0
0
0
0
0
1.8455618619918823
1.8320565223693848
1.8146800994873047
1.8041797876358032
1.7995353937149048
1.8188260793685913
1.8338067531585693
1.8613238334655762
1.8944848775863647
0
0
0
0
0
0
0
0
0
0
0
3.2052934169769287
0
0
0
0
0
0
0
0
0
0
0
0
0
0
0
0
0
0
0
0
0
0
0
0
0
0
0
0
0
0
0
0
0
0
0
0
0
0
0
0
0
0
0
0
0
0
0
0
0
0
0
0
0
0
0
1.748879075050354
1.683457851409912
1.662788987159729
1.645970344543457
1.6129567623138428
1.6162396669387817
1.6174991130828857
1.6331878900527954
1.6554136276245117
1.6670578718185425
1.6974514722824097
0
0
0
0
0
0
0
0
0
0
0
0
0
0
0
0
0
0
0
0
0
0
0
0
0
0
1.226826786994934
1.1864014863967896
1.2017933130264282
0
0
0
0
0
2.6836071014404297
2.6492230892181396
2.6406266689300537
2.630432367324829
2.6563479900360107
2.6743783950805664
0
0
0
0
0
