1.5222923755645752
1.5400968790054321
1.5337762832641602
1.5649795532226562
1.6173088550567627
0
0
0
0
0
2.9216620922088623
2.8433244228363037
2.823376417160034
2.8155264854431152
2.8148818016052246
2.849851369857788
2.9231855869293213
0
0
0
0
0
0
0
0
0
0
0
0
0
0
0
0
0
0
0
0
0
0
0
0
0
0
0
0
0
0
0
0
0
3.2711195945739746
3.2071609497070312
3.168257713317871
3.182525873184204
3.165337324142456
3.233704090118408
0
0
0
2.12229323387146
2.0707709789276123
2.0469274520874023
2.0651073455810547
2.0352585315704346
2.045386552810669
2.0508809089660645
2.0547330379486084
2.1429035663604736
0
0
0
0
0
0
0
0
0
0
0
0
0
1.2318803071975708
1.186118721961975
1.1652965545654297
1.1688125133514404
1.1630988121032715
1.122290849685669
1.1476740837097168
1.1259835958480835
1.1337158679962158
1.1416891813278198
1.1507012844085693
1.1592693328857422
1.1862328052520752
1.1915196180343628
3.243854522705078
3.26045298576355
3.2886250019073486
3.3513762950897217
0
0
0
0
0
0
0
0
0
0
0
0
0
0
0
0
0
2.726954698562622
2.7076339721679688
2.675158977508545
2.6927428245544434
2.7217941284179688
2.776233196258545
0
0
0
0
0
0
0
0.5825549364089966
0.5299226641654968
0.5378102660179138
0.5166244506835938
0.5217533111572266
0.5022860765457153
0.50215744972229
0.5203915238380432
0.4927460253238678
0.49003666639328003
0.49277547001838684
0.47839680314064026
0.48458167910575867
0.4964076578617096
0.49261045455932617
0.5081513524055481
0.4785601496696472
0.5051482915878296
0.4880964159965515
0.5013825297355652
0.505885899066925
0.5032356381416321
0.5025895833969116
0.523029625415802
0.5305736064910889
0.5292043685913086
0.55572909116745
0.5837714672088623
0
0
0
0
0
0
0
0
0
0
0
0
0
0
0
0
0
0
0
0
1.9601370096206665
1.9277855157852173
1.9135997295379639
1.9126795530319214
1.9076149463653564
1.901190161705017
1.9080126285552979
1.9564069509506226
2.000460386276245
0
0
0
0
0
0
0
0
0
0
0
0
0
0
0
0
0
0
0
0
0
0
3.4167375564575195
0
0
0
0
0
0
0
0
0
0
0
0
0
0
0
0
0
0
2.057304620742798
1.9971113204956055
1.9587334394454956
1.9602819681167603
1.9670132398605347
1.9621330499649048
1.9740790128707886
2.0108838081359863
2.079652786254883
0
0
0
0
0
0
0
0
0
0
0
0
0
0
2.4733896255493164
2.4170377254486084
2.406419515609741
2.4010796546936035
2.4116764068603516
2.429988384246826
2.480170249938965
0
0.6709480285644531
0.6147995591163635
0.6092621088027954
0.5893553495407104
0.5764428973197937
0.586638867855072
0.5824744701385498
0.5701669454574585
0.5574077367782593
0.5642058849334717
0.5440489649772644
0.5484937429428101
0.5614500045776367
0.5590435266494751
0.5461610555648804
0.554519772529602
0.5719112157821655
0.5678219795227051
0.5655456781387329
0.5887715220451355
0.5710456371307373
0.5787051916122437
0.5750483870506287
0.6078662276268005
0.6291563510894775
0.6543378233909607
1.6282801628112793
1.6420453786849976
1.6756168603897095
1.7097394466400146
2.8612594604492188
2.9054315090179443
0
0
0
0
0
0
0
0
0
0
0
0
0
0
0
0
0
0
0
0
0
0
2.776418685913086
2.724822759628296
2.710857629776001
2.7068612575531006
2.7172458171844482
2.748955488204956
0
0
0
0
1.7988245487213135
1.7535685300827026
1.7431257963180542
1.7046127319335938
1.735571265220642
1.7348127365112305
1.7290765047073364
1.7554048299789429
1.758086919784546
1.8108723163604736
0
0
0
0
0
0
0
0
3.453704595565796
3.416522264480591
3.394352912902832
3.4231979846954346
3.446246385574341
0
0
0
0
0
0
0
0
1.5855108499526978
1.5597362518310547
1.5182240009307861
1.526943564414978
1.5149725675582886
1.5065745115280151
1.5105239152908325
