0
3.493272542953491
3.4924185276031494
3.492335557937622
3.4956841468811035
3.482508420944214
3.4762446880340576
3.4908671379089355
3.490168571472168
3.4849586486816406
3.5
3.4937264919281006
3.221511125564575
0
0
0
0
0
0
0
0
0
0
0
0
2.4827466011047363
2.426262378692627
2.4009311199188232
2.337817668914795
2.3080737590789795
2.2648587226867676
2.23018741607666
2.844484806060791
2.91648268699646
2.988176107406616
3.0328147411346436
3.112896203994751
3.165705442428589
3.1102051734924316
3.0734875202178955
3.061748504638672
3.011855125427246
2.979989528656006
2.9984376430511475
0
0
0
0
0
0
0
0
0
0
0
0
0
0
0
2.187910556793213
2.309788227081299
2.533191680908203
2.575819492340088
2.5619194507598877
2.569012403488159
2.5695436000823975
2.540304660797119
2.5402119159698486
2.5355522632598877
2.551913022994995
2.532024383544922
2.537320613861084
2.548731565475464
2.55305552482605
2.5516347885131836
2.52152156829834
2.5707573890686035
2.542034864425659
2.5600602626800537
2.5771732330322266
2.5763964653015137
2.526843309402466
2.2706377506256104
0
0
0
0
0
0
0
0
0
0
0
0
0
0
0
0
0
0
0
0
0
0
0
0
0
0
0
0
2.854578971862793
3.00799560546875
3.1920149326324463
3.235323667526245
3.2450056076049805
3.2185394763946533
3.1866531372070312
3.186206817626953
3.191274404525757
2.716783046722412
2.9232378005981445
0
0
0
0
0
0
0
0
0
0
0
0
0
0
0
0
0
0
0
0
0
0
0
0
0
0
0
0
0
0
0
0
0
0
0
0
1.3289072513580322
1.7425715923309326
1.739123821258545
1.729411244392395
1.7379095554351807
1.7222646474838257
1.7304538488388062
1.746770977973938
1.7401518821716309
1.7396938800811768
1.75001060962677
1.7732902765274048
1.7637264728546143
1.7569082975387573
1.7615244388580322
1.7675822973251343
1.7921754121780396
1.7625170946121216
1.7988120317459106
1.795983910560608
1.8273534774780273
1.8411390781402588
1.831561803817749
1.8369673490524292
1.8783642053604126
1.8647243976593018
1.881807565689087
1.9142180681228638
1.9177180528640747
1.8657506704330444
1.8014695644378662
1.7409805059432983
1.700994610786438
1.6288002729415894
1.5760338306427002
1.7506567239761353
1.715047836303711
1.6690919399261475
1.6361103057861328
2.147454261779785
2.1953961849212646
2.1987075805664062
2.2559187412261963
2.280768871307373
2.3239827156066895
2.3515231609344482
2.3948240280151367
2.4287848472595215
2.468735694885254
2.524658441543579
2.5083014965057373
2.466982364654541
2.419093132019043
2.375288248062134
2.360025644302368
2.3042807579040527
2.3027758598327637
0
0
0
0
0
0
0
0
0
0
0
0
0
0
0
0
0
0
0
0
0
0
0
0
0
0
1.9852042198181152
1.963578224182129
1.9598917961120605
1.9647257328033447
1.9692692756652832
1.9418333768844604
1.9593677520751953
1.9468936920166016
1.9515517950057983
1.9539868831634521
1.944442629814148
1.944659948348999
3.109595537185669
2.3191983699798584
2.3533236980438232
2.357815980911255
2.347278356552124
2.3638622760772705
2.378035306930542
2.371903419494629
2.374782085418701
2.3784306049346924
2.396357536315918
0
0
0
0
0
0
0
0
0
3.418222427368164
3.4479010105133057
3.4661755561828613
0
0
0
0
2.591878652572632
2.6435537338256836
2.6692686080932617
2.6848862171173096
2.7052903175354004
2.7321698665618896
2.7816364765167236
2.927285671234131
2.860530138015747
2.824897050857544
3.4361650943756104
3.3969810009002686
3.345771551132202
3.2668418884277344
3.2337002754211426
3.160210609436035
0
0
0
0
0
0
0
0
0
0
0
0
0
0
0
0
0
0
0
0
0
0
0
0
0
0
0
0
0
0
0
3.0471503734588623
0
1.157047152519226
1.1238503456115723
1.1089417934417725
1.0907819271087646
1.0947626829147339
1.064198613166809
1.0688034296035767
1.0588483810424805
1.0278112888336182
1.03090238571167
1.011796474456787
1.0171382427215576
0.9903727173805237
0.9971997737884521
0.9559232592582703
0.9697393178939819
0.9712971448898315
0.9800107479095459
0.957325279712677
0.9592953324317932
1.0252543687820435
1.082682728767395
1.1556624174118042
1.2077752351760864
1.2947410345077515
1.3974827527999878
1.4920918941497803
1.6192766427993774
1.7536674737930298
0
0
