1.3652210235595703
1.3378052711486816
1.3233606815338135
1.3105008602142334
1.2989181280136108
1.3064132928848267
1.2874088287353516
1.3009004592895508
1.3136703968048096
1.3298828601837158
1.333701491355896
1.396378993988037
0
0
0
0
0
0
0
0
0
0
0
0
0
0
0
0
0
0
0
0
0
0
0
0
0
0
0
1.2088314294815063
1.159886360168457
1.1463321447372437
1.1076480150222778
1.1287050247192383
1.1155726909637451
1.126000165939331
1.104233741760254
1.1100306510925293
1.1423218250274658
1.1313633918762207
1.130577564239502
1.1658095121383667
1.1697849035263062
1.260105013847351
3.279175043106079
3.220196008682251
3.1550323963165283
3.122606039047241
3.1372125148773193
3.182239532470703
3.279158353805542
3.3439414501190186
3.419924736022949
0
0
0
0
0
0
0
0
0
0
0
0
0
0
0
0
0
2.2971911430358887
2.234246015548706
2.18625545501709
2.199023723602295
2.2244348526000977
2.199558973312378
2.2193362712860107
2.2843480110168457
0
0
0
0
0
0
0
0
0
0
0
0
0
0
0
0
0
0
0
0
0
0
0
0
0
0
0
0
0
0
0
0
0
0
0
0
0
2.9144203662872314
2.8904988765716553
2.8773927688598633
2.8492538928985596
2.866473436355591
2.926313877105713
0
0
0
0
0
0
0
0
0
2.8869197368621826
2.906540870666504
2.884507656097412
2.8898351192474365
2.893916368484497
2.882087230682373
2.8885791301727295
2.897825241088867
2.9081461429595947
2.905352830886841
2.904336452484131
2.9209280014038086
1.1493127346038818
1.1342350244522095
1.1282662153244019
1.101644515991211
1.0903596878051758
1.094408392906189
1.09498131275177
1.1007492542266846
1.1248666048049927
1.1045280694961548
1.1124205589294434
1.1398077011108398
1.1458868980407715
1.2150343656539917
0
0
0
0
0
0
0
0
0
0
0
0
0
0
0
0
0
0
0
0
0
0
0
0
0
0
0
0
0
0
0
0
0
0
0
0
0
0
0
0
0
0
0
0
0
0
0
0
0
0
0
0
0
0
0
0
0
0
0
0
0
0
0
0
0
0
0
0
0
0
0
0
0
0
0
0
0
0
0
2.8192973136901855
2.7063114643096924
2.6011650562286377
2.585395336151123
1.685195803642273
1.6777913570404053
1.6507710218429565
1.6364294290542603
1.6513338088989258
1.6397180557250977
1.6276222467422485
1.6601760387420654
1.6868304014205933
1.7069987058639526
2.902860403060913
2.927170991897583
2.980008602142334
3.0073256492614746
3.0723788738250732
3.1155457496643066
3.157623052597046
3.209956645965576
3.266916036605835
3.3302366733551025
3.3838672637939453
3.4323558807373047
0
0
0
0
3.2794666290283203
3.1395654678344727
3.040532112121582
2.934333562850952
2.8222992420196533
2.7611708641052246
2.640021562576294
2.580641269683838
2.4943134784698486
2.4206104278564453
2.3616366386413574
2.3042640686035156
2.258277416229248
2.1792869567871094
2.125110626220703
2.0874483585357666
2.045118570327759
1.9928938150405884
1.9610869884490967
1.9052848815917969
1.8803919553756714
1.8632467985153198
1.828741192817688
1.7806764841079712
1.748924970626831
1.7423593997955322
1.7108396291732788
1.689096450805664
1.6533422470092773
1.6246674060821533
1.6165533065795898
1.5781184434890747
1.5739917755126953
1.552223563194275
1.5286939144134521
1.5129249095916748
1.4982097148895264
1.4936691522598267
1.4780223369598389
1.4580680131912231
1.4449708461761475
1.4232614040374756
1.4333938360214233
1.4400265216827393
1.5079340934753418
1.5906007289886475
0
0
0
0
0
0
0
0
0
0
0
0
0
0
0
0
0
0
2.9204587936401367
2.864128589630127
2.8502957820892334
2.8579866886138916
2.886308431625366
2.927372455596924
0
0
0
0
0
0
0
0
0
0
0
0
0
1.4198096990585327
1.340515375137329
