0.6891418099403381
0.6523218750953674
0.6320614218711853
0.658920407295227
0.6383422017097473
0.6552772521972656
0.6658713221549988
0.6595268249511719
0.6634718775749207
1.1496531963348389
1.15127694606781
1.1648434400558472
1.189320683479309
1.195001244544983
1.1828620433807373
1.2316348552703857
1.2281869649887085
1.2666131258010864
1.2825937271118164
1.302232265472412
1.3332633972167969
1.3419439792633057
1.3747159242630005
1.4274673461914062
1.4208920001983643
1.4631702899932861
1.4873930215835571
1.5273243188858032
1.5373412370681763
1.5278626680374146
1.4996072053909302
1.4935245513916016
1.4890028238296509
1.4675997495651245
1.422222375869751
1.416391134262085
1.4119309186935425
1.4258501529693604
1.3848586082458496
1.389465570449829
1.3721973896026611
1.3694320917129517
0
0
0
0
0
0
0
0
0
3.1099424362182617
3.145735740661621
3.1510837078094482
3.166417121887207
3.175781488418579
3.2039012908935547
3.2408220767974854
3.2628815174102783
0
0
0
0
0
0
0
0
0
0
0
0
0
0
0
0
0
0
0
3.425161600112915
3.452332019805908
3.467362403869629
3.47320294380188
3.4723429679870605
0
0
0
0
0
0
0
1.4143167734146118
1.3674802780151367
1.3156834840774536
1.2701082229614258
1.2250210046768188
1.19249427318573
1.1522845029830933
1.1248188018798828
1.1029595136642456
1.0717209577560425
1.0460312366485596
1.0577096939086914
1.058681607246399
1.0714740753173828
1.1001458168029785
1.1028738021850586
1.1052008867263794
0.9465016722679138
0.959625780582428
0.9686974287033081
1.005515456199646
1.0199958086013794
1.012547254562378
1.0259850025177002
1.052809476852417
1.0949207544326782
1.1062482595443726
1.1403661966323853
1.161622166633606
1.2077689170837402
1.246596336364746
1.2589656114578247
1.2462642192840576
1.2188645601272583
1.205561637878418
1.1890723705291748
1.1670492887496948
1.1677837371826172
1.1682686805725098
1.151161551475525
1.1431907415390015
1.149507999420166
1.1362764835357666
1.1186268329620361
1.1166973114013672
1.103903889656067
1.1001805067062378
1.089646339416504
1.064202904701233
1.0838263034820557
1.078900694847107
1.063227653503418
1.0455048084259033
1.0571037530899048
1.068493366241455
1.061340093612671
1.0522605180740356
1.0489436388015747
1.0443100929260254
1.050042986869812
1.0245413780212402
1.0528905391693115
1.0573829412460327
1.0495754480361938
1.0432898998260498
1.0503572225570679
1.0461469888687134
1.0526833534240723
1.0509669780731201
1.0496963262557983
1.0579437017440796
1.0680526494979858
1.0504364967346191
1.0578646659851074
1.0695372819900513
1.0029308795928955
0.9186994433403015
0.8477117419242859
0.7946332097053528
0.7575053572654724
0.7035170197486877
0.6961750388145447
0.6859196424484253
0.876609742641449
0.8298575282096863
0.7812561988830566
0.7631338834762573
0.7361763119697571
0.7128182053565979
0.7143936157226562
0.7121390104293823
0.7202232480049133
0.7384262681007385
0.7384933829307556
0.7537423372268677
0.7378985285758972
0.7523594498634338
0.7613064646720886
0.7719864249229431
0.798179566860199
0.8024260401725769
0.7968799471855164
0.8084922432899475
0.8116421103477478
0.8355929851531982
0.8293991684913635
0.876968502998352
0.8719723224639893
0.8898143172264099
0.8922526836395264
0.9230114221572876
0.965828001499176
0
0
0
0
2.1388041973114014
2.0636184215545654
1.9842013120651245
1.9112660884857178
1.8406133651733398
1.8157743215560913
1.7476381063461304
1.6966767311096191
1.643477439880371
1.5937607288360596
1.54905366897583
1.535665512084961
1.497495412826538
1.4626399278640747
1.4220905303955078
1.3968548774719238
1.4150644540786743
1.4366910457611084
1.4650167226791382
1.4671287536621094
1.5147227048873901
1.529452919960022
1.554938554763794
1.5853787660598755
1.6404036283493042
1.6657003164291382
0
0
0
0
0
0
0
0
0
0
0
0
0
0
0
0
0
0
0
0
0
0
0
0
0
0
0
2.17159104347229
0
0
0
0
0
0
0
0
0
0
0
0
0
0
3.478524923324585
0
0
0
0
0
0
0
0
0
0
0
0
0
0.812801718711853
0.8270621299743652
0.8495181798934937
0.8585879802703857
0.8730077147483826
0.8868354558944702
0.918580949306488
0.9308142066001892
0.9561576843261719
0.9752145409584045
1.0018234252929688
1.0156066417694092
1.0519253015518188
1.0762444734573364
1.0781116485595703
1.1295886039733887
1.1078541278839111
1.0900887250900269
1.0663132667541504
1.058990478515625
1.0767720937728882
1.056074857711792
1.0589344501495361
1.0449458360671997
1.0302045345306396
1.0381613969802856
1.0120283365249634
1.000259280204773
1.0130376815795898
1.0022987127304077
0.9878408908843994
0.9912334084510803
0.983014702796936
0.9694756865501404
0.9868150353431702
0.9895017743110657
0.9424493312835693
0.9618417620658875
0.9583405256271362
0.9618160724639893
0.9588377475738525
0.9467106461524963
0.9565064311027527
0.9453528523445129
0.9654924273490906
0.9552792310714722
0.9498944878578186
0.9646685123443604
0.9518856406211853
0.9501014947891235
0.9581816792488098
0.9542727470397949
0.9728608131408691
0.9493764638900757
0.9522173404693604
0.9748777151107788
0.9670577645301819
0.9694228768348694
0.9833890199661255
0.9668425917625427
0.9660414457321167
0.9906859993934631
0.98514723777771
1.0145881175994873
0.9608012437820435
0.9145073890686035
0.8521136045455933
0.8245464563369751
0.7863287925720215
0.7544224858283997
0.730608344078064
0.6897194385528564
