0
0
0
0
0
0
0
0
0
0
0
0
0
0
0
0
0
0
0
0
2.7996556758880615
2.7653286457061768
2.3171653747558594
2.2153801918029785
2.18192195892334
2.158419370651245
2.1531929969787598
2.14727783203125
1.6998839378356934
1.6505231857299805
1.6381324529647827
1.605988621711731
1.5907398462295532
1.6038635969161987
1.6129255294799805
1.6040840148925781
1.6275471448898315
1.6516221761703491
1.7183047533035278
0
0
0
0
0
0
1.282148003578186
1.2242380380630493
1.1833794116973877
1.1720572710037231
1.171857237815857
1.1566182374954224
1.1556907892227173
1.1620038747787476
1.167272925376892
1.1595937013626099
1.1675496101379395
1.201691746711731
1.2222776412963867
1.2504432201385498
0
0
0
0
0
0
0
0
0
0
0
0.9790967106819153
0.9564050436019897
0.9379478693008423
0.9093313217163086
0.9038486480712891
0.9072180986404419
0.8985193371772766
0.8829681277275085
0.8899566531181335
0.8734475374221802
0.8778790235519409
0.9021817445755005
0.8925901651382446
0.8952133655548096
0.9337191581726074
0.9478612542152405
0.9761912226676941
0
0
0
0
0
0
0
0
0
0
0
0
0
0
0
0.929976224899292
0.8653208613395691
0.8359856009483337
0.8251063823699951
0.8150060176849365
0.823775053024292
0.7869864106178284
0.7899393439292908
0.7843410968780518
0.8084134459495544
0.8006960153579712
0.7930879592895508
0.8144575953483582
0.8269592523574829
0.8260818123817444
0.8377867341041565
0.829062819480896
0.8479548096656799
0.8904144763946533
0
0
0
0
0
0
0
0
0
0
0
0
0
0
0
0
0
0
0
0
0
0
0
0
0
0
0
0
0
0
0
0
0
0
0
0
0
0
0
0
0
0
0
0
0
0
0
0
0
0
0
0
0
0
0
0
0
0
0
0
0
0
0
0
0
0
0
0
0
0
2.839141368865967
2.772378921508789
2.7646210193634033
2.749244213104248
2.7926552295684814
2.4092416763305664
2.3360464572906494
2.3151872158050537
2.306206703186035
2.3177907466888428
2.3203773498535156
2.3582754135131836
2.805041551589966
2.8000612258911133
2.8505210876464844
2.93176007270813
0
0
0
0
0
0
0
0
0
0
0
0
0
0
0
0
0
0
0
0
0
0
0
0
0
0
0
0
3.1044082641601562
3.0319793224334717
3.0022499561309814
3.0087685585021973
3.0396642684936523
3.06650710105896
2.615168571472168
2.5896270275115967
2.582232713699341
2.566197395324707
2.585088014602661
2.6467792987823486
0
0
0
0
0
0
0
0
0
0
0
0
0
0
0
0
0
0
0
0
0
0
3.307227849960327
3.208024501800537
3.1842379570007324
3.192678928375244
3.1989071369171143
3.2480275630950928
0
0
2.90559458732605
2.8653714656829834
2.842334747314453
2.843010187149048
2.86531400680542
2.885748863220215
3.4636995792388916
0
0
0
0
0
0
0
0
0
0
0
0
0
0
1.2274304628372192
1.1939924955368042
1.1707348823547363
1.1834179162979126
1.153948187828064
1.1443010568618774
1.1301337480545044
1.1486634016036987
1.1575307846069336
1.142913579940796
1.1708942651748657
1.1964402198791504
1.205102801322937
1.2426373958587646
1.6807034015655518
1.686348795890808
1.6931148767471313
1.7225184440612793
1.7807106971740723
2.195868492126465
2.153917074203491
2.130507469177246
2.1056625843048096
2.0973477363586426
1.240220069885254
1.1834290027618408
1.1690667867660522
1.1331186294555664
1.1256310939788818
1.1353352069854736
1.1187007427215576
1.11214280128479
1.1183552742004395
1.1302499771118164
1.1445237398147583
1.152910828590393
1.1570488214492798
1.187132477760315
1.2282918691635132
0
0
0
0
0
0
0
0
0
0
0
0
0
0
0
0
0
0
0
0
0
0
0
