0
0
0
0
0
3.2546467781066895
3.2273120880126953
3.2135238647460938
3.1990511417388916
3.245011329650879
3.3499715328216553
0
0
0
0
0
0
0
0
0
0
0
0
0
0
0
0
0
0
0
0
0
0
0.6264050602912903
0.5840535163879395
0.558251142501831
0.5714032649993896
0.569279134273529
0.5327140092849731
0.5242441892623901
0.5322628617286682
0.5343875885009766
0.5320129990577698
0.5141879320144653
0.5172962546348572
0.5183163285255432
0.5000472068786621
0.5312650203704834
0.5250946283340454
0.5139974355697632
0.5267914533615112
0.5492498278617859
0.513373613357544
0.5403266549110413
0.5420533418655396
0.5492025017738342
0.5652371644973755
0.5571982860565186
0.5839101672172546
0.6013169884681702
0
0
0
0
0
0
0
0
0
0
0
0
0
0
0
0
0
0
3.4848742485046387
3.4506778717041016
3.453871965408325
3.454669237136841
0
0
0
0
0
0
0
0
0
0
0
0
0
0
0
2.0408051013946533
2.005797863006592
1.9681719541549683
1.9663994312286377
1.9739259481430054
1.9822620153427124
1.9872634410858154
2.05010986328125
0
0
0
0
0
0
0
0
0
0
0
0
0
0
0
0
0
0
0
0
0
0
0
0
0
0
0
2.1950817108154297
0
0
0
0
0
0
0
0
0
0
0
0
0
0
0
0
0
0
0
0
0
0
0
0
0
0
0
0
0
0
0
0
0
0
0
0
0
0
0
0
0
0
0
0
0
0
0
0
0
0
0
0
0
0
0
0
0
0
0
0
0
1.0259205102920532
0.9976105690002441
0.9690507054328918
0.94597327709198
0.9613309502601624
0.9255850911140442
0.9364160299301147
0.9434592127799988
0.9312974810600281
0.9409725666046143
0.9480437636375427
0.9485198855400085
0.9564208388328552
0.9732219576835632
1.0013805627822876
1.0047436952590942
0
0
0
0
0
0
0
0
0
0
0
0
0
0
0
0
0
0
0
0
0
0
0
0
0
0
0
0
0
0
0
0
0
0
0
0
0
0
0
0
0
0
0
0
0
0
0
0
0
0
0
0
0
0
0
0
0
0
0
0
0
0
0
0
0
0
0
0
0
0
0
0
0
0
0
0
0
0
0
0
0
0
0
3.2433478832244873
3.158494710922241
3.1430206298828125
3.1275634765625
3.141528844833374
3.1968283653259277
0
0
0
0
0
0
0
0
0
0
0
0
0
0
0
0
0
0
0
0
0
0
0
0
0
0
0
0
0
0
0
3.4223575592041016
3.379931688308716
3.3665823936462402
3.390658378601074
3.4211859703063965
0
0
2.132739782333374
2.116266965866089
0
0
0
0
0
0
0
0
0
0
0
0
0
0
0
0
0
0
0
0
0
