0
0
0
0
0
0
0
0
0
0
0
3.4410979747772217
3.3996360301971436
3.37243390083313
3.385488986968994
3.4079225063323975
0
0
0
0
0
0
0
0
0
0
0
0
0
0
1.0236117839813232
1.0100935697555542
0.9896703362464905
0.9627361297607422
0.971636950969696
0.9364549517631531
0.9303242564201355
0.9432305097579956
0.9366223216056824
0.9233784079551697
0.9562618732452393
0.9619309306144714
0.9561582803726196
0.9502217173576355
0.9723386764526367
0.9842551350593567
1.0288602113723755
0
0
0
0
0
0
0
0
2.7021820545196533
2.671691656112671
2.6633412837982178
2.6803905963897705
2.6830966472625732
2.721820116043091
0
0
0.8629569411277771
0.8309661746025085
0.8270476460456848
0.8029298186302185
0.8187216520309448
0.7959613800048828
0.791814386844635
0.7843477129936218
0.7785992622375488
0.7632333636283875
0.7663123607635498
0.7883561849594116
0.7566375136375427
0.7646080255508423
0.7658438682556152
0.750975489616394
0.7405017614364624
0.7580960988998413
0.8339248895645142
0.9245332479476929
1.0276777744293213
1.1719141006469727
1.3617327213287354
1.6112691164016724
2.0171637535095215
2.674518585205078
0
0
0
0
0
0
0
0
0
0
0
0
0
0
0
0
0
0
0
0
0
0
0
0
0
0
0
0
0
0
0
0
0
0
0
0
0
0
0
0
0
0
0
0
0
0
0
0
0
0
0
0
0
0
0
0
0
0
0
0
0
0
0
0
0
0
0
0
0
0
0
0
0
0
0
0
0
0
0
0
0
0
0
0
0
0
0
0
0
0
0
0
0
0
0
0
0
0
0
0
0
0
0
0
0
0
0
0
0
0
0
0
0
0
0
0
0
0
0
0
0
0
0
0
0
0
0
0
0
0
0
0
0
0
0
0
0
0
0
0
0
0
0
0
0
0
0
0
0
0
0
0
0
0
0
0
0
0
0
0
0
0
0
0
0
0
0
0
0
0
0
0
0
0
0
0
0
0
0
0
0
0
0
0
0
0
0
0
0
0
0
0
0
0
0
1.9678773880004883
1.9212713241577148
1.905969500541687
1.9059710502624512
1.897288203239441
1.9075477123260498
1.9149625301361084
1.9427533149719238
1.9751989841461182
0
0
0
0
0
0
0
0
0
0
0
0
0
1.2188180685043335
1.2096257209777832
1.193006992340088
1.1751283407211304
1.199052095413208
1.170192003250122
1.1627838611602783
1.134162187576294
1.1333301067352295
1.1070417165756226
1.1100395917892456
1.10037100315094
1.0906568765640259
1.087318778038025
1.0766690969467163
1.075350046157837
1.0585018396377563
1.0616704225540161
1.0654658079147339
1.0459057092666626
1.0332720279693604
1.0507676601409912
1.0356714725494385
1.0046439170837402
1.0327764749526978
1.0284926891326904
1.0383864641189575
1.0102990865707397
1.0011999607086182
1.0019142627716064
0.9927127957344055
1.0075212717056274
1.0074814558029175
1.0103989839553833
1.0172902345657349
1.0033248662948608
1.0161843299865723
1.0049997568130493
0.9885575771331787
1.000233769416809
1.0074458122253418
1.0089133977890015
1.0190727710723877
1.017667531967163
1.0352715253829956
1.035402774810791
1.0483098030090332
1.0321158170700073
1.0362262725830078
1.0238635540008545
1.0549976825714111
0
0
0
