3.351998805999756
3.336047887802124
3.3304924964904785
3.3295135498046875
3.359909772872925
3.3539581298828125
3.3453049659729004
3.368011713027954
3.3730690479278564
3.3614754676818848
3.3735270500183105
3.406999111175537
3.4098284244537354
3.422175645828247
3.4187445640563965
3.4453468322753906
3.4758596420288086
3.476162910461426
0
0
0
0
0
0
0
0
0
0
0
0
0
0
0
0
0
0
0
0
0
0
0
0
0
0
0
0
0
0
0
0
0
0
0
0
0
0
0
0
1.6500729322433472
1.585350513458252
1.560788869857788
1.5501080751419067
1.5392018556594849
1.4986575841903687
1.5492186546325684
1.5251262187957764
1.5357394218444824
1.5718481540679932
1.575339436531067
0
0
0
0
0
0
0
0
0
0
0
0
0
0
0
0
0
0
0
0
0
0
0
0
0
0
0
0
0
0
0
0
0
0
0
0
0
0
0
2.361471652984619
2.3218846321105957
2.2945497035980225
2.304208278656006
2.2905502319335938
2.306055784225464
2.3730039596557617
0
0
0
0
0
0
0
0
0
0
0
0
0
0
0
0
0
0
0
0
0
0
0.7939335703849792
0.7631932497024536
0.7750507593154907
0.8102276921272278
0
0
0
0
0
0
0
0
0
0
0
0
0
0
0
0
0
0
0
0
0
0
0
0
0
3.255291223526001
3.1733267307281494
3.1731414794921875
3.1549301147460938
3.203655958175659
0
0
0
0
0
0
0
0
0
0
0
0
0
0
0
0
0
0
1.1118031740188599
1.0713601112365723
1.0521148443222046
1.0463963747024536
1.0237787961959839
1.0249813795089722
1.0297174453735352
0.9981500506401062
0.9986342191696167
1.00422203540802
1.0288362503051758
1.0313498973846436
1.059236764907837
1.0466644763946533
1.0814313888549805
1.1569243669509888
0
0
0
0
0
0
0
0
0
0
0
0
0
0
0
0
0
0
0
0
0
2.9772984981536865
2.933082103729248
2.8957881927490234
2.8724143505096436
2.8609402179718018
2.9368858337402344
0
0
0
0
0
0
0
0
0
0
0
0
0
0
0
0
0
0
0
0
0
0
0
0
0
2.475957155227661
0
0
0
0
0
0
0
0
0
0
0
0
0
0
0
0
0
0
0
0
0
0
0
0
0
0
0
0
0
0
0
3.1899375915527344
3.132854700088501
3.081620454788208
3.068505048751831
3.0963141918182373
3.1497762203216553
0
0
0
0
0
0
0
0
0
0
0
0
0
0
0
0
0
0
0
0
2.7540149688720703
2.676568031311035
2.653013229370117
2.6576685905456543
2.645233631134033
2.6611785888671875
2.7116644382476807
0
0
0
0
0
0
0
0
0.7610933184623718
0.736849308013916
0.691016435623169
0.7081131339073181
0.7031453847885132
0.6845554709434509
0.6758226156234741
0.6786748170852661
0.6913950443267822
0.6739677786827087
0.672114908695221
0.674406111240387
0.6682844161987305
0.6927485466003418
0.6871845722198486
0.691207766532898
0.6992551684379578
0.6890947222709656
0.7063360214233398
0.7203188538551331
0.7563053369522095
0.775895357131958
3.36820912361145
3.358647108078003
3.356199264526367
3.3358027935028076
3.356598377227783
3.3440136909484863
3.3494298458099365
3.356499433517456
