2.4262869358062744
2.414613962173462
2.407172918319702
2.4451770782470703
2.467918872833252
2.549534559249878
0
0
0
0
0
0
0
0
0
0
0
0
0
0
0
2.9768645763397217
2.9437615871429443
2.913909673690796
2.9428019523620605
2.938292980194092
3.015759229660034
0
0
0
0
0
0
0
0
0
0
0
0
0
0
0
0
0
0
0
0
0
0
1.2730387449264526
1.201707124710083
1.1658319234848022
1.151674747467041
1.14952552318573
1.1642788648605347
1.1288388967514038
1.1218550205230713
1.1494359970092773
1.134857416152954
1.136382818222046
1.1514571905136108
1.1681126356124878
1.2096667289733887
1.2452970743179321
0
0
0
0
0
0
0
0
0
0
0
0
0
0
0
0
0
0
0
0
0
0
0
0
2.6920456886291504
2.6498780250549316
2.6522836685180664
2.649651288986206
2.669301748275757
2.6981561183929443
0
0
0
0
0
0
0
0
0
0
0
0
0
0
0
0
0
0
0
0
0
0
0
0
0
0
0
0
0
0
0
1.7271736860275269
1.664031744003296
1.6629315614700317
1.618016004562378
1.610105276107788
1.6357289552688599
1.6253048181533813
1.632415771484375
1.6508853435516357
1.6905169486999512
0
0
0
0
0
0
0
0
0
0
0
0
0
0
0
0
0
0
0
0
0
0
0
0
0
0
0
0
0
0
0
0
0
0
0
0
0
0
0
0
0
0
0
0
0
0
0
0
0
0
0
0
0
0
0
0.700051486492157
0.6546619534492493
0.6195117235183716
0.6132928133010864
0.6199278831481934
0.5978355407714844
0.586575984954834
0.5824581980705261
0.5830006003379822
0.5910898447036743
0.5771496891975403
0.5867525935173035
0.5850428938865662
0.5699099898338318
0.5688328742980957
0.5784285068511963
0.5895941853523254
0.570334255695343
0.5888169407844543
0.5895848870277405
0.6048094630241394
0.6255677342414856
0.6337324976921082
0.6550530195236206
0.6868664026260376
0
0
0
0
0
0
0
0
0
0
0
0
0
0
0
0
0
0
0
0
0
0
0
0
0
0
0
0
0
0
0
0
0
0
0
0
0
0
0
0
0
2.1728062629699707
2.1156771183013916
2.108228921890259
2.0876545906066895
2.084350347518921
2.106332540512085
2.128814220428467
2.164454936981201
0
0
0
0
0
0
0
0
0
0
0
0
0
0
0
0
0
0
0
0
0
3.4824767112731934
3.437896251678467
3.4488375186920166
3.472568988800049
0
0
0
0
0
0
1.260723352432251
1.2615923881530762
1.239026427268982
1.2370686531066895
1.2310709953308105
1.2273815870285034
1.2107248306274414
1.2319421768188477
1.2236151695251465
1.2346680164337158
1.2590125799179077
1.2581150531768799
1.27848219871521
0
0
0
0
0
0
0
0
2.872358798980713
2.8312976360321045
2.8252792358398438
2.819774866104126
2.824132204055786
2.872349739074707
0
0
0
0
0
0
0
0
0
0
0
0
0
0
0
0
3.073594570159912
2.9670534133911133
2.904468536376953
2.915405750274658
2.9306135177612305
1.2912911176681519
1.2722331285476685
1.2345913648605347
1.2466771602630615
1.2403156757354736
1.2229979038238525
1.2368360757827759
1.2210975885391235
1.2319287061691284
1.2430413961410522
1.2533396482467651
1.268779993057251
1.3302949666976929
0
2.51714825630188
2.448646068572998
2.4362688064575195
