0
0
0
0
1.2550832033157349
1.2244151830673218
1.1811898946762085
1.1761915683746338
1.1778175830841064
1.1563817262649536
1.164547324180603
1.1461267471313477
1.1555932760238647
1.1858611106872559
1.193507432937622
1.1914972066879272
1.215963363647461
1.2594388723373413
0
0
0
0
0
0
0
0
2.3333327770233154
2.2488882541656494
2.227008104324341
2.2271769046783447
2.222346067428589
2.2543842792510986
2.265427350997925
2.3476781845092773
3.277801513671875
3.302598476409912
0.4041580855846405
0.38042375445365906
0.366193562746048
0.34855028986930847
0.34852156043052673
0.3189631402492523
0.3239278495311737
0.3204791843891144
0.3083708584308624
0.311702698469162
0.30945003032684326
0.28935158252716064
0.29005008935928345
0.30716827511787415
0.2955484092235565
0.29915887117385864
0.2922690212726593
0.29755204916000366
0.31213778257369995
0.30150291323661804
0.2791574001312256
0.30155789852142334
0.28170064091682434
0.28644225001335144
0.2951081395149231
0.2899567186832428
0.2996549904346466
0.28621387481689453
0.28176170587539673
0.29387375712394714
0.30914536118507385
0.3136756122112274
0.32433828711509705
0.30997154116630554
0.32137951254844666
0.33362266421318054
0.32258909940719604
0.33348995447158813
0.3491666913032532
0.33949702978134155
0.35867780447006226
0.3789755702018738
0
0
0
0
0
0
0
0
0
0
0
0
0
0
0
0
3.1906561851501465
3.1399481296539307
3.098776340484619
3.1126368045806885
3.12149715423584
3.194065570831299
0
0
0
0
0
0
0
0
0
0
0
0
0
0
0
0
0
0
0
0
0
1.1521022319793701
1.123386263847351
1.0997942686080933
1.078675627708435
1.073543667793274
1.0732449293136597
1.0771777629852295
1.053492784500122
1.079880952835083
1.0622988939285278
1.074151635169983
1.0658071041107178
1.1061190366744995
1.1145671606063843
1.1558399200439453
2.29036021232605
2.273921251296997
2.256709337234497
2.2528738975524902
2.268751859664917
2.3120551109313965
3.3781471252441406
3.400420904159546
0
0
0
0
0
0
0
0
0
0
0
0
0
0
0
0
0
0
0
0
0
0
0
0
0
0
0
0
0
0
0
0
0
2.691416025161743
2.6385445594787598
2.6472630500793457
2.6504907608032227
2.6720941066741943
2.703839063644409
0
0
0
0
0
0
0
0
0
0
0
0
0
0
0
0
0
0
0
0
0
0
1.6100492477416992
1.5841714143753052
1.590925931930542
1.5619200468063354
1.5686413049697876
1.5773240327835083
1.5829453468322754
1.5696253776550293
1.6139730215072632
1.6695994138717651
0
0
0
0
0
0
0
0
0
0
0
0
0
0
0
0
0
0
0
0
0
0
0
0
0
0
0
0
0
0
0
0
0
0
0
0
0
0
1.320307731628418
1.3043370246887207
1.2624547481536865
1.269875168800354
1.2709248065948486
1.2467955350875854
1.2617576122283936
1.2772701978683472
1.2801148891448975
1.2692794799804688
1.2947230339050293
1.3364355564117432
0
0
0
0
0
0
0
0
0
0
0
0
0
0
0
0
0
0
0
0
0
0
0
0
0
0
0
0
0
0
0
0
0
0
1.7666493654251099
1.7083410024642944
1.6785966157913208
1.652374029159546
1.6680113077163696
1.6554251909255981
1.659040927886963
1.6840498447418213
1.6911041736602783
1.7296720743179321
1.7725721597671509
0
0
0
0
0
0
0
0
0
0
0
0
0
0
0
0
0
0
0
0
0
0
0
2.478400468826294
2.4042608737945557
2.390617609024048
2.381361722946167
2.3814446926116943
2.3918309211730957
2.401121139526367
2.473386287689209
0
0
0
0
0
0
0
0
0
0
0
0
0
0
0
0
0
0
0
