0
2.009132146835327
1.9607044458389282
1.924946665763855
1.9056947231292725
1.9026199579238892
1.8934074640274048
1.9179184436798096
1.9258652925491333
1.9437710046768188
2.013864517211914
0
0
0
0
0
0
0
0
0
0
0
0
0
0
0
0
0
0
0
0
0
0
0
0
0
0
0
0
0
0
0
0
0
0
0
0
0
0
0
0
0
0
0
0
0
0
0
0
0
0
0
0
0
0
0
0
0
1.4950672388076782
1.4269886016845703
1.4010601043701172
1.3778080940246582
1.3827800750732422
1.3629127740859985
1.3824033737182617
1.3736647367477417
1.3859866857528687
1.382117509841919
1.4088245630264282
1.4552470445632935
2.0294528007507324
1.9431089162826538
1.9334805011749268
1.8977490663528442
1.873504638671875
1.9084481000900269
1.899541974067688
1.9444937705993652
1.4501663446426392
1.4395984411239624
1.4264552593231201
1.4069243669509888
1.3707444667816162
1.3829909563064575
1.3816041946411133
1.3903911113739014
1.3949955701828003
1.408132791519165
1.4309611320495605
1.4722638130187988
0
0
0
0
0
0
0
0
0
0
0
0
0
0
0
0
0
0
0
0
0
0
0
0
0
0
0
2.906196355819702
2.2766923904418945
2.2319676876068115
2.2124600410461426
2.1885275840759277
2.2024619579315186
2.2084031105041504
2.2458953857421875
2.301461696624756
0
0
2.671929359436035
2.5986480712890625
2.578575372695923
2.587523937225342
2.602471113204956
2.6098194122314453
2.7099556922912598
0
0
0
0
0
0
0
0
0
0
0
0
0
0
0
0
0
0
0
0
0
0
0
0
3.4132542610168457
3.3781890869140625
3.353567600250244
3.393827199935913
3.4666476249694824
0
0
0
0
0
0
0
0
0
0
0
0
0
0
0
0
0
0
0
0
0
0
0
0
0
3.337888479232788
3.170703887939453
3.162592649459839
3.1770682334899902
3.1680305004119873
3.208893299102783
3.247608184814453
3.268263816833496
1.8513635396957397
1.8074188232421875
1.780432105064392
1.7661420106887817
1.7275686264038086
1.7245742082595825
1.760599970817566
1.7704651355743408
1.793043851852417
1.8597406148910522
0
0
2.202239513397217
2.1685097217559814
2.141374349594116
0.5207203030586243
0.4655478596687317
0.4641059637069702
0.43131765723228455
0.435409814119339
0.4128296375274658
0.3972841203212738
0.40380924940109253
0.4090510308742523
0.4003928601741791
0.38838937878608704
0.38757428526878357
0.3889813721179962
0.40485450625419617
0.3821580708026886
0.3925326466560364
0.38374224305152893
0.3772781789302826
0.38278862833976746
0.37756824493408203
0.39774182438850403
0.37523001432418823
0.39484670758247375
0.39320069551467896
0.3951421082019806
0.4034773111343384
0.40922969579696655
0.41473883390426636
0.40239056944847107
0.41537466645240784
0.42252254486083984
0.44313710927963257
0.4593208134174347
0.46976399421691895
0
2.7366058826446533
2.692596673965454
2.6618664264678955
2.69948673248291
2.6978819370269775
2.752108097076416
0
0
3.082843065261841
3.045830011367798
2.568530559539795
0.8470175266265869
0.8218105435371399
0.80479496717453
0.7950122952461243
0.7742937803268433
0.7729077935218811
0.7662122845649719
0.7521045804023743
0.7553982138633728
0.7802883386611938
0.7693825960159302
0.7795899510383606
0.7590351700782776
0.7620887160301208
0.7782450318336487
0.7700518369674683
0.8006442785263062
0.8069034814834595
0.8310959935188293
0.8638449907302856
0
0
0
0
0
0
0.5103968381881714
0.4521539509296417
0.44752728939056396
0.43950214982032776
0.4232007563114166
0.41730329394340515
0.4384969472885132
0.4140252470970154
0.4110367000102997
0.405809611082077
0.40277791023254395
0.41114747524261475
0.36091458797454834
0.4098438322544098
0.39569059014320374
0.40055760741233826
0.3947230875492096
0.3658365309238434
0.3663894832134247
0.37798628211021423
0.3928243815898895
0.3918193280696869
0.39696750044822693
0.3865262269973755
0.3967110514640808
0.3939068913459778
0.4155806303024292
0.4369314908981323
0.4406917095184326
0.4247152507305145
0.4506644904613495
0.43849095702171326
0.4459519684314728
0.48412129282951355
0
0
0
0
0
1.985995888710022
1.9434982538223267
1.933099389076233
1.9316338300704956
1.9167168140411377
1.8975542783737183
1.9218533039093018
1.938717007637024
1.9970935583114624
0
0
0
0
2.223320484161377
2.1766583919525146
2.1507091522216797
2.1526458263397217
2.1494367122650146
2.145493507385254
2.181457042694092
2.2257444858551025
0
0
0
0
0
0
