0
0
0
0
0
0
0
3.322876214981079
3.32861328125
3.322213649749756
3.3392961025238037
3.356588840484619
3.369330406188965
3.357635021209717
0
0
0
0
0
0
0
0
0
0
0
0
0
0
0
0
0
0
0
0
0
0
0
0
0
0
0
0
0
0
0
0
0
0
0
0
2.4593820571899414
2.3705239295959473
2.2740845680236816
2.197805643081665
2.1237754821777344
2.137333869934082
2.1563994884490967
2.1817452907562256
2.202155113220215
2.23393177986145
2.256411075592041
2.2649900913238525
2.2957940101623535
2.3294663429260254
2.371295928955078
2.3886373043060303
2.448240280151367
2.490521192550659
2.5171639919281006
2.5520405769348145
2.591937303543091
2.6301488876342773
0
0
0
0
0
0
0
0
0
0
0
0
0
0
0
0
0
0
0
0
0
0
0
0
0
0
2.3832647800445557
2.267603635787964
2.6714155673980713
2.6519901752471924
2.682685613632202
2.681088447570801
2.707082986831665
2.700387477874756
2.7252120971679688
2.734344005584717
2.761488914489746
2.7776272296905518
2.797327995300293
2.808772087097168
2.82816481590271
2.8537511825561523
2.8780150413513184
2.8779501914978027
2.8074305057525635
2.7165298461914062
2.626662015914917
2.5445539951324463
2.632824659347534
3.068129539489746
1.496442198753357
1.4891539812088013
1.517162561416626
1.5303795337677002
1.5611517429351807
1.568946361541748
1.6135542392730713
1.6487607955932617
1.6509284973144531
1.6689543724060059
1.6835801601409912
1.7162325382232666
1.706709861755371
1.6885490417480469
1.6581547260284424
1.6292842626571655
1.6163777112960815
1.5848562717437744
1.5451023578643799
1.5402601957321167
1.5174726247787476
1.493323802947998
1.4883140325546265
1.4479161500930786
1.45292329788208
1.4195603132247925
1.417877435684204
1.4061628580093384
1.3775299787521362
1.379219889640808
1.3710622787475586
1.3508309125900269
1.3353583812713623
0.8976365327835083
0.878920316696167
0.9157788753509521
0.9766725897789001
1.0241410732269287
1.0644965171813965
1.121955394744873
1.1910676956176758
1.257736325263977
1.3836233615875244
1.3723636865615845
2.3032333850860596
2.2805368900299072
2.2661168575286865
2.2674412727355957
2.261262893676758
3.415663242340088
0
0
0
0
0
0
0
0
0
0
0
0
0
0
0
0
0
0
0
0
0
0
0
0
0
3.265878677368164
3.2728092670440674
3.2529189586639404
3.2610347270965576
3.2399778366088867
3.2441024780273438
3.267085075378418
0
0
0
0
0
0
0
0
0
0
0
0
0
0
0
0
0
0
3.344907760620117
3.3647546768188477
3.164959669113159
3.252748727798462
3.2926547527313232
3.3632514476776123
1.3312947750091553
1.357262134552002
1.5320607423782349
1.7368322610855103
1.759583830833435
1.770270586013794
1.7330646514892578
1.7548564672470093
1.7494795322418213
1.7678611278533936
1.7442700862884521
1.760284662246704
1.7591800689697266
1.7677215337753296
1.7705106735229492
1.7540862560272217
1.7590798139572144
1.7633883953094482
1.6709939241409302
1.5056449174880981
1.3985142707824707
1.313859224319458
2.9476678371429443
2.935107469558716
2.928328275680542
2.9035871028900146
3.0179948806762695
3.211338520050049
0
0
0
0
0
0
0
0
0
0
0
0
0
0
0
0
0
0
0
0
0
0
0
0
0
0
0
0
0
0
0
0
0
0
0
3.3315417766571045
3.34356689453125
3.380995035171509
3.4250309467315674
2.9091343879699707
2.9423208236694336
2.958916664123535
3.0029470920562744
3.0105948448181152
3.0607447624206543
3.0833444595336914
3.1369147300720215
3.298377513885498
3.249526023864746
0
0
0
0
0
0
1.9453380107879639
1.8990108966827393
1.8586809635162354
1.85108482837677
1.7898129224777222
1.7710624933242798
1.7465778589248657
1.7080281972885132
1.677522897720337
1.7039216756820679
1.7382694482803345
1.547582983970642
1.530964732170105
1.5110962390899658
1.4894294738769531
1.4958555698394775
1.4606895446777344
1.4248069524765015
1.4244883060455322
1.40818190574646
1.4008700847625732
1.3948590755462646
1.3740273714065552
1.3619076013565063
1.3879175186157227
2.322234869003296
2.291483163833618
2.2873947620391846
2.2916805744171143
2.2600579261779785
2.2522919178009033
2.236431837081909
2.2172889709472656
2.236037015914917
3.229257345199585
3.2320377826690674
3.2342355251312256
3.210132598876953
0
0
0
0
0
0
0
0
0
0
0
