0.9473860263824463
0.9500653147697449
0.9380780458450317
0.9403995275497437
0.9371235966682434
0.9147223830223083
0.935651421546936
0.9158698320388794
0.9349402189254761
0.9283627271652222
0.9129518270492554
0.9230839610099792
0.9277549982070923
0.9302659034729004
0.9232029318809509
0.6312173008918762
0.522646427154541
0.5338538885116577
0
0
0
0
0
0
0
0
0
0
0
0
0
0
0
0
0
0
0
0
0
0
0
0
0
0
0
0
0
3.4577600955963135
3.3391480445861816
3.266242027282715
3.198171377182007
3.1244146823883057
3.048586130142212
2.9989261627197266
2.919102907180786
2.8434858322143555
2.8050332069396973
2.7557334899902344
2.7207589149475098
2.654625654220581
2.632289171218872
2.579225778579712
2.5478224754333496
2.490715265274048
2.4657464027404785
2.4235267639160156
2.402144432067871
2.351630210876465
2.3336257934570312
2.293372392654419
2.2545158863067627
2.2376492023468018
2.224687337875366
2.1760172843933105
2.1460578441619873
2.154127359390259
2.140321731567383
2.100743532180786
2.081637382507324
2.075664520263672
2.058671712875366
2.0358011722564697
2.0405662059783936
2.0223920345306396
2.0004565715789795
2.0146589279174805
1.9885133504867554
1.9648292064666748
1.9486044645309448
1.9637575149536133
1.9599913358688354
1.930803656578064
1.9391649961471558
1.9206620454788208
1.9217013120651245
1.914199948310852
1.9135777950286865
1.909005880355835
1.8845256567001343
1.8858433961868286
1.9055553674697876
1.8845547437667847
1.900059461593628
1.9108525514602661
0
0
2.5606908798217773
1.919738531112671
1.923202633857727
1.921860933303833
1.926347255706787
1.9298425912857056
1.9321203231811523
1.9470723867416382
1.9454442262649536
1.9746549129486084
1.9739598035812378
1.9770957231521606
1.9564131498336792
1.9947805404663086
2.002786636352539
1.9894987344741821
2.007279396057129
2.033733367919922
2.0584094524383545
2.049638509750366
2.0829885005950928
2.0800764560699463
2.117661952972412
2.1170713901519775
2.1504061222076416
2.163660764694214
2.1850340366363525
2.1986496448516846
2.217146396636963
2.2411770820617676
2.284444570541382
2.2896854877471924
2.3259689807891846
2.33168888092041
2.3642373085021973
2.4009900093078613
2.447307825088501
2.479116201400757
2.5144155025482178
2.561152935028076
2.5912563800811768
2.644073724746704
2.6767611503601074
2.7284884452819824
2.797178030014038
2.838202714920044
2.8903586864471436
2.9443142414093018
3.0092852115631104
0.9071425199508667
0.8785820603370667
0.892507016658783
0.8741745352745056
0.85280442237854
0.8607433438301086
0.8327865600585938
0.8310263156890869
0.8247712254524231
0.8025931715965271
0.808418869972229
0.8011840581893921
0.8000320196151733
0.7864277958869934
0.7867110371589661
0.7751849889755249
0.7737709283828735
0.7504812479019165
0.7455577254295349
0.7492124438285828
0.7614760994911194
0.7618414759635925
0.7568827271461487
0.7346933484077454
0.7443952560424805
0.7441659569740295
0.8053754568099976
0.8791859745979309
0.9703501462936401
1.0546497106552124
1.1926087141036987
1.342353343963623
1.5568690299987793
1.9747034311294556
2.4353809356689453
2.9903151988983154
0
1.0709937810897827
1.066487431526184
1.0503795146942139
1.0432628393173218
1.0604362487792969
1.0562925338745117
1.0668120384216309
1.0821361541748047
1.0711368322372437
1.0628472566604614
1.0824403762817383
1.0770152807235718
1.0770771503448486
1.0732331275939941
1.107797384262085
1.079983115196228
1.0955535173416138
1.1158140897750854
1.1122164726257324
1.1132853031158447
1.1291424036026
0
0
0
0
0
0
0
0
0
0
0
0
0
0
0
0
0
0
0
0
0
0
0
1.9494961500167847
1.9531323909759521
1.955244779586792
1.9657509326934814
1.996741533279419
2.0266273021698
2.0289268493652344
2.0396556854248047
2.0612213611602783
2.0853633880615234
2.0778372287750244
2.0140740871429443
1.9483991861343384
1.8905432224273682
1.1351439952850342
1.1239690780639648
1.1542457342147827
1.1457408666610718
1.160383939743042
1.1938378810882568
1.2350977659225464
1.2353570461273193
1.2445706129074097
1.2594925165176392
1.2859020233154297
1.3131487369537354
1.332404613494873
1.3560665845870972
1.371869444847107
3.265597343444824
3.211573600769043
3.16404128074646
3.1208460330963135
3.0379481315612793
3.0217981338500977
3.08127760887146
3.1494486331939697
3.231452226638794
3.3069229125976562
3.4020495414733887
3.4921140670776367
0
0
0
0
0
0
0
0
0
0
0
0
0
0
0
0
0
3.0153958797454834
3.0197081565856934
3.0104804039001465
3.0357284545898438
3.04891300201416
2.133592367172241
1.9997302293777466
2.029238700866699
2.030111312866211
2.043294906616211
2.0585432052612305
2.068706512451172
2.0992982387542725
2.087841272354126
2.1175670623779297
2.142486333847046
2.162508726119995
2.1022417545318604
2.025209903717041
1.1877204179763794
1.0284414291381836
1.0107040405273438
1.0429246425628662
1.0362725257873535
1.0512416362762451
1.0849926471710205
1.0869932174682617
1.1026976108551025
1.1185779571533203
1.1305938959121704
1.1583350896835327
1.159224271774292
1.1918987035751343
1.1950535774230957
1.2270326614379883
1.2583448886871338
1.2503215074539185
1.2403836250305176
1.2129428386688232
1.2039471864700317
1.19741690158844
1.1598222255706787
1.154483437538147
1.142630934715271
1.1248835325241089
1.1151695251464844
1.0952305793762207
1.087035059928894
1.0814805030822754
1.0733076333999634
1.059493064880371
1.0642321109771729
1.0256437063217163
1.0086649656295776
1.0363234281539917
1.0026193857192993
0.9920952916145325
0.9966684579849243
0.9965726733207703
1.0095008611679077
0.9827371835708618
0.9734991788864136
0.9682481288909912
0.966295599937439
0.9648991823196411
0.9613701701164246
