0
0
0
0
0
0
0
0
0
0
0
0
0
0
0
0
0
0
0
0
0
0
0
0
0
0
0
0
0
0
0
0
0
0
3.471498966217041
3.4648730754852295
3.4424240589141846
3.476452350616455
0
0
0
0
0
0
0
0
0
0
0
0
0
0
0
0
0
0
0
0
0
0
0
0
0
0
0
0
0
0
0
2.1024317741394043
2.064195156097412
2.032426357269287
2.0154969692230225
2.016392230987549
2.0580427646636963
2.0678515434265137
2.1237809658050537
0
0
0
0
0
0
0
0
0
0
0
0
0
0
0
0
0
0
0
0
0
0
0
0
0
0
0
0
0
0
0
0
0
0
0
0
0
0
0
0
0
0.8305433988571167
0.7979245185852051
0.8006656169891357
0.7907530069351196
0.8078736662864685
0.8068996667861938
0.8040908575057983
0.8067432045936584
0.7898189425468445
0.7980982065200806
0.7907418012619019
0.8064546585083008
0.804343581199646
0.7998103499412537
0.7741639018058777
0.8031532168388367
0.7965397834777832
0.8105412125587463
0.805992841720581
0.8051052689552307
0.7960231900215149
0.8153902888298035
0.8209737539291382
0.8344135284423828
0.8322583436965942
0.8440670967102051
0.8359324932098389
0.811679482460022
0.8297117948532104
0.8411152958869934
0.8315667510032654
0.853247344493866
0.8828865885734558
0.8635220527648926
0.8640689849853516
0.905512809753418
0.8862136602401733
0.8856603503227234
0.8940504193305969
0.9014990329742432
0.9302607774734497
0.9302865266799927
0.9490000009536743
0.9354907870292664
0.961764931678772
0.9691451787948608
0.9781038761138916
1.0014214515686035
0.9827590584754944
1.0134681463241577
1.0271297693252563
1.0591176748275757
1.0622904300689697
1.0839239358901978
1.107210636138916
1.1205261945724487
1.141173005104065
1.1897598505020142
1.7378630638122559
1.711530327796936
1.7046709060668945
1.6932321786880493
1.6754363775253296
1.6908252239227295
1.6869430541992188
1.7278836965560913
1.759702444076538
0
0
0
0
0
0
0
0
0
0
0
0
0
0
0
0
0
0
0
0
0
0
0
0
0
0
0
0
0
0
0
0
0
0
0
0
0
0
0
0
0
0
0
0
0
0
0
0
0
0
0
0
0
0
0
0
0
0
0
0
0
0
0
0
0
0
0
0
0
0
0
0
0
0
0
0
0
0
0
0
0
0
0
0
0
0
0
0
0
0
0
0
0
0
0
0
0
0
0
0
0
0
0
0
0
0
0
0
0
0
0
0
0
0
0
0
0
0
0
0
0
0
0
0
0
0
0
0
0
0
0
0
0
0
0
0
0
0
0
0
0
0
0
0
0
1.7844315767288208
1.6875618696212769
1.6485488414764404
1.6422418355941772
1.6532938480377197
1.6458089351654053
1.6339600086212158
1.6323411464691162
1.652848482131958
1.6816269159317017
1.7318267822265625
0
0
0
0
0
0
0
0
0
0
0
0
0
0
0
0
0
0
0
