0.4296959936618805
0.42119187116622925
0.413455069065094
0.425128310918808
0.42777684330940247
0.42278093099594116
0.4332948923110962
0.4284534454345703
0.42542874813079834
0.4260348975658417
0.44941771030426025
0.46978890895843506
0.44702041149139404
0.46328380703926086
0.4544302821159363
0.4645874798297882
0.47818076610565186
0.5006359219551086
0
0
0
0
0
0
3.4505698680877686
3.4291646480560303
3.4264822006225586
3.4555370807647705
0
0
0
0
0
0
0
2.331774950027466
2.3007302284240723
2.2769289016723633
2.2774875164031982
2.27945613861084
2.29801082611084
2.2936577796936035
2.3807380199432373
0
0
0
0
0
0
0
0
0
0
0
0
0
0
0
0
0
0
0
0
0
0
0
0
0
0
0
0
1.6874573230743408
1.6409159898757935
1.6004019975662231
1.5909556150436401
1.581000804901123
1.5624319314956665
1.5744948387145996
1.5529168844223022
1.567704200744629
1.5724668502807617
1.6264017820358276
2.81532621383667
2.7942426204681396
2.7967171669006348
2.793057918548584
2.838818311691284
2.886564016342163
0
0
0
0
0
0
0
0
0
0
0
0
0
0
0
0
0
0
0
0
0
0
0
0
0
3.1825404167175293
3.1417653560638428
3.1498067378997803
3.1815342903137207
3.201005220413208
0
0
2.370718479156494
2.3230490684509277
2.335437774658203
2.326590061187744
2.336637020111084
2.3390891551971436
2.4440126419067383
0
0
0
0
0
0
0
0
0
0
0
0
0
0
0
0
0
0
0
0
0
1.4048937559127808
1.3696305751800537
1.3417776823043823
1.3365662097930908
0.4753265976905823
0.43527746200561523
0.44203516840934753
0.42604100704193115
0.41224637627601624
0.39477643370628357
0.39208051562309265
0.3870887756347656
0.3926061689853668
0.3761102855205536
0.3831828534603119
0.3803365230560303
0.37518996000289917
0.3702448308467865
0.3819422423839569
0.3890767991542816
0.3650401830673218
0.3647889792919159
0.3810720145702362
0.3567229211330414
0.35515615344047546
0.3581867814064026
0.37464356422424316
0.3726499080657959
0.39727792143821716
0.3774988055229187
0.3861074149608612
0.38015636801719666
0.40032848715782166
0.3986571133136749
0.4146222472190857
0.40281692147254944
0.43622636795043945
0.4495123624801636
0.4740791618824005
0
0
0
0
0
0
0
0
0
0
0
2.853980779647827
2.8278443813323975
2.8097336292266846
2.806210994720459
2.830986976623535
2.952618360519409
0
0
0
0
0
0
0
1.8481115102767944
1.805534839630127
1.7645180225372314
1.7667558193206787
1.7590794563293457
1.7606734037399292
1.7778655290603638
1.7815179824829102
1.8124076128005981
0
0
0
0
0
0
0
0
0
0
0
0
0
0
0
0
0
0
0
0
3.0004632472991943
2.9411473274230957
2.9106247425079346
1.290107011795044
1.2587437629699707
1.2304407358169556
1.2303602695465088
1.2121527194976807
1.2139877080917358
1.2061665058135986
1.2015324831008911
1.2051256895065308
1.218841552734375
1.2408307790756226
1.2581732273101807
1.276047945022583
0
0
2.5352630615234375
2.500551462173462
2.484208106994629
2.477501392364502
2.4971718788146973
2.516767978668213
2.5917835235595703
0
0
0
0
0
0
0
0
0
0
0
0
0
0
0
0
0
2.6154773235321045
2.537200927734375
2.5345046520233154
2.5005125999450684
2.502121686935425
2.526371955871582
2.564406156539917
0
0
0
0
1.5003283023834229
1.4778012037277222
1.4858345985412598
1.435092568397522
1.4704192876815796
1.429860234260559
1.4283210039138794
1.4416180849075317
1.450618863105774
1.4753358364105225
1.4810218811035156
1.5634835958480835
0
0
0
0
0
0
0
0
0
0
0
2.0962626934051514
2.0258076190948486
1.9926552772521973
1.9853780269622803
1.9929790496826172
2.001711130142212
2.009727954864502
2.004495620727539
2.0678188800811768
0
0
0
0
3.077787160873413
3.0344479084014893
3.0178887844085693
3.011215925216675
3.0403921604156494
3.0660207271575928
0
0
0
0
0
0
0
0
0
0
0
0.4972672760486603
0.49258875846862793
0.47179126739501953
0.4519217014312744
0.44958606362342834
0.46769094467163086
0.4387383759021759
0.4428950250148773
0.434598833322525
0.42346012592315674
0.42566996812820435
0.41428983211517334
0.43647173047065735
0.4167321026325226
