1.8646358251571655
1.8552433252334595
1.8557900190353394
1.846819519996643
1.8729281425476074
1.9175045490264893
0.46903499960899353
0.45005932450294495
0.45572155714035034
0.433058500289917
0.4142616391181946
0.43468570709228516
0.394136905670166
0.3922489285469055
0.39707374572753906
0.4047762453556061
0.391363263130188
0.3836754858493805
0.37944158911705017
0.3862270414829254
0.38230353593826294
0.373625785112381
0.37447819113731384
0.37672367691993713
0.37509700655937195
0.3880368173122406
0.3792150318622589
0.38584575057029724
0.3889079689979553
0.38822364807128906
0.39188650250434875
0.3971604108810425
0.3973112106323242
0.41520246863365173
0.40899625420570374
0.41547560691833496
0.43683505058288574
0.4463457763195038
0.450687050819397
0.4574177861213684
0
0
2.698286533355713
2.6573498249053955
2.6424169540405273
2.6500396728515625
2.656743288040161
2.6883625984191895
0
0
0
0
0
0
0
0
0
0
0
0
0
0
0
0
0
0
0
0
0
0
0
0
0
0
3.0058250427246094
2.954038619995117
2.9650461673736572
2.9737045764923096
2.9788458347320557
3.1127007007598877
0
0
0
1.7964186668395996
1.7627079486846924
1.7511600255966187
1.7288469076156616
1.7223854064941406
1.74091637134552
1.738044023513794
1.7660229206085205
1.7741262912750244
1.8285268545150757
0
0
0
0
0
0
0
0
0
0
0
0
0
0
0
0
0
0
0
0
0
0
0
0
0
1.998275876045227
1.9468441009521484
1.9138069152832031
1.9069057703018188
1.8895403146743774
1.8990591764450073
1.9132318496704102
1.9405238628387451
1.9730592966079712
0
0
0
0
0
0
0
3.2138922214508057
3.1750681400299072
3.1719818115234375
3.158618450164795
3.226818561553955
0
0
0
0
0
0
0
0
0
0
1.7642797231674194
1.7142157554626465
1.6954275369644165
1.6906708478927612
1.6769431829452515
1.6744139194488525
1.70900297164917
0.5772790312767029
0.5579132437705994
0.5265247821807861
0.5245579481124878
0.5073825716972351
0.4939020574092865
0.49073654413223267
0.4871971309185028
0.4616695046424866
0.4738156795501709
0.4852847456932068
0.4735308289527893
0.4554111361503601
0.4638919234275818
0.46086108684539795
0.4769454300403595
0.4616486132144928
0.4855732321739197
0.46523311734199524
0.4817613363265991
0.4862900972366333
0.48911917209625244
0.48572129011154175
0.4954093098640442
0.496890127658844
0.5074027180671692
0.5146455764770508
0.527460515499115
0.5564688444137573
0
0
0
0
0
0
0
0
0
0
0
0
0
3.442366123199463
3.4125993251800537
3.4003753662109375
3.412616014480591
3.4726128578186035
0
0
0
0
0
0
0
0
0
0
0
0
0
0
0
0
0
0
1.6684261560440063
1.650214672088623
1.6021791696548462
1.6034101247787476
1.5707727670669556
1.5642831325531006
1.5915542840957642
1.5818122625350952
1.5916551351547241
1.6428476572036743
1.7042895555496216
0
0
3.4638235569000244
3.435683488845825
3.4391534328460693
3.466850996017456
0
0
0
0
0
0
0
0
0
0
0
0
0
0
0
0
0
0
0
0
0
0
0
0
0
2.746134042739868
2.714047908782959
2.696061134338379
2.7104508876800537
2.7213735580444336
2.789652109146118
0
0
0
0
0
0
0
0
0
0
0
0
0
0
0
0
0
0
0
0
0
0
0
1.504073977470398
1.4916777610778809
1.47217857837677
1.4457392692565918
1.4408668279647827
1.4509235620498657
1.4540842771530151
1.4564869403839111
1.4815385341644287
1.492877721786499
1.522214412689209
0
0
0
0
0
0
0
0
3.086454391479492
3.0145318508148193
3.001739025115967
2.967068672180176
3.0017008781433105
3.0655059814453125
0
0
0
0
0
0
0
0
0
0
0
0
0
0
0
0
0
0
0
0
0
0
0
0
0
0
0
0
0
0
0
0
0
0
0
0
0
0
0
0
1.9241763353347778
1.8853014707565308
1.863136887550354
