0
0
0
0
0
3.2074999809265137
0
0
0
0
0
0
0
0
0
0
0
0
0
0
0
0
0
0
0
0
0
0
0
0
0
0
0
0
0
2.248272180557251
0
0
0
0
0
0
0
0
1.1004642248153687
1.0646107196807861
1.025930643081665
1.0428731441497803
0.9981868267059326
0.9833617210388184
0.9989866018295288
0.9946984052658081
0.9821203351020813
0.9709315299987793
1.019559383392334
1.004586100578308
1.0041290521621704
1.0286387205123901
1.0485955476760864
1.0629397630691528
0
0
0
0
0
0
0
0
0
0
0
2.482248544692993
2.442242383956909
2.4412248134613037
2.4079701900482178
2.4166696071624756
2.4570093154907227
2.5054244995117188
0
0
0
0
0
0
0
0
0
0
0
0
0
0
2.0006802082061768
1.9562385082244873
1.925241470336914
1.9175927639007568
1.907343864440918
1.9009650945663452
1.9268262386322021
1.936706304550171
2.003709554672241
0
0
0
0
0
0
0
0
0
0
0
0
0
0
0
0
0
0
0
0
0
0
0
0
0
0
0
0
0
0
0
0
0
0
0
3.136033058166504
0
0
0
0
0
0
0
0
0
0
0
0
0.7306764125823975
0.7327225208282471
0.7235308885574341
0.7134870886802673
0
0
0
0
0
0
0
0
0
0
0
0
0
0
0
0
0
0
0
0
0
0
2.376796245574951
2.3287603855133057
2.342048406600952
2.328368902206421
2.3550031185150146
2.352597951889038
2.4097788333892822
0
0
0
0
0
0
0
0
0
0
0
0
0
0
0
0
0
0
0
0
0
0
2.94813871383667
2.908555030822754
2.9074723720550537
2.9247829914093018
2.9619176387786865
0
0
0
0
0
0
0
0
0
0
0
0
0
0
0
0
0
0
0
0
0
0
0
0
0
0
0
0
0
0
0
0
0
0
0
0
2.219599723815918
2.1960580348968506
2.1823484897613525
2.152355194091797
2.1583213806152344
2.166708469390869
2.199183225631714
0
0
0
0
0
0
0
0
0
0
0
0
0
0
0
0
0
0
0
0
0
0
0
0
0
0
0
0
0
0
0
0
0
0
0
0
2.3276591300964355
0
0
0
0
0
0
0
0
1.4821410179138184
1.4019200801849365
1.3661519289016724
1.3516736030578613
1.3501158952713013
1.32583749294281
1.3356462717056274
1.3472036123275757
1.3433846235275269
1.349117398262024
1.3658740520477295
1.3840142488479614
1.4134931564331055
0
0
0
0
0
0
0
0
0
0
0
0
0
0
0
0
0
0
0
0
0
0
0
0
0
0
0
3.2686855792999268
3.2435691356658936
3.2251179218292236
3.225619077682495
3.2403645515441895
3.320727825164795
0
0
0
0
0
0
0
0
0
0
0
0
0
0
0
0
0
