0
0
0
0
0
0
0
0
0
0
0
0
0
0
0
0
0
0
0
0
0
0
1.9853525161743164
1.9258962869644165
1.9143074750900269
1.8909317255020142
1.8958756923675537
1.871047854423523
1.89445960521698
1.8913638591766357
1.9288825988769531
0
3.495976686477661
3.47953724861145
3.4585134983062744
3.4112865924835205
3.3893933296203613
3.3570473194122314
3.3422834873199463
3.3249566555023193
3.3065900802612305
3.28576397895813
3.256802558898926
3.258847236633301
3.248655080795288
3.21297550201416
3.195748805999756
3.1889092922210693
3.1670939922332764
3.191300630569458
3.1631572246551514
3.1546974182128906
3.1663639545440674
3.145648956298828
3.1337952613830566
3.12829327583313
3.119457244873047
3.122457504272461
3.1096677780151367
3.128157615661621
3.1188814640045166
3.134514570236206
3.157968521118164
3.1480960845947266
3.1322925090789795
3.159672260284424
3.158219575881958
3.1586854457855225
3.1881649494171143
3.1719746589660645
3.1927032470703125
3.2079684734344482
3.219050407409668
3.2377889156341553
3.240967273712158
3.252084493637085
3.2860565185546875
3.27017879486084
3.306466579437256
3.340787649154663
1.5827010869979858
1.5585726499557495
1.5780956745147705
1.5826609134674072
1.5482016801834106
1.5646296739578247
1.5578832626342773
1.5534405708312988
1.5469341278076172
1.5664994716644287
1.5521584749221802
1.5636684894561768
1.5587847232818604
1.5503034591674805
1.5466116666793823
1.556169033050537
1.563951849937439
1.5507148504257202
1.5520490407943726
1.6004079580307007
1.5794886350631714
1.565159797668457
1.5859452486038208
1.607769250869751
1.6172151565551758
1.6153820753097534
1.6185799837112427
1.613002061843872
1.6269872188568115
1.6188627481460571
1.6502915620803833
1.6567535400390625
1.675193428993225
1.6857936382293701
1.6907352209091187
1.721440076828003
1.7225967645645142
1.739903450012207
1.7542670965194702
1.7881228923797607
1.7797625064849854
1.813948631286621
1.8074406385421753
1.8702808618545532
1.8724056482315063
1.8827706575393677
1.908936619758606
1.929388165473938
1.9415812492370605
1.9826515913009644
2.0056047439575195
2.0456502437591553
2.0844690799713135
2.1045148372650146
2.146848440170288
2.182716131210327
2.238041400909424
2.2622177600860596
2.3219385147094727
2.360714912414551
2.413083076477051
2.4512269496917725
2.509488821029663
2.585581064224243
0.8613169193267822
0.8111776113510132
0.7808964848518372
0.7806639671325684
0.7510999441146851
0.7427322268486023
0.7468834519386292
0.7497479915618896
0.716556191444397
0.7378068566322327
0.7271467447280884
0.7138864994049072
0.7349042892456055
0.7591075897216797
0.7515021562576294
0.7347065210342407
0.7632553577423096
0.7643916010856628
0.7914597988128662
0.7993983030319214
0.8538928031921387
3.3447518348693848
3.334733247756958
3.3493690490722656
3.3648407459259033
3.379918336868286
3.37247371673584
3.398411750793457
3.393353223800659
3.4154880046844482
3.4217474460601807
3.448340892791748
3.4737026691436768
3.485968589782715
0
0
0
0
0
0
0
0
0
0
0
0
0
0
0
0
0
0
0
0
0
0
0
0
0
0
0
0
0
0
0
2.802516460418701
2.7324376106262207
2.696249008178711
2.669227361679077
2.7072548866271973
2.7233150005340576
2.8006718158721924
0
0
0
1.9208827018737793
1.8795020580291748
1.8410226106643677
1.8419804573059082
1.827797293663025
1.8214691877365112
1.8515839576721191
1.8714361190795898
1.9130278825759888
0
0
0
0
0
0
0
0
0
0
0
0
0
0
0
0
0
0
0
0
0
0
0
0
0
2.302910566329956
2.232393503189087
2.1632394790649414
2.10349178314209
2.1350576877593994
2.1430675983428955
2.176517963409424
2.1909615993499756
2.2179412841796875
2.234671115875244
2.277439832687378
2.3130249977111816
2.361577272415161
2.3837289810180664
2.4265263080596924
2.463594675064087
0.5491631031036377
0.5273780822753906
0.5099326372146606
0.4861433506011963
0.48070603609085083
0.4955226480960846
0.4705333113670349
0.4598085880279541
0.4400777220726013
0.4527817666530609
0.44849035143852234
0.45450735092163086
0.4387564957141876
0.4154359996318817
0.4335052967071533
0.4511449635028839
0.41020238399505615
0.4269590675830841
0.4500076472759247
0.4574682414531708
0.4546705484390259
0.46613168716430664
0.4716973602771759
0.45477116107940674
0.4668136239051819
0.4767264127731323
0.5181100964546204
0.5033125281333923
0.5103309750556946
0.519623339176178
0.5680379867553711
3.2923948764801025
3.2087948322296143
3.164417266845703
3.1788687705993652
3.198838233947754
3.2402899265289307
0
0
0
0
0
2.1922202110290527
2.0833966732025146
2.0543923377990723
2.032841444015503
2.025076389312744
2.0348055362701416
2.0617055892944336
2.0556349754333496
2.1308035850524902
0
0
0
0
0
0
0
0
0
0
0
0
0
0
0
0
0
2.439852476119995
2.3614819049835205
2.354989528656006
2.3439383506774902
2.3327794075012207
2.363474130630493
2.391310691833496
2.4445650577545166
0
0
0
0
0
0
0
0
0
0
0
0
0
0
0
