1.7633756399154663
0
0
0
0
0
0
0
0
0
0
0
0
3.0947673320770264
0
0
0
0
0
0
0
0
0
0
0
0
0
0
0
0
0
0
0
0
0
0
0
0
0
0
0
0
0
0
0
0
0
0
0
0
0
0
0
0
2.166841506958008
2.1361846923828125
2.1058919429779053
2.117624521255493
2.121370553970337
2.13162899017334
2.14922833442688
2.2025797367095947
0
0
0
0
0
0
0
0
3.08341121673584
0
0
0
0
0
0
0
0
0
0
0
0
0
0
0
0
0
0
0
0
0
0
0
0
0
0
0
0
0
0
0
0
0
0
0
0
0
0
0
0
0
0
0
0
0
0
0
0
0
0
0
0
3.428453207015991
1.5902997255325317
1.52862548828125
1.5080066919326782
1.5080013275146484
1.4742132425308228
1.474786400794983
1.4883428812026978
1.4943311214447021
1.5102958679199219
1.5160112380981445
1.5709514617919922
0
0
0
0
0
0
0
0
0
0
3.4487664699554443
3.4088761806488037
3.411637544631958
3.4114952087402344
3.4920198917388916
0
0
0
0
0
0
0
0
0
0
0
0
0
0
0
0
0
0
0
0
0
0
0
0
0
0
0
0
0
0
2.4636270999908447
0
0
0
0
0
0
0
0
0.7347821593284607
0.733270525932312
0.7120161652565002
0.7481768727302551
0
0
0
0
0
0
0
0
0
0
0
0
0
0
0
0
0
0
0
0
0
0
0
0
0
2.3490400314331055
2.2948129177093506
2.246356248855591
2.236673593521118
2.2519607543945312
2.262953519821167
2.270676851272583
2.3514702320098877
0
0
0
0
0
0
0
0
0
0
0
0
0
0
0
0
0
0
3.48547625541687
3.455828905105591
3.444112539291382
3.4631104469299316
0
0
0
0
0
0
0
0
0
0
0
0
0
1.9657927751541138
1.9617910385131836
0
0
0
0
0
0
0
0
0
0
0
0
0
0
0
0
0
0
0
3.495197057723999
2.3363003730773926
2.2860939502716064
2.2415401935577393
2.2312111854553223
2.2286128997802734
2.2313172817230225
2.2608742713928223
2.2885513305664062
0
0
0
0
0
0
0
0
0
0
0
0
0
0
0
0
0
0
0
0
0
0
0
0
1.1462534666061401
1.1260645389556885
0
0
2.7500016689300537
2.675400733947754
2.633330821990967
2.6288061141967773
2.6258678436279297
2.635854482650757
2.6804676055908203
0
0
0
0
0
0
0
0
0
0
0
0
3.112823963165283
3.05442214012146
3.040844440460205
3.0452208518981934
3.086390256881714
3.121326208114624
0
0
0
0
0
0
1.8020856380462646
1.7156707048416138
1.7140978574752808
1.7047103643417358
1.6998602151870728
1.7128864526748657
1.6934012174606323
1.7069344520568848
1.7332841157913208
1.7699698209762573
