0
0
0
3.252748727798462
0
0
0
0
0
0
0
0
0
0
0
0
1.5250164270401
1.475024938583374
1.4812636375427246
1.4640600681304932
1.4481571912765503
1.418065071105957
1.4345711469650269
1.4438828229904175
1.4417649507522583
1.4595975875854492
1.499443769454956
1.5232956409454346
0
0
0
0
0
0
0
0
0
0
0
0
0
0
0
0
0
0
0
0
0
0
0
0
0
0
0
0
0
0
0
0
2.9005274772644043
0
0
0
0
0
0
0
0
0
0
0
0
0
0
0
0
0
0
1.295699119567871
1.2686471939086914
0
0
0
0
0
0
0
0
0
0
2.9433906078338623
2.8867902755737305
2.8829634189605713
2.86664080619812
2.8769776821136475
2.927746534347534
0
0
0
0
0
0
0
0
0
0
0
0
0
0
0
0
0
0
0
0
0
0
0
0
0
0
0
2.536801815032959
0
0
0
0
0
0
0
0
0
0
0
0
0
0
0
0
0
0
2.75645112991333
2.698347806930542
2.674922466278076
2.662529230117798
2.6817564964294434
2.7144267559051514
0
0
0
0
0
0
0
0
1.3774263858795166
1.3688502311706543
1.3804210424423218
0
0
0
0
0
0
0
0
0
0
0
0
0
0
0
0
2.8468284606933594
2.7399277687072754
2.7366878986358643
2.7113330364227295
2.7215144634246826
2.774916887283325
0
0
0
0
0
0
0
0
0
0
0
0
0
0
3.0021774768829346
2.9483933448791504
2.9290592670440674
2.910820245742798
1.5130289793014526
1.4875918626785278
1.4731838703155518
1.463700771331787
1.4561233520507812
1.4570343494415283
1.461134433746338
1.4652570486068726
1.4815735816955566
1.509462594985962
1.5808253288269043
0
0
0
0
0
0
0
0
0
0
0
0
0
0
0
0
0
0
0
0
0
0
2.663646697998047
0
0
0
0
0
0
0
0
0
0
0
0
0
0
0
0
0
0
0
0
0
0
0
0
0
0
0
0
0
0
0
0
0
0
0
0
0
0
0
0
0
0
3.4440224170684814
3.372904062271118
3.3607101440429688
3.333712577819824
3.367953300476074
3.4465222358703613
1.553356409072876
1.508323073387146
1.4973516464233398
1.4703422784805298
1.4770108461380005
1.4690643548965454
1.4806416034698486
1.4726974964141846
1.4890190362930298
1.510568380355835
1.5511291027069092
0
0
0
0
0
0
0
0
0
2.4805753231048584
2.4364049434661865
0
0
0
0
0
0
0
0
0
0
0
0
0
0
0
0
0
0
0
0
0
0
0
0
3.4497177600860596
3.4315216541290283
3.4189341068267822
3.466387987136841
0
0
0
0
0
0
0
0
0
0
0
0
0
0
0
0
0
0
0
0
0
0
0
0
0
0
0
0
