0
0
0
0
0
0
0
0
0
0
0
0
0
0
0
0
0
0
0
0
0
0
0
0
0
0
0
0
0
0
0
0
0
0
0
0
0
0
0
0
0
0
0
0
0
0
0
0
0
0
0
0
0
0
0
0
0
0
0
0
0
0
0
0
0
0
2.7780954837799072
2.725065231323242
2.720442771911621
1.2004817724227905
1.1749688386917114
1.1534149646759033
1.1402496099472046
1.1205090284347534
1.1052504777908325
1.1002871990203857
1.105439305305481
1.1125892400741577
1.1194422245025635
1.132676601409912
1.1470988988876343
1.1568782329559326
1.1926870346069336
0
0
2.421234130859375
2.3378453254699707
2.327155590057373
2.324763059616089
2.3081765174865723
2.3356480598449707
2.362518310546875
2.4187939167022705
0
0
0
0
0
0
0
0
0
0
0
0
0
0
0
0
3.0363640785217285
2.9866726398468018
2.9927566051483154
2.992408514022827
3.0054733753204346
0
0
0
0
0
0
0
1.7005772590637207
1.653912901878357
1.6410926580429077
1.6241686344146729
1.618980050086975
1.6171815395355225
1.6417334079742432
1.635196328163147
1.6768895387649536
1.7229291200637817
0
0
0
3.087156057357788
2.960775375366211
3.0015525817871094
3.041537284851074
3.093519926071167
3.1363625526428223
3.191365957260132
3.203341007232666
3.1272032260894775
3.0812952518463135
3.0326178073883057
2.9619767665863037
2.9258549213409424
2.8930234909057617
2.843691825866699
2.3154244422912598
2.3935561180114746
2.429016351699829
2.5167505741119385
2.5754361152648926
2.6401233673095703
2.7834763526916504
2.8347392082214355
2.906071662902832
2.994128465652466
3.1012845039367676
0
0
0
0
0
0
0
0
0
0
0
0.8353672027587891
0.8106780648231506
0.7988725900650024
0.7815688848495483
0.7762004137039185
0.7465205192565918
0.7854816913604736
0.7797438502311707
0.7697389721870422
0.7386695742607117
0.7552583813667297
0.760938286781311
0.7591667175292969
0.7666590809822083
0.7889524698257446
0.7988802790641785
0.8039519190788269
0.8320343494415283
0.8403947353363037
0
0
0
0
0
0
0
0
0
0
0
0
0
0
0
0
0
0
0
0
0
0
0
0
0
0
0
2.610886573791504
2.528839588165283
2.4446797370910645
2.3935599327087402
2.3397107124328613
2.7935173511505127
2.839242935180664
2.859349012374878
2.9270970821380615
2.9618380069732666
3.0069665908813477
3.065807580947876
3.107501983642578
3.1626880168914795
1.5204429626464844
1.4677402973175049
1.4231855869293213
1.4368724822998047
1.4181501865386963
1.4190385341644287
1.3965657949447632
1.3900282382965088
1.4115216732025146
1.4430218935012817
1.468157410621643
1.5106209516525269
0
0
0
0
0
0
0
0
2.801450490951538
2.6894943714141846
2.6704626083374023
2.6435611248016357
2.671623468399048
2.676412343978882
2.748228073120117
0
0
0
0
0
0
0
0
0
0
0
0
0
0
0
0
0
0
0
0
0
0
0
3.4608325958251953
3.4540059566497803
3.453950881958008
3.455446481704712
0
1.835803508758545
1.833821177482605
1.7971848249435425
1.7822848558425903
1.7728655338287354
1.7924343347549438
1.799526572227478
1.8134983777999878
1.857700228691101
3.240669012069702
3.2542455196380615
2.3405261039733887
2.137308359146118
0.7763225436210632
0.7576870322227478
0.7301656007766724
0.7193188667297363
0.7117016315460205
0.7073231935501099
0.6827954649925232
0.6784749627113342
0.7148264050483704
0.678016722202301
0.7071390151977539
0.6970395445823669
0.6930416822433472
0.6983634829521179
0.6865556240081787
0.7111241817474365
0.6911763548851013
0.7339545488357544
0.7330951690673828
0.7471814155578613
0.7652531266212463
1.5116249322891235
1.5395021438598633
1.595007300376892
1.6023226976394653
0
0
0
0
0
0
0
0
0
0
0
0
0
0
0
0
0
0
0
0
0
0
0
0
0
0
0
0
0
0
0
0
0
0
0
0
