0
0
0
0
0
0
0
0
0
0
0
0
2.1979429721832275
2.139561414718628
2.1117544174194336
2.0928237438201904
2.074147939682007
2.076378345489502
2.093207597732544
2.134645462036133
2.1591928005218506
0
0
0
0
0
0
0
0
0
0
0
0
0
0
0
0
0
0
0
0
0
3.014976978302002
2.9776859283447266
2.9741296768188477
2.969217538833618
2.9893288612365723
3.04530668258667
0
0
0
0
0
0
0
0
0
0
0
0
0
0
0
0
0
0
0
0
0
0
0
0
0
0
0
0
1.1202877759933472
1.058161735534668
1.0446306467056274
1.028916597366333
0.9887664318084717
1.025599718093872
1.001330852508545
0.997275710105896
1.0042831897735596
1.0094280242919922
1.0207147598266602
1.017191767692566
1.0144474506378174
1.041773796081543
1.037290096282959
1.0726795196533203
0
2.903374195098877
2.8652377128601074
2.8744421005249023
2.8352997303009033
2.7916722297668457
2.788759708404541
2.7863967418670654
2.756258964538574
2.744797468185425
2.7228987216949463
2.708057403564453
2.689472198486328
2.7098522186279297
2.678680419921875
2.6833038330078125
2.6613590717315674
2.6657588481903076
2.6521077156066895
2.638878107070923
2.6407887935638428
2.6421689987182617
3.3547868728637695
0
0
0
0
0
0
0
0
0
0
0
0
0
0
0
0
0
0
0
0
0
0
0
0
0
0
0
0
0
0
0
0
0
0
0
0
0
0
0
0
0
0
0
0
0
0
0
0
2.8557252883911133
2.784968376159668
2.764530658721924
2.7927517890930176
2.7752039432525635
2.8053901195526123
0
0
0
0
0
0
0
0
0
0
0
0
0
0
0
0
0
0
0
0
0
0
0
0
0
0
0
0
0
0
0
0
0
0
0
0
0
0
0
0
0
0
0
0
0
0
0
0
0
0
0
0
0
0
0
0
0
2.8756840229034424
2.8442630767822266
2.8507399559020996
2.8547163009643555
2.8671951293945312
1.9724143743515015
1.9148180484771729
1.877960443496704
1.804423451423645
1.7599316835403442
1.7714319229125977
1.7984346151351929
1.8694175481796265
1.891543984413147
1.9187169075012207
1.9385006427764893
1.9864771366119385
1.999188780784607
2.0579981803894043
2.0959136486053467
2.1352694034576416
2.1617014408111572
1.046684741973877
1.0191781520843506
1.0090811252593994
0.989561915397644
0.9897475242614746
0.9704611897468567
0.974530816078186
0.982397735118866
0.9726457595825195
0.9840654730796814
0.9775267243385315
0.9728578329086304
0.9988124370574951
1.0152020454406738
1.0228350162506104
1.0755650997161865
2.902390480041504
2.8293473720550537
2.796781063079834
2.719184160232544
2.681399345397949
2.6237056255340576
2.5779268741607666
2.532728672027588
2.4918739795684814
2.4377713203430176
2.4153521060943604
2.3721001148223877
2.3299999237060547
2.315636396408081
2.2769556045532227
2.2575860023498535
2.225574493408203
2.1687347888946533
2.169867515563965
2.1538121700286865
2.107060670852661
2.113420009613037
2.0844457149505615
2.0585544109344482
2.048746109008789
2.022773504257202
2.0014846324920654
1.9759775400161743
1.978519082069397
1.9820221662521362
1.980063796043396
1.9207353591918945
1.9304730892181396
1.9194546937942505
1.8994114398956299
1.9006240367889404
1.8873544931411743
1.8834071159362793
1.8796731233596802
1.8500797748565674
1.8361122608184814
1.8569566011428833
1.8521367311477661
1.820650339126587
1.816080927848816
1.8156298398971558
1.8111473321914673
1.8120465278625488
1.8329070806503296
1.815083622932434
1.814525842666626
1.8319828510284424
1.8080967664718628
1.810788631439209
1.8235177993774414
1.8248218297958374
1.82669997215271
1.827665090560913
1.8421188592910767
0
0
0
0
3.492201566696167
3.4870758056640625
0
0
0
0
0
0
0
0
0
0
0
0
0
0
0
0
0
0
0
2.2245278358459473
2.1750500202178955
2.1711151599884033
2.1708719730377197
2.166776418685913
2.158921480178833
2.213380813598633
2.279087543487549
0
0
0
0
