0
0.8623009324073792
0.8295825123786926
0.8179457783699036
0.7861306667327881
0.8018230199813843
0.783240795135498
0.7531439661979675
0.7627202272415161
0.7659531831741333
0.7641419768333435
0.767493724822998
0.7883517146110535
0.7693004608154297
0.7615726590156555
0.7843754291534424
0.7949983477592468
0.7905811071395874
0.8079168200492859
0.8358234763145447
0.8235269784927368
0
0
0
2.926497459411621
2.862762212753296
2.8643991947174072
2.8397653102874756
2.8558921813964844
2.8984057903289795
0
0
0
0
0
0
0
0
0
0
0
0
0
0
0
0
0
0
0
0
0
0
0
0
0
0
0
0
2.9833688735961914
2.9255099296569824
2.8922407627105713
2.905949592590332
2.921598196029663
2.96794056892395
0
0
0
0
0
0
0
0
0
0
1.591552734375
1.5577958822250366
1.5302612781524658
1.5349798202514648
1.4877008199691772
1.5001813173294067
1.5088990926742554
1.5099157094955444
1.5485621690750122
1.5468968152999878
1.6180860996246338
0
0
0
0
0
0
0
0
0
0
0
0
0
0
3.3625881671905518
3.3220784664154053
3.305555582046509
3.2914276123046875
3.337273359298706
0
0
0
0
0
0
0
0
0
0
0
0
0
0
0
0
0
0
0
0
0
0
2.2186944484710693
0
0
0
0
0
0
3.3695292472839355
3.3235507011413574
3.3047893047332764
3.337960720062256
3.3779895305633545
0
0.6806385517120361
0.6362846493721008
0.6321156620979309
0.6032747030258179
0.5803796052932739
0.5797850489616394
0.5852239727973938
0.5777000784873962
0.5709744095802307
0.5660246014595032
0.5871432423591614
0.5735476613044739
0.5667473673820496
0.5550369620323181
0.5761021375656128
0.5691972970962524
0.5656527280807495
0.5656165480613708
0.572065532207489
0.5827393531799316
0.5687292814254761
0.6068112254142761
0.6185184121131897
0.6248230338096619
0.639100968837738
1.2185653448104858
1.2459050416946411
0
0
0
0
0
0
0
0
0
0
0
0
0
0
0
0
0
1.0755807161331177
1.0684317350387573
1.0524507761001587
0
0
0
0
0
0
0
0
0
0
0
0
0
0
0
0
0
0
0.6400200724601746
0.6439084410667419
0.609234094619751
0.619289219379425
0.5829473733901978
0.5737048983573914
0.5695835947990417
0.5725285410881042
0.555187463760376
0.569317638874054
0.5588603615760803
0.5624538064002991
0.5642566680908203
0.5656209588050842
0.5590832233428955
0.5641051530838013
0.5602195858955383
0.5605098009109497
0.5848254561424255
0.5777285099029541
0.603545069694519
0.6062357425689697
0.629718542098999
0.6356111168861389
0.6500621438026428
3.2343571186065674
3.290079116821289
0
0
0
0
0
3.4579834938049316
3.414719343185425
3.4321844577789307
3.4679274559020996
0
0
0
0
0
0
0
0
0
0
0
0
0
0
0
0
0
0
0
0
0
0
1.4376816749572754
1.3850940465927124
1.3907318115234375
1.3544261455535889
1.3394423723220825
1.3534213304519653
1.3506485223770142
1.3627080917358398
1.3473318815231323
1.3873411417007446
1.4117153882980347
1.4374479055404663
0
0
0
0
0
0
0
0
2.494475841522217
2.4425575733184814
2.415105104446411
2.4067113399505615
2.4130239486694336
2.4209728240966797
2.444446325302124
0
0
0
0
0
0
0
0
0
0
0
2.390819787979126
0
0
0
0
0
0
0
0
0
0
0
0
0
0
0
0
0
0
0
0
0
0
0
2.3084137439727783
2.246583938598633
2.22896409034729
2.2183852195739746
2.2078402042388916
2.227731943130493
2.2297744750976562
2.304464340209961
0
0
0
0
0
0
0
0
0
0
0
0
0
0
0
0
0
0
3.497382640838623
3.378541946411133
3.3376073837280273
3.3333356380462646
3.347606658935547
3.3932816982269287
0
0
0
0
