0
0
0
0
0
0
0
0
0
0
0
0
0
0
0
0
0
1.979303240776062
1.9446384906768799
1.9289871454238892
1.9081320762634277
1.9160289764404297
1.8993726968765259
1.9273548126220703
1.9471160173416138
1.9648354053497314
0
0
0
0
0
0.9808024168014526
0.970132052898407
0.9496111273765564
0.9736665487289429
0
0
0
0
0
0
0
0
0
0
0
0
0
0
0
0
0
3.0379104614257812
2.995516777038574
2.9834930896759033
0.4664020538330078
0.4451127052307129
0.4238625764846802
0.42134174704551697
0.4193202257156372
0.396392285823822
0.37873122096061707
0.384091854095459
0.3803907632827759
0.37901589274406433
0.37327882647514343
0.3938377797603607
0.3578205108642578
0.3650720417499542
0.36091381311416626
0.35349392890930176
0.36475682258605957
0.3634730279445648
0.34806591272354126
0.3601841330528259
0.3748548924922943
0.3502466082572937
0.37033185362815857
0.3605666160583496
0.37143224477767944
0.370176762342453
0.3563133180141449
0.39107194542884827
0.3849629759788513
0.38318970799446106
0.39378517866134644
0.39605751633644104
0.41507965326309204
0.40864208340644836
0.43980464339256287
0.4670003056526184
1.5956141948699951
1.6288719177246094
0
0
0
0
0
0
0
0
0
0
0
0
0
0
0
0
0
0
0
0
0
0
0
0
0
0
0
0
0
0
0
0
0
0
0
0
3.4366557598114014
3.4393250942230225
3.4295108318328857
3.4742088317871094
0
0
3.0507285594940186
2.9942729473114014
2.9705545902252197
2.975005865097046
2.9983859062194824
3.0728535652160645
0
0
0.9283849596977234
0.9395641088485718
0.8987844586372375
0.9481769800186157
2.5990958213806152
2.604099750518799
2.645904302597046
0
0
0
0
0
0
2.333585739135742
2.302502155303955
2.30057430267334
2.286620616912842
2.285191774368286
2.31648588180542
2.3424224853515625
0
0
0
0
0
0
0
0
0
0
0
0
0
0
0
0
0
0
0
0
0
0
0
0
0
0
0
0
0
0
0
0
0
0
0
0
0
0
0
0
0
0
0
0
0
0
0
0
0
0
0
0
0
0
0
0
0
0
0
0
0
0
0
0
0
0
0
1.939483880996704
1.9013092517852783
1.8733563423156738
1.8722341060638428
1.8521522283554077
1.854235053062439
1.8868062496185303
1.895595908164978
1.9340909719467163
0
0
0
0
0
0
0
0
0
0
0
0
0
0
0
0
0
0
0
0
0
0
0
0
0
0
0
0
2.7137231826782227
0
0
0
0
0
0
0
0
0
0
0
0
0
0
0
1.760824203491211
1.7259548902511597
1.7048932313919067
1.6953624486923218
1.6612133979797363
1.6987143754959106
1.6881858110427856
1.7212387323379517
1.7441670894622803
1.7721452713012695
0
0
0
0
0
0
0
0
0
0
0
0
0
0
0
0
0
2.9734039306640625
2.9444472789764404
2.9005849361419678
2.918419599533081
2.934065103530884
2.991158962249756
0
0
0
0
0
0
0
0
0
0
0
1.9902503490447998
1.969074010848999
1.9543142318725586
1.9626781940460205
1.9294416904449463
1.9386510848999023
1.9655424356460571
1.9933639764785767
2.047089099884033
0
0
0
0
0
3.4565720558166504
3.4151694774627686
3.3655176162719727
3.3866381645202637
3.4145987033843994
3.5
0
0
0
0
0
0
0
0
0
0
0
0
0
