0
0
0
0
0
0
0
0
0
0
0
0
0
1.2791165113449097
1.237885594367981
1.2558680772781372
1.2404955625534058
1.2171777486801147
1.2161712646484375
1.2077966928482056
1.2042213678359985
1.2267863750457764
1.2324384450912476
1.2157448530197144
1.2588752508163452
1.2748429775238037
1.3482764959335327
0
0
2.693455934524536
2.6470096111297607
2.6216464042663574
2.632355213165283
2.6353769302368164
2.669126272201538
2.697380542755127
0
0
0
0
0
0
0
0
0
0
0
0
0
0
0
0
0
0
2.9106335639953613
2.895047426223755
2.876368284225464
2.9002373218536377
2.9206738471984863
2.9669179916381836
0
0
0
0
0
0
0
0
0
0
0
0
0
0
0
2.387976884841919
2.333967924118042
2.337066411972046
2.3250138759613037
2.3214046955108643
2.328892469406128
2.367891788482666
0
0
0
0
0
0
0
0
0
0
0
0
0
0
0
0
0
0
0
0
0
0
0
0
0
0
0
0
0
1.3797860145568848
1.3455771207809448
1.3222256898880005
1.3184934854507446
1.3202903270721436
1.3055124282836914
1.3211636543273926
1.2961602210998535
1.3160206079483032
1.3289213180541992
1.363006353378296
1.391584038734436
0
0
0
0
0
0
0
0
0
0
0
0
0
0
0
0
0
0
0
0
0
0
0
0
0
0
0
0
0
0
0
0
0
0
0
0
0
0
0
0
0
0
0
0
0
0
0
0
0
0
0
0
0
0
0
0
0
0
0
0
0
0
0
0
0
0
0
0
0
0
0
0
0
0
0
0
0
0
0
0
0
0
0
0
0
0
0
0
0
0
0
0
0
0
0
0
0
0
0
0
0
0
0
0
0
0
0
0
0
0
0
0
0
0
0
0
0
0
0
0
0
0
0
0
0
0
0
0.7304113507270813
0.7265846133232117
0.6811829805374146
0.6786006689071655
0.653961181640625
0.6515855193138123
0.6542227864265442
0.6538859009742737
0.6453885436058044
0.6389679908752441
0.6471952795982361
0.6304231286048889
0.6359385848045349
0.6540857553482056
0.6409209370613098
0.674652636051178
0.6636945009231567
0.662412703037262
0.6764360070228577
0.6818227767944336
0.7235524654388428
0.7185250520706177
0.7310645580291748
0
0
0
0
0
0
0
0
0
0
0
0
0
0
0
0
0
0
0
0
0
0
0
0
0
0
0
0
0
0
0
0
0
0
0
0
0
0
0
0
0
2.0276966094970703
1.9833825826644897
1.9714568853378296
1.9747869968414307
1.960471510887146
1.9594182968139648
1.978992223739624
2.0081822872161865
2.067495822906494
0
0
0
0
0
0
0
0
0
0
0
0
0
0
0
0
0
0
0
0
0
0
0
0
0
2.947174310684204
2.909757375717163
2.8836021423339844
2.893930673599243
2.9024927616119385
2.9416916370391846
0
0
0
0
0
0
