2.7566826343536377
2.7575979232788086
2.7844932079315186
2.847339630126953
2.8672876358032227
2.9270832538604736
2.964653730392456
3.018580436706543
3.0684781074523926
3.125825881958008
3.1886849403381348
3.2251219749450684
3.312833547592163
0
0
0
0
0
0
0
0
0
0
0
0
0
0
0
0
0
0
0
0
0
2.975529909133911
3.35939359664917
3.4133965969085693
3.3785009384155273
3.402369260787964
3.427205801010132
3.4349191188812256
3.4465837478637695
3.4767210483551025
3.484018564224243
3.5
0
0
0
3.493574619293213
3.3439977169036865
2.168440103530884
2.1727895736694336
2.199507474899292
2.2017745971679688
2.2438526153564453
2.2386677265167236
2.268711566925049
2.3190250396728516
2.323911428451538
2.295724391937256
2.209355115890503
2.18125319480896
2.0864615440368652
2.071242094039917
1.369516134262085
1.383137822151184
1.4066071510314941
1.4376553297042847
1.4434456825256348
1.4592201709747314
1.4997810125350952
1.5317949056625366
1.5380785465240479
1.5475836992263794
1.5907671451568604
1.649841547012329
1.780702829360962
1.755616307258606
1.7424077987670898
2.4022204875946045
2.4601385593414307
2.5114283561706543
2.5768723487854004
2.6449170112609863
2.684220314025879
2.6445508003234863
2.6198651790618896
2.6057894229888916
2.574352264404297
2.5479660034179688
2.533182144165039
2.4995758533477783
0
0
0
0
0
0
0
0
0
0
0
0
0
0
0
0
0
0
0
0
0
0
0
0
0
0
0
0
0
3.1725587844848633
3.148710250854492
3.1180763244628906
3.1123926639556885
3.087479829788208
3.072126865386963
3.062634229660034
0
0
0
0
0
0.9172071218490601
0.9153164029121399
0.930314302444458
0.948674738407135
0.9768204092979431
1.0104186534881592
1.0301390886306763
1.0633867979049683
1.1006131172180176
1.1083550453186035
1.1338990926742554
1.1765472888946533
1.214782476425171
1.263105869293213
1.280390739440918
1.274979829788208
1.2664676904678345
1.2620389461517334
1.2611483335494995
1.2011746168136597
1.2155699729919434
1.2209084033966064
1.2376242876052856
1.2077425718307495
1.2051618099212646
1.1864526271820068
1.1797910928726196
1.1953257322311401
1.18505859375
1.1881756782531738
0.7035405039787292
0.704757809638977
0.7733968496322632
0.8656116724014282
0.9854199290275574
2.2186782360076904
2.290900468826294
2.375342845916748
2.5341150760650635
2.5089781284332275
2.47147798538208
2.446321964263916
2.4245073795318604
2.398576021194458
2.378350257873535
2.3429126739501953
2.3186302185058594
2.3017935752868652
2.2839934825897217
2.28408145904541
2.249562978744507
2.2207212448120117
2.2080774307250977
2.3252594470977783
2.439072608947754
2.565889835357666
0
0
0
0
0
0
0
0
0
0
0
0
0
0
0
0
0
0
0
0
0
0
0
0
0
0
0
0
0
0
0
0
0
0
0
0
0
0
0
0
0
0
0
0
0
2.6680908203125
2.6860201358795166
2.7425689697265625
2.7475476264953613
2.7806901931762695
2.244995355606079
2.2806029319763184
2.2944178581237793
2.3217506408691406
2.3583240509033203
2.389636516571045
2.4170000553131104
2.4537789821624756
2.493870973587036
2.7377116680145264
2.6865668296813965
3.227644920349121
3.292015552520752
3.3533411026000977
3.419029951095581
3.4749975204467773
0
0
3.5
3.4428021907806396
3.42572283744812
3.3614683151245117
3.431992530822754
3.445983648300171
0
0
0
1.4772781133651733
1.4669179916381836
1.453118085861206
1.420485496520996
1.4138548374176025
1.411644697189331
1.39755380153656
1.380567193031311
1.3946195840835571
1.3610957860946655
1.361135482788086
1.359984040260315
1.3355656862258911
1.342361330986023
1.323906421661377
1.3305717706680298
1.3884083032608032
1.4919663667678833
1.6183135509490967
1.751086711883545
1.2316808700561523
1.2390297651290894
1.2361277341842651
1.2344433069229126
1.224305272102356
1.2337148189544678
1.227439522743225
1.2220598459243774
1.198616862297058
1.2275581359863281
1.2141447067260742
1.21137273311615
1.2192628383636475
1.229023814201355
1.216177225112915
1.228147268295288
1.2397626638412476
1.2249653339385986
0
0
0
0
0
0
0
0
0
0
0
3.437755823135376
3.480405330657959
3.477402448654175
0
0
0
0
0
0
0
0
0
0
0
0
0
0
0
0
0
0
0
0
0
0
0
0
0
0
0
0
0
0
0
0
0
0
0
0
0
0
2.9884612560272217
2.921380043029785
2.8504233360290527
2.7735304832458496
