1.1375764608383179
1.163831114768982
1.148686170578003
1.1264110803604126
1.1492588520050049
1.1528719663619995
1.1499710083007812
1.1447174549102783
1.1651235818862915
1.1657854318618774
1.1706510782241821
1.1646108627319336
1.1757222414016724
1.1632931232452393
1.1748090982437134
1.1493781805038452
1.0967741012573242
1.010879397392273
0.9617446660995483
0.915420413017273
0.8886445760726929
0.8491590619087219
0.818504273891449
0.795693039894104
1.413957953453064
1.424460768699646
1.4414212703704834
1.4697626829147339
1.4727901220321655
1.465014934539795
1.504834771156311
1.5298830270767212
1.5243464708328247
0
0
0
0
0
0
0
0
0
0
0
0
0
0
0
0
3.1244165897369385
2.9982998371124268
2.893695592880249
2.788085460662842
2.674960136413574
2.5979576110839844
2.501962900161743
2.4553496837615967
2.46501088142395
2.5001115798950195
2.512296676635742
2.545992374420166
2.5632946491241455
2.6178946495056152
2.633234739303589
1.0481034517288208
1.0263499021530151
0.9884584546089172
0.9693693518638611
0.9764998555183411
0.9532950520515442
0.934708833694458
0.9320214986801147
0.8937094807624817
0.89637690782547
0.8779348731040955
0.8656993508338928
0.8375257253646851
0.8394665718078613
0.8238569498062134
0.8049043416976929
0.8003037571907043
0.807411253452301
0.7848609685897827
0.7901580333709717
0.8285328149795532
0.8460826277732849
0.8599802255630493
0.9172403216362
0.9335526823997498
0.9682843089103699
1.0000766515731812
1.0562744140625
1.0777390003204346
1.1303918361663818
1.176902174949646
1.2457873821258545
1.3240660429000854
1.3858213424682617
1.45306396484375
1.5700194835662842
0
0
0
0
0
0
0
0
0
0
0
0
0
0
0
0
0
0
0
0
3.4352128505706787
3.327306032180786
3.2693026065826416
3.251042366027832
3.0818839073181152
3.0249836444854736
2.9259040355682373
2.872570037841797
2.793856620788574
2.736692428588867
2.6909019947052
2.6354737281799316
2.586456537246704
2.533719539642334
2.4691739082336426
2.4289355278015137
2.4047586917877197
2.34822940826416
2.301854372024536
2.293198823928833
2.256281852722168
2.1780879497528076
2.165397882461548
2.156698226928711
2.124342203140259
2.1036038398742676
2.0786263942718506
2.048274278640747
2.0183329582214355
1.984758734703064
1.983718752861023
1.9509085416793823
1.9374420642852783
1.9073152542114258
1.8867199420928955
1.8704997301101685
1.8819239139556885
1.8602946996688843
1.8339864015579224
1.8131053447723389
1.8122223615646362
1.801522970199585
1.8001881837844849
1.7674403190612793
1.7653993368148804
1.7515535354614258
1.7494394779205322
1.7529698610305786
1.7546870708465576
1.7526838779449463
1.746766209602356
1.7343610525131226
1.7521065473556519
1.7168364524841309
1.711161732673645
1.7188750505447388
1.7151808738708496
1.7246195077896118
1.7034106254577637
1.68722665309906
1.7002238035202026
1.6924693584442139
1.7110722064971924
1.7256208658218384
1.7079613208770752
1.7042042016983032
1.7143245935440063
1.7089818716049194
1.7402366399765015
1.737781286239624
1.724239468574524
1.7307424545288086
1.7353243827819824
1.7561993598937988
2.7272329330444336
2.5351059436798096
2.4051120281219482
2.2356061935424805
2.131873607635498
2.0096161365509033
1.906128168106079
1.8348373174667358
1.7966399192810059
1.7898541688919067
1.821338415145874
1.8352323770523071
1.8412355184555054
1.869536280632019
1.8840649127960205
1.9017488956451416
1.9221205711364746
1.9379581212997437
1.9570668935775757
1.9698500633239746
1.9935717582702637
2.027127981185913
2.056514263153076
2.078871250152588
2.110883951187134
2.141356945037842
2.1746139526367188
2.197376012802124
2.257138967514038
2.2603912353515625
2.320540189743042
2.3462414741516113
2.396728992462158
2.422656536102295
2.4830384254455566
2.5337817668914795
2.5753769874572754
2.6102170944213867
2.702340841293335
2.752626419067383
2.819790840148926
2.8826205730438232
2.9573006629943848
3.0679237842559814
3.122265338897705
3.2125282287597656
3.3270769119262695
3.4353320598602295
0
0
0
0
0
0
0
0
0
0
0
0
0
0
0
2.486182451248169
2.4454257488250732
2.4177801609039307
2.3964121341705322
2.3361072540283203
2.3219876289367676
2.3132009506225586
2.282771110534668
3.0931220054626465
3.2167317867279053
3.2286674976348877
3.200111150741577
3.1616668701171875
3.1335155963897705
3.116727828979492
3.10884165763855
0
0
0
0
0
0
0
0
0
0
0
0
0
0
0
0
0
0
0
0
0
0
0
1.374375581741333
1.3146337270736694
1.2537611722946167
1.2252432107925415
1.1807857751846313
1.1457011699676514
1.0932577848434448
1.0855299234390259
1.076733946800232
1.0433169603347778
1.0228755474090576
1.0121210813522339
1.0170482397079468
1.0182690620422363
1.0196192264556885
1.0447152853012085
1.0421799421310425
1.0734751224517822
1.0996092557907104
1.1201752424240112
1.1369566917419434
1.1508405208587646
1.1830167770385742
1.2172462940216064
1.2305262088775635
0.942500650882721
0.9309588074684143
0.9899580478668213
0.9861655831336975
1.0405622720718384
1.0519249439239502
1.0804667472839355
1.1206568479537964
1.1520755290985107
1.1863163709640503
1.2222321033477783
1.2665855884552002
1.2647448778152466
1.256676197052002
1.2595019340515137
1.244542121887207
1.2307815551757812
1.2247618436813354
1.2134795188903809
1.1982182264328003
1.2062557935714722
1.187088966369629
1.1859586238861084
1.1696014404296875
1.165065050125122
1.172053337097168
1.1661272048950195
1.1669715642929077
1.1618908643722534
1.1502434015274048
1.1648144721984863
1.1558324098587036
1.1591724157333374
1.1369454860687256
1.139145851135254
1.1267473697662354
1.1306816339492798
1.1358450651168823
1.141560435295105
