2.354646921157837
0
0
0
0
0
0
0
0
0
0
0
0
0
0
0
0
0
0
1.3334647417068481
1.2667533159255981
1.245158076286316
1.2158098220825195
1.2105361223220825
1.1902790069580078
1.1951944828033447
1.2007336616516113
1.1946182250976562
1.1941628456115723
1.2181872129440308
1.2101970911026
1.2421914339065552
1.2852166891098022
0
0
0
0
0
0
0
0
0
0
0
0
0
0
0
0
0
0
0
0
0
0
0
0
0
0
0
0
0
0
0
0
0
0
0
0
0
0
0
0
0
0
0
0
0
0
0
0
0
2.230905055999756
2.2317235469818115
0
0
0
0
0
0
0
0
0
0
0
0
0
0
0
0
0
0
0
0
0
0
0
0
0
0
0
0
0
0
0
0
0
0.8495722413063049
0.8320494294166565
0.800229012966156
0.7890127897262573
0.7625420689582825
0.7663264870643616
0.7726545929908752
0.7660702466964722
0.7597301602363586
0.7546692490577698
0.7748892903327942
0.7411403656005859
0.75910484790802
0.7789387106895447
0.778296947479248
0.7663979530334473
0.7821617126464844
0.8228589296340942
0.8435202836990356
0.8748719692230225
0
0
0
0
0
0
0
0
0
0
0
0
0
0
0
0
1.5757566690444946
1.5418388843536377
1.5148371458053589
1.486299991607666
1.4936857223510742
1.4966367483139038
1.4970184564590454
1.5106639862060547
1.5198948383331299
1.544042944908142
1.6101182699203491
0
2.63413143157959
2.573460102081299
2.5924019813537598
2.587364435195923
2.6052005290985107
2.6292216777801514
0
0
0
0
0
0
0
0
0
0
0
0
0
0
0
0
0
0
2.750236749649048
2.650851011276245
2.6306357383728027
2.614274501800537
2.623737335205078
2.6399424076080322
2.7305803298950195
0
0
0
0
0
1.5626410245895386
1.5072686672210693
1.4986697435379028
1.474158525466919
1.478523850440979
1.4647799730300903
1.4789748191833496
1.4768871068954468
1.4906253814697266
1.546492099761963
1.5730059146881104
0
0
0
0
3.134488344192505
3.121613025665283
3.0689663887023926
3.092191457748413
3.1186256408691406
0
0
0
0
0
0
0
0
0
0
0
2.485269546508789
2.4105024337768555
2.3886659145355225
2.3811569213867188
2.3660080432891846
0.9072933793067932
0.8726047277450562
0.8463636040687561
0.8483898639678955
0.8050392866134644
0.8155903816223145
0.8371261358261108
0.7985250353813171
0.8099438548088074
0.8029820322990417
0.8138306736946106
0.8070831298828125
0.7960922718048096
0.8174184560775757
0.8241603374481201
0.8286052942276001
0.8549116849899292
0.8805116415023804
0.9029591679573059
2.567265748977661
2.555055856704712
2.5945987701416016
2.6304750442504883
0
0
0
0
0
0
0
0
0
0
0
0
0
0
0
0
0
0
0
0
0
0
0
0
0
0
0
0
0
0
0
0
0
3.26489520072937
3.2223167419433594
3.2417595386505127
3.2415311336517334
3.260166645050049
0
0
0
2.26763653755188
2.2103593349456787
1.2760677337646484
1.1996850967407227
1.1533915996551514
1.1573026180267334
1.147762656211853
1.1274956464767456
1.11662757396698
1.112989902496338
1.1168770790100098
1.1066539287567139
1.124599814414978
1.1530423164367676
1.1351491212844849
1.1673401594161987
1.2190293073654175
0
0
0
0
0
0
0
0
0
0
0
0
0
0
0
0
3.3447506427764893
3.199390411376953
3.1748898029327393
3.1715636253356934
3.174684762954712
3.21563720703125
0
0
0
0
0
0
0
0
0
0
0
0
2.320004463195801
2.284453868865967
2.2570042610168457
2.241123914718628
2.238264799118042
2.258296251296997
2.2647337913513184
2.3331832885742188
