0
0
0
0
0
0
0
0
0
0
0
0
0
0
0
0
0
0
0
0
2.9393844604492188
0
0
0
0
0
0
0
0
0
0
0
0
0
0
0
3.1314799785614014
3.0833818912506104
3.063140630722046
3.073784112930298
3.110541820526123
3.1592628955841064
0
0
0
0
0
1.7765432596206665
1.7870190143585205
0
0
0
0
0
0
0
0
0
0
0
0
0
0
0
0
3.121746778488159
3.0773775577545166
3.0627758502960205
3.045656442642212
3.0730786323547363
3.1582822799682617
0
0
0
0
0
0
0
0
0
0
0
1.7886885404586792
1.7443811893463135
1.7134811878204346
1.6895413398742676
1.6910247802734375
1.6991677284240723
1.7077425718307495
1.7276661396026611
1.7589826583862305
1.8076622486114502
0
0
0
0
0
0
0
0
0
0
0
0
0
0
0
0
0
0
0
0
0
0
0
0
2.734125852584839
2.697605609893799
0
0
0
0
0
0
0
0
0
0
0
0
0
0
0
0
0
0
0
0
0
0
0
0
0
0
0
0
0
0
0
0
0
0
0
0
0
0
0
0
0
0
0
0
1.3184894323349
1.2591824531555176
1.208678960800171
1.197239637374878
1.1755250692367554
1.1912689208984375
1.1678394079208374
1.1717602014541626
1.1626273393630981
1.1780469417572021
1.1935633420944214
1.2099806070327759
1.2354007959365845
1.2545239925384521
0
0
0
0
0
0
0
0
0
0
0
0
0
0
0
2.0812594890594482
0
0
0
0
0
0
0
0
0
0
0
0
0
0
0
0
0
0
0
0
0
0
0
0
0
0
0
0
3.1310958862304688
3.0598812103271484
3.033007860183716
3.0384175777435303
3.0478575229644775
3.1058058738708496
0
0
0
0
0
0
0
0
0
0
0
0
0
0
0
0
0
0
0
0
0
0
0
0
0
0
0
0
0
0
0
0
0
0
2.9378442764282227
0
0
0
0
0
0
0
0
0
0
0
0
0
0
0
0
0
0
0
0
1.3583283424377441
1.3008404970169067
1.282701015472412
1.2612577676773071
1.2493064403533936
1.2487279176712036
1.2362200021743774
1.245743989944458
1.2513872385025024
1.2482820749282837
1.2782211303710938
1.2910699844360352
1.3132150173187256
0
0
0
0
0
0
0
0
0
0
0
0
0
0
0
0
0
0
0
0
0
0
0
0
0
2.969053268432617
0
0
0
0
0
0
0
0
0
0
0
0
0
0
0
0
0
0
0
0
0
0
0
0
0
1.5202927589416504
1.4925577640533447
0
0
3.168449878692627
3.1366117000579834
3.1322741508483887
3.150827169418335
3.165621519088745
0
0
0
0
0
0
