0
1.5174742937088013
1.504891276359558
1.4814468622207642
1.4587358236312866
1.4655839204788208
1.443169116973877
1.4395105838775635
1.4255794286727905
1.4104406833648682
1.4514293670654297
1.5198826789855957
1.6009328365325928
1.6664838790893555
1.738084077835083
1.8428393602371216
1.9444323778152466
2.0660386085510254
2.1838884353637695
2.3486273288726807
2.561628818511963
2.7537636756896973
3.004639148712158
3.3063106536865234
0
0
0
0
0
0
0
0
0
0
0
3.233515501022339
3.147639274597168
3.1233837604522705
3.102705717086792
3.10190486907959
3.140338182449341
0
0
1.0429778099060059
1.0002237558364868
0.9856725335121155
0.969287097454071
0.9654544591903687
0.9579187631607056
0.9629389643669128
0.9646667242050171
0.9671664237976074
0.9667563438415527
0.9672783613204956
0.9688373804092407
0.9785081148147583
0.9729962348937988
1.019945740699768
1.034338355064392
2.8128044605255127
2.705091953277588
2.6091182231903076
2.5403733253479004
2.450495481491089
2.3840084075927734
2.311690330505371
2.262810707092285
2.203082799911499
2.135117769241333
2.0936331748962402
2.040341854095459
1.988855004310608
1.9607264995574951
1.9081389904022217
1.8760368824005127
1.83060622215271
1.8165881633758545
1.773415446281433
1.7531566619873047
1.7132480144500732
1.6862493753433228
1.6541155576705933
1.6502881050109863
1.6256338357925415
1.5949501991271973
1.5611640214920044
1.5563820600509644
1.518418312072754
1.5025858879089355
1.4951937198638916
1.4762914180755615
1.4525595903396606
1.4446457624435425
1.4159051179885864
1.4039608240127563
1.3950964212417603
1.3952871561050415
1.3919378519058228
1.4485831260681152
1.4967041015625
1.557396411895752
0
0
0
0
0
0
0
2.30086088180542
2.227430582046509
2.183112621307373
2.2011208534240723
2.197566270828247
2.2040061950683594
2.219937324523926
2.289232015609741
0
0
0
0
0
0
0
0
0
0
0
0
0
0
0
0
0
0
0
0
0
0
0
0
0
0
0
0
0
0
0
0
0
0
0
0
0
0
0
0
0
0
0
0
0
0
0
0
0
0
0
0
0
0
0
0
0
0
0
0
0
0
0
0
0
0
0
0
0
0
0
0
0
0
0
0
0
0
0
0
0
0
1.9630415439605713
1.9012006521224976
1.9070457220077515
1.8851394653320312
1.8859807252883911
1.8917251825332642
1.8852550983428955
1.9148274660110474
1.9562746286392212
0
0
0
0
0
0
0
0
0
0
0
0
0
0
0
0
0
0
0
0
0
0
0
0
0
0
0
0
0
0
0
0
0
0
0
0
0
0
0
0
0
0
0
0
0
0
0
0
0
0
0
0
0
0
0
0
0
0
0
0
0
0
0
0
0
0
0
0
0
0
0
0
0
0
0
0
0
0
0
0
0
0
0
0
0
0
0
0
0
0
0
0
0
0
0
0
0
0
0
0
0
0
0
0
0
0
0
0
0
0
0
0
0
0
0
0
0
0
0
0
0
0
0
0
0
0
0
0
0
0
0
0
0
0
0
0
0
0
0
0
0
0
0
0
0
0
0
0
0
0
0
0
0
