0.8950654864311218
0.8950716853141785
0.893728494644165
0.9053632020950317
0.8791151642799377
0.8842668533325195
0.887736439704895
0.9008786082267761
0.8936172127723694
0.913475513458252
0.9191187024116516
0.9165171980857849
0.923793613910675
0.9311050176620483
0.9166216850280762
0.9431299567222595
0.9271945357322693
0.9383785724639893
0.9241660833358765
0.9328479766845703
0.9600353837013245
0.9508664608001709
0.9624552726745605
0.9570130705833435
0.9898737668991089
0.9716492295265198
0.9901924133300781
0.9708415865898132
1.0179009437561035
1.0197919607162476
1.0094324350357056
1.0539058446884155
1.0667957067489624
1.059086561203003
1.0678186416625977
1.0831173658370972
1.1003360748291016
1.1323447227478027
1.1348567008972168
1.1431776285171509
1.1528929471969604
1.1915197372436523
1.205283284187317
1.2188096046447754
1.2351921796798706
1.262247920036316
1.291735053062439
1.3102103471755981
1.330471396446228
1.122597336769104
1.0449484586715698
1.0222806930541992
1.0186926126480103
1.0125426054000854
1.0094962120056152
1.005675196647644
0.9899353981018066
0.9599878191947937
0.9881949424743652
0.9978039860725403
1.0063952207565308
0.988024115562439
1.0309807062149048
1.0372593402862549
1.0641605854034424
1.46699059009552
1.4597501754760742
1.4604885578155518
1.4456405639648438
1.4425450563430786
1.455899953842163
1.490678071975708
1.521380066871643
0
0
0
1.1563292741775513
1.0997742414474487
1.10093092918396
1.0825300216674805
1.0778205394744873
1.0632816553115845
1.048752784729004
1.0732730627059937
1.0497695207595825
1.0639207363128662
1.0673885345458984
1.0748807191848755
1.101459264755249
1.1031748056411743
1.1583058834075928
0
0
0
0
0
0
0
0
0
0
0
0
0
2.606978416442871
2.54345703125
2.492023468017578
2.4869351387023926
2.491851568222046
2.5016303062438965
2.532552480697632
0
0
0
0
0
2.787412643432617
2.7207694053649902
2.7047388553619385
2.694096088409424
2.698308229446411
2.73569655418396
2.79763126373291
0
0
0
0
3.0497541427612305
2.991467237472534
3.013868808746338
3.017235279083252
3.0534238815307617
0
0
0
0
0
0
0
0
0
0
0
0
0
0
0
0
0
0
0
0
0
0
0
0
0
0
0
0
0
0
0
0
0
0
0
0
0
0
0
0
0
0
0
0
0
0
0
0
0
0
0
2.509351968765259
2.4510161876678467
2.438628673553467
2.428642749786377
2.438948631286621
2.436577320098877
2.487647771835327
0
0
0
0
2.297525644302368
2.1925222873687744
2.184065580368042
2.1601688861846924
2.1550445556640625
2.1760077476501465
2.1751487255096436
2.2290055751800537
0
0
0
0
0
0
0
0
0
0
0
0
0
0
0
0
0
0
0
0
0
0
0
0
0
0
0
0
0
0
0
0
0
0
0
0
0
0
2.92018723487854
2.8655755519866943
2.8637285232543945
2.8692705631256104
2.8926844596862793
2.9501073360443115
0
0
0
0
0
0
0
0
0
0
0
0
0
0
0
0
0
0
0
0
0
0
0
1.2048977613449097
1.1603941917419434
1.1695555448532104
1.165149450302124
1.1307547092437744
1.1152863502502441
1.1208014488220215
1.1153723001480103
1.1327916383743286
1.1122416257858276
1.1417624950408936
1.1482762098312378
1.1839314699172974
1.2028177976608276
0
0
3.442342519760132
3.2364590167999268
3.0495030879974365
2.883010149002075
2.732147693634033
2.648383378982544
2.5019683837890625
2.395901679992676
2.3037941455841064
2.206155776977539
2.1192715167999268
2.068371295928955
1.9933418035507202
1.9202005863189697
1.8693337440490723
1.7823487520217896
1.752873182296753
1.7041739225387573
1.6647207736968994
1.6069661378860474
1.5699671506881714
1.5435889959335327
1.5003314018249512
1.4668047428131104
1.4331432580947876
1.417289137840271
1.3904924392700195
1.3610206842422485
1.3415940999984741
1.3132789134979248
1.282150149345398
1.2623041868209839
1.2390011548995972
1.2215193510055542
1.214392900466919
1.174910306930542
1.167214274406433
1.1593297719955444
1.1460840702056885
1.120308518409729
1.139927864074707
1.1072659492492676
1.0786998271942139
1.068344235420227
1.0708595514297485
1.053386926651001
1.0317375659942627
1.0120538473129272
1.0284850597381592
1.0097064971923828
1.0128889083862305
1.0093108415603638
0.995262086391449
1.003492832183838
1.0192681550979614
1.0692741870880127
0.9476373791694641
0.9583271145820618
0.9346970319747925
0.9328949451446533
0.9252596497535706
0.8985217809677124
0.9199165105819702
0.9078835248947144
0.9197989106178284
0.8938781023025513
0.8954057097434998
0.9034801125526428
0.8948782682418823
0.8900268077850342
0.9071078300476074
0.9027724266052246
0.8930628895759583
0.905001699924469
0.8823320269584656
