2.53594708442688
2.2817471027374268
2.167774200439453
2.664576292037964
2.65543794631958
2.6691970825195312
2.6908979415893555
2.716279983520508
2.7060914039611816
2.730590343475342
2.6465840339660645
2.5212228298187256
2.3987903594970703
2.3070709705352783
0
0
0
0
0
0
0
0
0
0
0
0
0
0
0
0
0
0
0
0
0
0
0
0
0
0
0
0
0
0
0
0
0
0
0
0
0
0
2.8177828788757324
2.721184730529785
2.6615118980407715
2.584285259246826
2.5204038619995117
2.3241522312164307
2.273092031478882
2.2379512786865234
2.1528539657592773
2.121504545211792
2.083836078643799
2.061267137527466
2.6297407150268555
2.6449685096740723
2.713970422744751
2.7656748294830322
2.8268179893493652
2.858759880065918
2.9321818351745605
2.9793291091918945
2.9159927368164062
2.8733699321746826
2.83626127243042
2.7944321632385254
2.7590370178222656
2.7237210273742676
2.8360722064971924
0
0
0
0
0
0
0
0
0
0
0
0
0
0
0
0
0
0
0
0
0
0
0
0
3.398423671722412
3.4010069370269775
3.378620147705078
3.3826053142547607
3.35154128074646
3.352642774581909
3.3552300930023193
0
0
0
0
0
0
0
0
0
0
0
0
0
0
0
0
0
0
0
0
0
0
0
0
0
0
0
0
0
0
0
1.7978860139846802
1.4778252840042114
1.452972650527954
1.4715018272399902
1.4869751930236816
1.4777933359146118
1.4844224452972412
1.4758799076080322
1.5027108192443848
1.491537094116211
1.475023865699768
1.5091187953948975
1.5018219947814941
1.5005769729614258
1.5076414346694946
1.524217963218689
1.552005648612976
1.5487112998962402
1.5468112230300903
1.5705931186676025
1.5856796503067017
1.5668749809265137
1.611619234085083
1.6105766296386719
1.6367169618606567
1.6316280364990234
1.6605514287948608
1.6761668920516968
1.687990427017212
1.717258334159851
1.7275065183639526
1.7572697401046753
0
0
0
0
0
0
0
0
0
0
0
0
0
0
0
0
0
2.8556067943573
2.9252970218658447
3.0067172050476074
3.0822126865386963
3.1569578647613525
3.152555465698242
3.138603925704956
3.076425075531006
3.07198166847229
3.0408356189727783
3.0053865909576416
2.9865801334381104
2.9507899284362793
2.9402384757995605
2.908217430114746
2.8802199363708496
2.863240957260132
2.4198312759399414
2.5226571559906006
2.644162654876709
2.7998085021972656
0
0
0
1.5148589611053467
1.3990767002105713
1.2946101427078247
1.2231594324111938
1.6411209106445312
1.6605488061904907
1.6357496976852417
1.674540400505066
1.678707242012024
1.702731966972351
1.7055093050003052
1.710315465927124
1.7221156358718872
1.743947148323059
1.755868911743164
1.7592557668685913
1.784567952156067
1.7993764877319336
1.8096187114715576
1.8277376890182495
1.85765540599823
1.8581631183624268
1.9006524085998535
1.9067832231521606
1.9288934469223022
1.9460262060165405
1.9786183834075928
1.9246742725372314
1.9003844261169434
1.8390989303588867
1.824447751045227
1.7667663097381592
1.7512123584747314
1.7082675695419312
1.6824973821640015
1.7530516386032104
1.766266107559204
2.3939366340637207
2.447028875350952
2.48026704788208
2.547624349594116
2.5807645320892334
2.656402826309204
2.6873974800109863
2.663527250289917
2.6122169494628906
2.5823864936828613
2.5779595375061035
2.543916702270508
2.504533052444458
2.497330665588379
0
0
0
0
0
0
0
0
0
0
0.7945281863212585
0.7893568873405457
0.8285102248191833
0.8762083053588867
0.9610787630081177
1.03793203830719
1.1056238412857056
1.168576955795288
1.1662416458129883
1.180895447731018
1.1461730003356934
1.1502652168273926
1.1659975051879883
1.1307209730148315
1.1531081199645996
1.1593705415725708
1.1505130529403687
1.1488927602767944
1.1497079133987427
1.1415410041809082
1.1393593549728394
1.1447293758392334
1.1559158563613892
1.1577250957489014
1.1504886150360107
1.1609634160995483
1.1499559879302979
1.149428129196167
1.159095048904419
1.158879280090332
1.1756302118301392
1.1729055643081665
1.1959041357040405
1.191833734512329
1.2038527727127075
1.195159912109375
1.2103936672210693
1.2036340236663818
1.2008968591690063
1.234379529953003
1.2428282499313354
1.231594204902649
1.2643681764602661
1.290528655052185
1.2857544422149658
1.2767199277877808
1.2943692207336426
1.3221187591552734
1.2922964096069336
1.2404918670654297
1.2353596687316895
1.1915678977966309
1.173210620880127
1.1346228122711182
1.1018500328063965
1.0682761669158936
1.0388680696487427
1.036212682723999
0.9824169874191284
1.0117651224136353
0
0
0
0
0
0
0
0
0
0
0
0
0
0
0
0
0
0
0
0
0
0
0
0
2.5922255516052246
