0.9915412068367004
1.3759278059005737
1.3859624862670898
1.3845164775848389
1.4054739475250244
1.3831335306167603
1.3973746299743652
1.4051300287246704
1.403085470199585
1.4379174709320068
1.412540316581726
1.4403140544891357
1.437342643737793
1.432196021080017
1.4442968368530273
1.4304407835006714
1.4575976133346558
1.4575003385543823
1.4632283449172974
1.4762396812438965
1.4791250228881836
1.5094101428985596
1.5212178230285645
1.5401018857955933
1.5387892723083496
1.5363601446151733
1.5550559759140015
1.5778486728668213
1.5896620750427246
1.5804630517959595
1.6224285364151
1.641001582145691
1.65244460105896
1.6305302381515503
1.5962834358215332
1.5404560565948486
1.541096568107605
1.4758905172348022
1.4437748193740845
1.4248822927474976
1.398637294769287
1.362107753753662
1.3723498582839966
1.4539613723754883
1.4401686191558838
1.4222676753997803
1.4541813135147095
1.4709922075271606
1.5203312635421753
1.536396861076355
1.5799379348754883
1.6002849340438843
1.6578679084777832
1.6723759174346924
1.724818229675293
2.8387579917907715
2.7809531688690186
2.691438913345337
2.593747138977051
2.5474653244018555
2.462290048599243
2.4130027294158936
2.3518764972686768
2.3001108169555664
2.247514247894287
2.2070629596710205
2.223809003829956
2.247544050216675
2.294862747192383
2.314995765686035
2.3707785606384277
2.4186038970947266
2.4693381786346436
0
0
0
0
0
0
0
0
0
0
0
0
0
0
0
0
0
0
0
0
0
2.8287811279296875
0
0
0
0
1.3218530416488647
1.3473222255706787
1.3304485082626343
1.339705467224121
1.3370764255523682
1.3336588144302368
1.3467209339141846
1.3500114679336548
1.3635730743408203
1.3683751821517944
1.382023811340332
1.3878253698349
1.4028613567352295
1.4204375743865967
1.4095327854156494
1.4396480321884155
0.4590553343296051
0.4434531033039093
0.4179474413394928
0.41563570499420166
0.4063786566257477
0.40627923607826233
0.4280935227870941
0.4416663646697998
0.43640077114105225
0.4356427788734436
0.4503233730792999
0.4448307156562805
0.4637725055217743
0.45161688327789307
0.4576612412929535
0.4526216685771942
0.46823620796203613
0.4961308240890503
0.4924955368041992
0.4880340099334717
0.5322980880737305
0.5224618911743164
0.5543336272239685
0.5306144952774048
0.5485129952430725
0.5657541751861572
0.5785498023033142
0.583031952381134
0.6057945489883423
0.6122207641601562
0.6162833571434021
0.6390653848648071
0.6551021933555603
0.6837977170944214
0.6710955500602722
0.687175989151001
0.6625241041183472
0.6678778529167175
0.6605181097984314
0.6420275568962097
0.6648702621459961
0.6505453586578369
0.6157708764076233
0.625396728515625
0.6128627061843872
0.6295843124389648
0.611822247505188
0.6221847534179688
0.6263270974159241
0.6005048155784607
0.613524317741394
0.6067821383476257
0.6021322011947632
0.6049972176551819
0.600619912147522
0.6016602516174316
0.5877814292907715
0.5908715128898621
0.5938777923583984
0.5972099900245667
0.5875599384307861
0.5917930603027344
0.6082475185394287
0.5668487548828125
0.5887280702590942
0.6017821431159973
0.5899147391319275
0.5851238965988159
0.5775473117828369
0.5717639923095703
0.5899549126625061
0.599216639995575
0.5960643887519836
0.6021201014518738
0.5965443253517151
0.5877854228019714
0.6048905849456787
0.6082063913345337
0.6160605549812317
0.6002863049507141
0.6139671802520752
0.6129118204116821
0.6008513569831848
0.6234233975410461
0.6317324042320251
0.6346917748451233
0.6211748719215393
0.6457305550575256
0.6249414682388306
0.6480386853218079
0.6791864037513733
0.670931339263916
0.6777517199516296
0.6704273223876953
0.6552751064300537
0.6880490779876709
0.6987331509590149
0.695021390914917
0.7058678269386292
0.7230164408683777
0.7457674741744995
0.745216965675354
0.7307299375534058
0.7417638897895813
0.754287600517273
0.7723272442817688
0.7748844623565674
0.7683310508728027
0.74198979139328
0.7451423406600952
0.7235468626022339
0.7424812316894531
0.7193459272384644
0.7023431658744812
0.6876221895217896
0.6671651005744934
0.6621187329292297
0.674096405506134
0.6581494212150574
0.6460655927658081
0.6353406310081482
0.5982609391212463
0.6279614567756653
0.5934298038482666
0.6011487245559692
0.6087086796760559
0.5956912636756897
0.5838128328323364
0.585518479347229
0.5504525899887085
0.5806412100791931
0.5740966796875
0.5729242563247681
0.5601702332496643
0.5556906461715698
0
0
0
0
0
0
2.7792017459869385
2.7896523475646973
2.800724506378174
2.836782693862915
2.327031373977661
2.357097864151001
2.3692526817321777
2.3917901515960693
2.411766767501831
2.4455130100250244
2.454390048980713
2.4831185340881348
2.512009859085083
0
0
0
0
0
0
0
0
0
0
0
3.277263641357422
3.2833216190338135
3.2938404083251953
3.29537296295166
3.31387996673584
3.340587615966797
3.353746175765991
0
0
3.3370020389556885
3.179142951965332
3.036947250366211
2.9252474308013916
2.8593389987945557
2.896623134613037
2.9108848571777344
2.938222885131836
2.9583797454833984
3.0042927265167236
3.0405373573303223
0
0
0
0
0
0
0
0
0
0
0
0
0
0
0
0
0
0
0
0
0
0
0
0
3.5
3.458015203475952
3.418588638305664
3.36523699760437
1.131611943244934
1.1062840223312378
1.1047487258911133
1.0770453214645386
1.0766313076019287
1.0662214756011963
1.0500448942184448
1.0493277311325073
1.0343774557113647
1.0355479717254639
1.0346524715423584
1.0163236856460571
1.0034841299057007
0.9942942261695862
0.9885229468345642
0.978984534740448
0.9955720901489258
0.9676669239997864
0.9784018397331238
0.9703434705734253
0.9689145684242249
0.9706359505653381
0.9568971395492554
0.9916849732398987
1.0160444974899292
1.186755895614624
1.406502604484558
2.8583860397338867
1.5057998895645142
1.5129867792129517
1.5010254383087158
0.9951366186141968
