0.503588080406189
0.5241914391517639
0.5127339363098145
0.5364282131195068
0.5254517197608948
0.5591882467269897
0.5855222344398499
2.582205295562744
2.6312825679779053
0
0
0
0
0
0
0
0
0
0
0
0
0
0
0
0
0
0
0
0
0
0
0
0
0
0
0
0
0
0
0
0
0
0
0
0
0
3.1892597675323486
3.141380548477173
3.1453609466552734
3.1242618560791016
3.1569666862487793
3.200815439224243
0
0
0
0
0
0
0
0
0
0
0
0
0
0
0
0
0.6840764284133911
0.650754988193512
0.639392614364624
0.6345629096031189
0.6145904064178467
0.5974143743515015
0.583096444606781
0.5854787230491638
0.5744000673294067
0.578708827495575
0.5880752205848694
0.5654456615447998
0.593192994594574
0.5840161442756653
0.5707650780677795
0.5944088101387024
0.587019681930542
0.5885553956031799
0.570074200630188
0.5982692241668701
0.6173961162567139
0.6071641445159912
0.6450486779212952
0.638435423374176
0.6649824976921082
0
0
0
0
0
0
0
0
0
0
0
0
0
0
0
0
0
0
0
0
0
0
0
0
0
0
0
2.1497042179107666
2.108900547027588
2.090043306350708
2.0799949169158936
2.103452444076538
2.092238664627075
2.1220688819885254
2.1802515983581543
0
0
0
0
0
0
0
0
0
0
0
0
0
0
0
0
0
0
0
0
0
0
0
0
0
0
0
0
1.7778884172439575
1.738773226737976
1.7087039947509766
1.6872888803482056
1.6782046556472778
1.68905508518219
1.695198893547058
1.7306402921676636
1.7486134767532349
1.7933919429779053
3.1856775283813477
3.14469838142395
3.0883026123046875
3.0523176193237305
3.0178399085998535
2.9862070083618164
2.9308931827545166
2.915619373321533
2.8743221759796143
2.876793146133423
2.830914258956909
2.794377565383911
2.7868146896362305
2.7495152950286865
2.7633183002471924
2.7113189697265625
2.704768657684326
2.6756484508514404
2.6456665992736816
2.6486258506774902
2.6324009895324707
2.611668109893799
2.6128175258636475
2.576059341430664
2.5764408111572266
2.56716251373291
2.5661256313323975
2.550964593887329
2.5105350017547607
2.5431997776031494
2.533503293991089
2.543076753616333
2.5142805576324463
2.515357255935669
2.503352165222168
2.48742938041687
2.5093371868133545
2.49080491065979
2.5113332271575928
2.5071327686309814
2.5150814056396484
2.5177104473114014
2.506664752960205
2.5300850868225098
2.510115146636963
2.528707504272461
1.987160563468933
1.9454779624938965
1.9262819290161133
1.9165540933609009
1.9451253414154053
1.9227609634399414
1.9541345834732056
1.996437430381775
0
0
0
0
0
0
0
0
0
0
0
0
0
0
0
0
2.161229133605957
2.144158124923706
2.119769334793091
2.0842702388763428
2.058358669281006
2.0479910373687744
2.0147173404693604
1.9909921884536743
1.9757276773452759
1.9523719549179077
1.9348307847976685
1.8999192714691162
1.914115071296692
1.8964745998382568
1.8679882287979126
1.8574694395065308
1.8400564193725586
1.8357782363891602
1.8133618831634521
1.8086858987808228
1.8108162879943848
1.7936605215072632
1.7748061418533325
1.775384545326233
1.770605206489563
1.759191632270813
1.8023873567581177
1.9474207162857056
2.1549289226531982
2.397315740585327
2.722393035888672
0
0
0
0
0
0
0
0
0
0
0
0
0
0
0
0
0
0
0
0
0
0
0
0
0
0
0
0
0
3.3735525608062744
3.320071220397949
3.290306329727173
3.2838902473449707
3.30391788482666
3.358083724975586
1.9406071901321411
1.864917278289795
1.8287204504013062
1.8173956871032715
1.8086938858032227
1.7836905717849731
1.7838045358657837
1.784865379333496
1.8406968116760254
1.8760462999343872
0
0
0
0
0
0
0
0
0
0
0
0
0
0
0
0
0
0
0
0
0
0
0
0
0
0
0.5651515126228333
0.5501779317855835
0.5390464067459106
0.5254212021827698
0.5030444860458374
0.5181698203086853
0.5059947371482849
0.5202239155769348
0.4908156096935272
0.4920586943626404
0.519064724445343
0.49026620388031006
0.48407047986984253
0.4860568940639496
0.4785430133342743
0.4969117045402527
0.5040801763534546
0.5113867521286011
0.4667028784751892
0.4854477643966675
0.5175265073776245
0.5182071328163147
