0.2589123249053955
0.2721072733402252
0.25747111439704895
0.28866031765937805
0.2707338035106659
0.27443525195121765
0.28304579854011536
0.2997002899646759
0.320796936750412
0.2971554100513458
0.31820249557495117
0.3041265606880188
0.32801833748817444
0.3325181305408478
0.3731710612773895
3.4648873805999756
3.431731700897217
3.406324863433838
3.4721031188964844
0
0
2.302011728286743
2.2396059036254883
2.2368686199188232
2.2287490367889404
2.2366724014282227
2.246291399002075
2.264655590057373
2.351025342941284
0
0
0
0
0
0
0
2.8140366077423096
2.8578507900238037
2.8940727710723877
2.9511513710021973
3.005857229232788
3.023059844970703
3.0571305751800537
2.98567795753479
2.9493041038513184
2.9069042205810547
2.8690173625946045
2.8335177898406982
2.779228448867798
2.7492733001708984
2.712482213973999
2.1983819007873535
2.244368314743042
2.2837483882904053
2.3541972637176514
2.0761396884918213
2.1004481315612793
2.1596574783325195
2.2455251216888428
2.3360636234283447
2.3869435787200928
2.3855321407318115
2.3834314346313477
2.3552699089050293
2.3392724990844727
2.3298816680908203
2.3042123317718506
2.299889087677002
1.1615536212921143
1.121294617652893
1.0908892154693604
1.0869660377502441
1.0329509973526
1.0655548572540283
1.0451973676681519
1.0253970623016357
1.0259560346603394
1.0329135656356812
1.0649105310440063
1.0689055919647217
1.0819813013076782
1.0937705039978027
1.1267794370651245
0
0
0
0
0
0
0
0
0
0
0
0
0
0
0
0
0
0
0
0
0
0
0
0
0
0
0
0
0
0
0
0
0
0
0
0
0
0
0
0
0
1.5392569303512573
1.4967371225357056
1.4659414291381836
1.460443377494812
1.4468824863433838
1.4411910772323608
1.4617263078689575
1.461176872253418
1.449525237083435
1.4860105514526367
1.5408637523651123
0
0
0
0
0
0
0
0
0
0
0
0
0
0
0
0
0
0
0
0
0
0
0
0
1.0512892007827759
1.0111967325210571
0.9849987626075745
0.9739660024642944
0.953546941280365
0.9664798974990845
0.9588884115219116
0.9573760628700256
0.9699621796607971
0.9540507197380066
0.9736034274101257
0.9995768666267395
0.9767540097236633
0.9928480386734009
1.0550726652145386
1.076265811920166
0
0
0
0
0
0
0
0
0
0
0
0
0
0
0
0
0
0
3.015756368637085
2.870169162750244
2.714193820953369
3.078181266784668
3.1221940517425537
3.141953706741333
3.1516318321228027
3.1849963665008545
3.2041051387786865
3.2376351356506348
3.2820005416870117
3.2813315391540527
3.3113205432891846
3.3780932426452637
3.3944098949432373
1.368404746055603
1.3556725978851318
1.3250925540924072
1.3189911842346191
1.3217324018478394
1.303031325340271
1.2949646711349487
1.3102357387542725
1.2964539527893066
1.3149546384811401
1.3346095085144043
1.394838571548462
0
0
0
0
0
0
0
0
0
0
0
2.103344678878784
2.0389304161071777
2.022298574447632
2.03204083442688
2.0059051513671875
2.008296012878418
2.0086922645568848
2.0731687545776367
0
0
0
0
0
0
3.0706589221954346
3.049950122833252
3.032576084136963
3.02665114402771
3.0461084842681885
3.1686418056488037
0
0
0
0
0
0
0
0
0
0
0
0
0
0
0
0
0
0
0
2.852548599243164
1.8765594959259033
1.8172893524169922
1.7857897281646729
1.7871110439300537
1.7699354887008667
1.7644836902618408
0.9662604928016663
0.9442492723464966
0.9148514270782471
0.9002068638801575
0.8749468922615051
0.8774735927581787
0.8820802569389343
0.869301974773407
0.8695842027664185
0.8925938010215759
0.898769736289978
0.8841572403907776
0.9085273742675781
0.9043230414390564
0.927667498588562
0.9276698231697083
0.9599318504333496
0
0
0
2.2706661224365234
2.2223002910614014
2.139122724533081
2.0873255729675293
2.0378165245056152
1.989637017250061
1.993891716003418
2.031803846359253
2.0765810012817383
1.8804997205734253
1.8540525436401367
1.8255455493927002
1.7959558963775635
1.740087866783142
1.7300719022750854
1.6851887702941895
1.6417373418807983
1.638567328453064
2.254518508911133
2.3260586261749268
2.384901285171509
2.4191055297851562
2.458993673324585
2.5271122455596924
2.583542585372925
2.5509321689605713
2.512983560562134
2.48504376411438
2.4616751670837402
2.446183443069458
2.433316707611084
2.3977763652801514
2.5198707580566406
0.3532949984073639
0.33195334672927856
0.3306884169578552
0.3155563771724701
0.309408575296402
0.308293879032135
0.2830939292907715
0.270108699798584
0.2767586410045624
0.286479651927948
0.2742237448692322
0.2713458836078644
0.27558276057243347
0.28073355555534363
0.27408888936042786
0.2784796357154846
0.26578447222709656
0.2677917182445526
0.26059287786483765
0.2797837257385254
0.26214683055877686
0.26503700017929077
0.2725127935409546
0.2550114393234253
0.2749056816101074
0.27394741773605347
0.26394572854042053
0.28093770146369934
0.26709356904029846
0.2657971680164337
