0
0
0
0
0
0
0
0
0
3.239300489425659
0
0
0
0
0
2.066915273666382
1.993248701095581
1.962398648262024
1.9691357612609863
1.9432265758514404
1.9502664804458618
1.9508464336395264
1.9819252490997314
2.033313035964966
0
0
0
0
0
0
0
0
0
0
0
3.3936514854431152
3.2902321815490723
3.2656350135803223
3.26949143409729
3.2965810298919678
3.3351056575775146
0
0
0
0
0
0
0
0
2.6171977519989014
2.59643292427063
2.561314821243286
2.5489799976348877
2.5745961666107178
2.6040756702423096
2.6650264263153076
0.9680073261260986
0.9620398283004761
0.9624363780021667
0
0
0
0
0
0
0
0
0
0
0
0
0
0
0
0
0
0
0
0
0
0
0
0
0
0
0
0
0
0
0
0
3.157214403152466
0
0
0
0
0
0
0
0
0
0
0
0
0
0
0
0
0
0
0
0
0
0
0
0
0
0
0
0
0
0
0
0
0
0
1.7922741174697876
1.7329175472259521
1.7304285764694214
1.7191563844680786
1.6833428144454956
1.695786476135254
1.6925119161605835
1.7168184518814087
1.7386469841003418
1.7873804569244385
0
0
0
0
0
0
0
0
0
0
0
0
0
0
0
0
0
0
0
0
0
0
0
0
0
0
3.4979193210601807
3.4693901538848877
3.4558258056640625
3.4401283264160156
3.4408199787139893
3.4314827919006348
3.379615545272827
2.067929267883301
1.9957714080810547
1.9698256254196167
1.952513575553894
1.9481486082077026
1.970252513885498
1.976455807685852
2.026293992996216
2.0749471187591553
3.332467555999756
3.3361034393310547
3.3194422721862793
3.332317352294922
3.3248958587646484
3.337388515472412
3.347446918487549
3.3336284160614014
3.363175868988037
3.3658792972564697
3.365574359893799
3.374638795852661
3.3823208808898926
3.4047138690948486
3.3971102237701416
3.429586887359619
3.4497551918029785
3.462970495223999
3.473440647125244
3.4843239784240723
0
0
0
0
0
0
0
0
0
0
0
0
0
0
0
0
0
0
0
0
0
0
0
0
0
0
0
0
0
0
0
0
0
0
0
0
1.4668681621551514
1.413646936416626
1.387670636177063
1.3835301399230957
1.3803328275680542
1.380438208580017
1.3990181684494019
1.3791621923446655
1.404225468635559
1.415341854095459
1.443894863128662
0
0
0
0
0
0
0
0
0
3.0865280628204346
3.0462875366210938
3.014244556427002
3.038980007171631
3.0850305557250977
0
0
0
0
0
0
0
0
0
0
0
0
0
0
0
0
0
0
0
0
0
0
0
0
0
0
2.188870429992676
2.198683261871338
0
0
0
0
0
0
0
0
0
0
0
0
0
0
0
0
0
0
0
1.6385931968688965
1.5884524583816528
1.5602566003799438
1.5344960689544678
1.5378237962722778
1.5615284442901611
1.54746413230896
1.5647571086883545
1.5441582202911377
1.5648231506347656
1.5943841934204102
0
0
0
0
0
0
0
0
0
0
0
0
0
0
0
0
0
0
0
0
0
0
0
0
0
0
0
0
0
0
0
0
0
0
0
0
0
0
0
0
0
0
0
