0
0
0
0
0
0
0
0
0
0
0
0
0
0
0
0
0
0
0
0
0
0
0
0
0
1.0316606760025024
1.0193248987197876
1.0169516801834106
1.0279924869537354
0
0
0
0
0
2.3492841720581055
2.2798073291778564
2.2935495376586914
2.2842540740966797
2.2729339599609375
2.2935032844543457
2.3248534202575684
0
0
0
0
0
0
0
0
0
0
0
0
0
0
0
0
0
0
0
0
0
0
0
0
0
0
0
0
0
0
0
0
0
0
0
0
0
0
0
0
0
0
0
0
0
0
0
1.9849567413330078
0
0
0
0
0
0
0
0
0
0
0
0
0
0
0
0
0
0
0
0
0
0
0
0
0
0
0
0
0
0
0
0
0
0
0
0
0
3.2964274883270264
3.3672077655792236
3.4360334873199463
0
0
0
0
3.023250102996826
3.101597309112549
3.2192389965057373
3.2969977855682373
3.3201472759246826
3.295694589614868
1.0022841691970825
0.9417874217033386
0.9356968998908997
0.9150896072387695
0.8810715079307556
0.8863756060600281
0.8710936307907104
0.8899091482162476
0.8640502691268921
0.8644713163375854
0.8806688785552979
0.8730030059814453
0.8797551393508911
0.8822197318077087
0.8993046879768372
0.9091360569000244
0.9324855804443359
0.9654890894889832
0
0
0
2.602602958679199
2.995615005493164
2.997305393218994
3.006458044052124
2.9907939434051514
3.012791156768799
3.0106019973754883
3.0018017292022705
3.007014751434326
3.0327398777008057
3.0249953269958496
3.049095392227173
3.032552719116211
3.034864902496338
3.051584243774414
3.05857515335083
3.0746822357177734
3.072023391723633
2.943330764770508
2.776353120803833
0
0
0
0
0
0
0
0
0
0
0
0
0
2.20192551612854
2.1029534339904785
2.081733226776123
2.050095319747925
2.0793304443359375
2.0616455078125
2.0732994079589844
2.102912425994873
0
0
0
0
0
0
0
0
0
0
0
0
0
0
0
0
0
0
0
0
0
0
0
0
0
0
0
0
0
0
0
0
0
0
0
0
0
0
0
0
0
0
0
0
0
2.8040149211883545
0.9694197773933411
0.9631821513175964
0.9727708697319031
2.7621519565582275
2.8288278579711914
0
0
0
0
0
0
0
0
0
0
1.8798723220825195
1.8080633878707886
1.7708076238632202
1.7562944889068604
1.7436238527297974
1.7611777782440186
1.7524306774139404
1.7943662405014038
1.795563817024231
1.854754090309143
0
0
0
0
0
0
0
0
0
0
0
0
0
0
0
0
0
0
3.0435900688171387
2.9812424182891846
2.9652597904205322
2.930654287338257
2.9705045223236084
3.0134968757629395
0
0
0
0
0
0
0
0
0
0
0
0
0
0
0
0
0
0
1.7036820650100708
1.7187343835830688
0
0
0
0
2.7968497276306152
2.726862907409668
2.721031427383423
2.7190537452697754
2.724889039993286
2.7403857707977295
2.8261208534240723
0
0
0
0
0
0
0
0
0
0
0
0
0
0
0
0
0
0
0
0
0
0
0
0
0
0
0
0
0
0
0
0
0
