0
0
0
0
0
2.5467569828033447
2.4959282875061035
2.4805407524108887
2.4590468406677246
2.4614078998565674
2.4876880645751953
2.5074286460876465
0
0
0
0
0
0.8902859687805176
0.8794238567352295
0.8374436497688293
0.8493460416793823
0.8459160327911377
0.8349974751472473
0.8288434147834778
0.8111255764961243
0.7978305220603943
0.8205707669258118
0.8159900903701782
0.830012321472168
0.8343827724456787
0.8331345319747925
0.8262137174606323
0.8535699844360352
0.8633572459220886
0.860808789730072
0.9182751178741455
0
0
0
0
0
0
0
0
0
0
0
0
0
0
0
0
0
0
0
0
0
2.5845530033111572
2.514179229736328
2.486499786376953
2.471867799758911
2.485879421234131
2.495866298675537
2.5208187103271484
0
0
0
0
0
0
0
0
0
0
0
0
0
0
0
0
0
0
0
0
0
0
1.2977185249328613
1.2508316040039062
1.2376478910446167
1.250054121017456
1.2177592515945435
1.2469165325164795
1.2031089067459106
1.203795313835144
1.2098873853683472
1.222534418106079
1.2415660619735718
1.24722421169281
1.2848069667816162
0
0
0
0
0
0
0
0
0
0
0
0
0
0
0
0
0
0
0
0
0
0
0
0
0
0
0
0
0
0
0
0
0
2.740741729736328
2.7472989559173584
2.7260708808898926
2.711509943008423
2.728156566619873
2.806042432785034
0
0
0
0
0
0
0
0
0
0
0
0
0
0
0
0
0
0
0
0
0
0
0
0
0
0
0
3.0991263389587402
3.061088800430298
3.051527738571167
3.053701162338257
3.0960354804992676
0
0
0
0
0
0
0
0
0
0
0
0
0
0
0
0
0
0
0
0
0
0
0
0
3.078756093978882
3.0277554988861084
3.003631114959717
3.015223979949951
3.0272014141082764
3.0966782569885254
0
0
1.1516077518463135
1.099433422088623
1.0852383375167847
1.0690860748291016
1.0481352806091309
1.038585901260376
1.028412103652954
1.0460487604141235
1.04108726978302
1.0408061742782593
1.039231777191162
1.0588023662567139
1.074062466621399
1.0803182125091553
1.110546350479126
0
0
0
0
0
0
0
0
0
0
0
0
0
0
0
2.9672305583953857
2.900904893875122
2.9010915756225586
2.894662618637085
2.909454822540283
2.962402105331421
0
0
0
0
0
0
0
0
0
0
0
0
0
0
0
0
0
0
0
0
0
1.8030927181243896
1.763832688331604
1.7233997583389282
1.707839846611023
1.7005618810653687
1.7092806100845337
1.7065815925598145
1.7239391803741455
1.7437330484390259
1.792954683303833
0
0
0
0
0
0
0
0
0
0
0
0
0
0
0
0
0
0
0
0
0
0
0
0
0
0
0
0
0
0
3.128328800201416
3.043715000152588
3.02294659614563
3.0099010467529297
3.0608232021331787
0.9353167414665222
0.9307954907417297
0.8931921124458313
0.8983740210533142
0.8609817028045654
0.8877740502357483
0.863448441028595
0.8831178545951843
0.8567464351654053
0.8653292655944824
0.8754268288612366
0.8707505464553833
0.8849338293075562
0.8971200585365295
0.8939163684844971
0.9099031686782837
0.949404776096344
0.9877855181694031
0
0
0
0
0
0
0
0
0
0
0
0
0
0
0
0
0
2.420264482498169
2.3893423080444336
2.3655600547790527
2.3520944118499756
2.3347103595733643
2.363180160522461
2.396260976791382
2.4663403034210205
0
0
0
0
0
0
0
0
0
0
0
0
0
