0
0
0
0
0
0
0
0
0
0
0
0
0
0
0
0
0
0
0
0
0
0
0
0
0
0
0
0
0
0
0
0
0
0
0
0
0
0
0
0
0
0
0
0
0
0
0
0
0
0
0
0
0
0
0
0
0
0
0
0
0
0
0
0
0.4888853430747986
0.45683562755584717
0.462822824716568
0.4307076632976532
0.43175172805786133
0.4319915771484375
0.41514283418655396
0.4066014289855957
0.41657331585884094
0.43019354343414307
0.39146965742111206
0.4011737108230591
0.38585150241851807
0.40344712138175964
0.3928423821926117
0.38202527165412903
0.4102860689163208
0.37998825311660767
0.3720262944698334
0.3895207643508911
0.3858709931373596
0.4023776650428772
0.40860405564308167
0.40819913148880005
0.40597155690193176
0.4249858260154724
0.40993577241897583
0.42135924100875854
0.43447673320770264
0.44276851415634155
0.4495525360107422
0.47060295939445496
0.47462061047554016
0.5089498162269592
0
0
0
0
0
0
0
0
0
0
0
0
0
0
0
0
0
0
0
0
0
0
0
0
0
0
0
0
0
0
0
0
0
0
0
0
0
0
0
0
0
0
0
0
0
0
0
0
0
3.123372793197632
3.0605180263519287
3.0749809741973877
3.0761263370513916
3.100233554840088
0
0
0
0
0
0
0
0
0
0
0
2.2358529567718506
2.1722095012664795
2.13942551612854
2.1255428791046143
2.1456491947174072
2.1429965496063232
2.1707863807678223
2.2153708934783936
0
0
0
0
0
0
0
0
0
0
0
0
0
0
0
0
0
0
0
0
0
0
0
0
0
0
0
2.646270990371704
2.5659377574920654
2.548799753189087
2.528947353363037
2.51863431930542
2.5457019805908203
2.5896730422973633
0
0
0
0
0
0
0
0
0
0
0
0
0
1.148050308227539
1.099927306175232
1.0879912376403809
1.0860220193862915
1.042596697807312
1.0408178567886353
1.0494402647018433
1.0628300905227661
1.0413954257965088
1.0365647077560425
1.0593395233154297
1.0767265558242798
1.0940797328948975
1.1058493852615356
1.1340007781982422
0
0
0
0
0
0
0
0
0
0
0
0
2.892235279083252
2.863790988922119
2.8708181381225586
2.8611793518066406
2.877692937850952
2.9620957374572754
0
0
0
0
0
0
0
0
0
0
0
0
0
0
0
0
0
0
0
0
0
0
0
0
0
0
0
0
0
1.9566627740859985
1.8598648309707642
1.8405680656433105
1.8089340925216675
1.7958451509475708
1.7973079681396484
1.8193312883377075
1.8449301719665527
1.869301199913025
1.905815839767456
0
0
0
0
0
0
0
0
0
0
0
0
0
0
0
0
0
0
0
0
0
0
0
0
0
0
0
0
0
0
0
0
0
0
0
0
0
0
0
0
0
0
0
0
0
0
0
0
0
0
0
0
0
0
0
0
0
0
0
0
0
0
0
0
0
0
0
0
0
0
