1.4184635877609253
1.4151111841201782
1.3994178771972656
1.3792120218276978
1.3282824754714966
1.3544950485229492
1.3248493671417236
1.340606927871704
1.324910044670105
1.3543976545333862
1.409989595413208
1.4613362550735474
1.4978834390640259
1.5615311861038208
1.621043086051941
1.6663093566894531
0
0
0
0
0
0
0
0
0
0
0
0
0
0
0
0
0
0
0
0
0
0
0
0
0
3.4320716857910156
3.3506855964660645
3.2623510360717773
3.2360377311706543
0
0
1.3465502262115479
1.3135381937026978
1.3276029825210571
1.3066091537475586
1.3002887964248657
1.3167282342910767
1.3113633394241333
1.2933838367462158
1.2771556377410889
1.2700275182724
1.2544894218444824
1.2479057312011719
1.2434126138687134
1.2293287515640259
1.2502521276474
1.2423473596572876
1.2456952333450317
1.349039077758789
1.5792101621627808
1.9013583660125732
2.32513165473938
2.301999092102051
0.64470374584198
0.6481236815452576
0.650806725025177
0.644987940788269
0.6470176577568054
0.6361863613128662
0.6403964757919312
0.6393899321556091
0.6372029781341553
0.6517956256866455
0.6455118656158447
0.6585568189620972
0.6469365358352661
0.6584337949752808
0.6588985323905945
0.6476239562034607
0.6374366879463196
0.662675142288208
0.6496940851211548
0.6747418642044067
0.6623777747154236
0.6774480938911438
0.6788490414619446
0.6830650568008423
0.6888251900672913
0.665919303894043
0.6864871978759766
0.704921305179596
0.7094858288764954
0.6988676190376282
0.7260399460792542
0.7323014736175537
0.7161138653755188
3.3755390644073486
3.286771774291992
3.1873838901519775
3.1018178462982178
3.0102105140686035
2.9539761543273926
2.888686418533325
2.835258722305298
2.759934186935425
2.6907451152801514
2.626051187515259
2.591742515563965
2.52445387840271
2.5011162757873535
2.4380202293395996
2.3862969875335693
2.3390188217163086
2.3109569549560547
2.2735562324523926
2.26345157623291
2.198150873184204
2.1654064655303955
2.1352007389068604
2.1261816024780273
2.0859224796295166
2.066803455352783
2.0987493991851807
2.161860942840576
1.9823455810546875
1.9806286096572876
1.96572744846344
1.9322948455810547
1.9214918613433838
1.8952486515045166
1.8811047077178955
1.8355274200439453
1.847395896911621
1.8389328718185425
1.8314075469970703
1.810460090637207
1.7756075859069824
1.7980116605758667
1.7781426906585693
1.7725905179977417
1.7522114515304565
1.7385705709457397
1.7347763776779175
1.7262016534805298
1.722313404083252
1.704654574394226
1.7231301069259644
1.6924469470977783
1.716137170791626
1.705074429512024
1.6993763446807861
1.6898232698440552
1.684105634689331
1.6837120056152344
1.6914775371551514
1.669638752937317
1.7036913633346558
1.6878609657287598
1.683311939239502
1.6940361261367798
1.7002722024917603
1.7011066675186157
1.6807410717010498
1.6870968341827393
1.697302222251892
1.724937915802002
1.7332533597946167
1.7081016302108765
1.7165478467941284
1.7226121425628662
1.7502250671386719
1.743168592453003
1.7359365224838257
1.7700395584106445
1.755087971687317
1.7653504610061646
1.7846132516860962
1.819254755973816
1.8193981647491455
1.826547622680664
1.8442884683609009
1.8665430545806885
1.877577304840088
1.8976486921310425
1.9160860776901245
1.946897268295288
1.932504653930664
1.9774231910705566
1.9992787837982178
2.0126709938049316
2.055763006210327
2.060593843460083
2.083902359008789
2.1405184268951416
2.1371750831604004
2.1993324756622314
2.204481601715088
2.2524502277374268
2.2825446128845215
2.313915967941284
2.3712105751037598
2.3791115283966064
2.4476258754730225
2.491610288619995
2.5286307334899902
2.7005133628845215
2.655656099319458
2.69112229347229
2.7440013885498047
2.7879409790039062
2.864427089691162
2.9333839416503906
2.9917776584625244
3.072744369506836
3.178838014602661
3.2811105251312256
3.376945734024048
3.461008310317993
0
0
0
0
0
0
0
2.0215375423431396
2.0240564346313477
1.99558424949646
1.9713740348815918
1.9861210584640503
1.9476561546325684
1.9638047218322754
1.949823260307312
1.9505466222763062
1.9157601594924927
1.4135388135910034
1.5616273880004883
1.7240960597991943
1.8448542356491089
1.847554326057434
1.8393555879592896
1.8551132678985596
1.8369578123092651
1.83994722366333
1.8419322967529297
1.8389753103256226
1.8409067392349243
1.8461425304412842
1.8278957605361938
1.8331414461135864
1.8370656967163086
1.85304594039917
1.7066463232040405
1.4677866697311401
1.4146430492401123
0
0
0
0
0
0
0
0
0
0
0
0
0
0
0
0
0
0
0
0
2.7847933769226074
2.7188985347747803
2.733609437942505
2.782550811767578
2.8041493892669678
2.8607492446899414
2.8540048599243164
2.9226672649383545
2.8855597972869873
2.820078134536743
2.747032642364502
2.6994237899780273
2.639986038208008
2.589322805404663
1.99862539768219
2.028649091720581
2.0523922443389893
2.1098103523254395
2.1461496353149414
2.184023857116699
2.230088472366333
2.2569382190704346
2.3871257305145264
2.356393337249756
2.3312039375305176
2.397692918777466
2.4590797424316406
2.5376641750335693
2.587313413619995
0
0
0
0
0
0
0
0
0
0
0
0
0
0
0
0
0
0
0
0
0
0
0
0
0
0
0
0
0
0
0
0
0
0
0
0
0
0
0
0
0
0
0
1.5928785800933838
1.5604681968688965
1.5318455696105957
1.4991774559020996
1.4637999534606934
1.4386228322982788
1.4351584911346436
