0
0
0
0
0
0
0
0
0
0
0
0
0
0
0
0
0
0
0
0
0
0
0
0
0
0
0
0
0
0
0
0
0
0
0
1.3358303308486938
0.7664058804512024
0.7455952763557434
0.7266585826873779
0.7134862542152405
0.7011337876319885
0.6959859132766724
0.6931740045547485
0.6771789193153381
0.6799978017807007
0.6778292655944824
0.6671763062477112
0.6615675091743469
0.662516713142395
0.6941239833831787
0.676517903804779
0.6785974502563477
0.7074524760246277
0.6997845768928528
0.6936087608337402
0.7215854525566101
0.7380726337432861
0.7689602375030518
1.2188817262649536
1.202337622642517
1.159957766532898
1.175279140472412
1.167014241218567
1.1443666219711304
1.1552447080612183
1.173811435699463
1.1542867422103882
1.173019289970398
1.1895873546600342
1.1980547904968262
1.2219491004943848
0
0
0
0
0.8212379217147827
0.8154600858688354
0.759070098400116
0.7328078746795654
0.7273256778717041
0.7533509135246277
0.7035931348800659
0.7102624177932739
0.7132611274719238
0.7135244607925415
0.7067609429359436
0.6908279657363892
0.7228695154190063
0.7088488340377808
0.7140045762062073
0.7307502031326294
0.7192288041114807
0.7358319163322449
0.7581371068954468
0.7597206234931946
0.7863544225692749
0
0
0
0
0
0
0
0
0
0
0
0
0
0
0
2.654118299484253
2.5462613105773926
2.4454591274261475
2.334127902984619
2.271793842315674
2.1882524490356445
2.089385986328125
2.03391695022583
1.9716992378234863
1.8957939147949219
1.8511698246002197
1.8732250928878784
1.8864269256591797
1.9208561182022095
1.9459595680236816
1.9537655115127563
1.9935592412948608
2.0228607654571533
2.0246479511260986
2.0574095249176025
0
0
0
0
0
0
0
1.4347552061080933
1.4278382062911987
1.3974677324295044
1.3821995258331299
1.365096926689148
1.3633933067321777
1.327998399734497
1.3172698020935059
1.3062068223953247
1.2861961126327515
1.2649426460266113
1.2302818298339844
1.2436476945877075
1.236762285232544
1.212881326675415
1.2076932191848755
1.223209261894226
1.1954097747802734
1.183520793914795
1.1617761850357056
1.1507289409637451
1.1541993618011475
1.1287999153137207
1.1501299142837524
1.1346988677978516
1.1312075853347778
1.127894639968872
1.1148499250411987
1.1174428462982178
1.1059151887893677
1.1056643724441528
1.104290246963501
1.0853766202926636
1.0956963300704956
1.0861241817474365
1.097569465637207
1.07060706615448
1.0841197967529297
1.0635432004928589
1.1758668422698975
0
0
0
0
3.190147638320923
3.146982192993164
3.130312442779541
3.166377305984497
3.2113914489746094
0
0
0
0
0
0
0
0
0
0
0
0
0
0
0
1.426446557044983
1.4072415828704834
1.3985573053359985
1.3495792150497437
1.3671282529830933
1.3665372133255005
1.3636095523834229
1.3698358535766602
1.387032389640808
1.402560830116272
1.4294428825378418
0
1.8249045610427856
1.7913429737091064
1.7930032014846802
1.7562521696090698
1.7751511335372925
1.7784721851348877
1.7827022075653076
1.8272359371185303
1.8725347518920898
0
0
0
0
1.4966129064559937
1.479939341545105
1.4496264457702637
1.4459930658340454
1.450290322303772
1.4235119819641113
1.4225053787231445
1.4376684427261353
1.4644157886505127
1.481966257095337
1.5244264602661133
0
0
0
0
0
0
0
0
0
0
0
0
0
2.987124443054199
2.9797616004943848
2.971503496170044
2.9734485149383545
3.005991220474243
3.0868899822235107
2.5521719455718994
2.489912986755371
2.4741313457489014
2.467980146408081
2.485637664794922
2.502321720123291
2.5666980743408203
3.1059250831604004
3.161508798599243
0
0
0
0
0
0
0
0
0
0
0
0
0
0
0
0
0
0
0
0
0
0
0
0
0
0
0
3.464348077774048
3.465214967727661
3.4709079265594482
3.1372568607330322
3.0563952922821045
3.01875376701355
3.0213074684143066
3.029860734939575
3.059235095977783
0
0
0
0
0
0
0
0
0
0
0
0
0
0
0
0
0
2.198411464691162
2.1062631607055664
2.0910685062408447
2.050882339477539
2.0690464973449707
2.0560691356658936
2.0625882148742676
2.083745241165161
2.1335642337799072
0
0
0
0
1.8217557668685913
1.7714825868606567
1.765245795249939
1.7463332414627075
1.7146618366241455
1.7249668836593628
1.7576427459716797
1.7428113222122192
1.7713546752929688
1.8276399374008179
0
0
0
0
0
0
0
0
0
0
0
0
0
0
0
0
0
0
