0
0
0
0
0
0
0
0
0
0
0
0
0
0
0
0
0
0
1.8530241250991821
1.794860601425171
1.768277645111084
1.7664893865585327
1.7569315433502197
1.7540206909179688
1.748116135597229
1.7928389310836792
1.8222119808197021
1.8766517639160156
0
0
0
0
2.2426748275756836
2.217695713043213
2.17205548286438
2.173530101776123
2.1712167263031006
2.18607759475708
2.216719627380371
2.2793028354644775
0
0
0
0
0
0
0
0
0
0
0
0
0
0
0
0
0
0
0
3.477386236190796
3.4583334922790527
3.4605512619018555
0
0
0
0
0
0
0
0
0
0
0
0
0
0
0
0
0
0
0
0
1.9230636358261108
1.8524752855300903
1.820035457611084
1.803859829902649
1.7883896827697754
1.7910605669021606
1.388329029083252
1.347999095916748
1.334000825881958
1.3169084787368774
1.3081895112991333
1.3033863306045532
1.3024286031723022
1.3200708627700806
1.3232312202453613
1.3218226432800293
1.3714865446090698
1.4021977186203003
0
1.855011224746704
1.8149858713150024
1.811486840248108
1.8031904697418213
1.7848671674728394
1.787624478340149
1.814727783203125
1.8280385732650757
1.899381160736084
0
0
0
0
0
0
0
0
0
0
0
0
0
0
0
0
0
0
0
0
0
0
0
0
0
0
0
0
0
0
0
0
0
0
0
0
0
0
0
0
0
0
0
0
0
0
0
0
0.6585076451301575
0.6551650166511536
0.6250413656234741
0.6319891214370728
0.6041679978370667
0.601472020149231
0.5886583924293518
0.5741848349571228
0.5951758027076721
0.5627223253250122
0.5819852948188782
0.5822173357009888
0.5636892318725586
0.5828337073326111
0.58171546459198
0.584750235080719
0.5990861654281616
0.5859705805778503
0.5955347418785095
0.6042951345443726
0.6176159977912903
0.6283820271492004
0.6219021677970886
0.6440864205360413
0.6796271800994873
1.190211296081543
1.1893668174743652
1.2023775577545166
1.2143105268478394
1.230383038520813
1.2880522012710571
0
0
0
0
0
0
0
0
0
0.8658736348152161
0.8376803398132324
0.8289019465446472
0.834626317024231
0.8117496967315674
0.7918980717658997
0.7894769310951233
0.7881816029548645
0.7938216924667358
0.797575056552887
0.7862693071365356
0.7895557284355164
0.8030261397361755
0.7966965436935425
0.8010934591293335
0.8265969157218933
0.8398301005363464
0.8609771132469177
0.8997235894203186
0
0
0
0
0
0
0
0
0
0
0
0
0
0
0
0
0
0
0
0
0
0
0
0
0
0
0
0
0
0
0
0
2.316498041152954
2.1950385570526123
2.1885101795196533
2.1802656650543213
2.1689414978027344
2.144923448562622
2.1811001300811768
2.2152304649353027
0
0
0
0
2.506596088409424
2.468079090118408
1.973374366760254
1.9248294830322266
1.922691822052002
1.9078294038772583
1.904006004333496
1.8846211433410645
1.9072132110595703
1.940810203552246
1.9972838163375854
0
2.4229583740234375
2.363013982772827
2.3218941688537598
2.307502031326294
2.297305107116699
2.311582088470459
2.3337037563323975
2.394578218460083
0
0
0
0
0
0
0
0
0
0
0
0
0
0
0
3.120288133621216
3.0714027881622314
3.01344633102417
2.95839786529541
2.926454544067383
2.865293502807617
2.830939769744873
2.80588436126709
2.737247943878174
2.7038955688476562
2.6716160774230957
2.6383209228515625
2.597548723220825
2.5857865810394287
2.679722785949707
2.7425882816314697
2.818955421447754
2.9127233028411865
0
0
0
0
0
0
0
0
0
2.4551823139190674
2.3770761489868164
2.346931219100952
2.350890874862671
2.3305482864379883
2.365391492843628
2.3908283710479736
2.4061460494995117
0
0
0
0
1.962184190750122
1.907441258430481
1.8823708295822144
1.8834909200668335
1.8954895734786987
1.8772779703140259
1.8985363245010376
1.917127013206482
1.9589321613311768
0
0
0
0
0
0
0
0
0
0
0
0
0
0
0
0
