0.573015570640564
0.5461505055427551
0.5502489805221558
0.5291069149971008
0.48797813057899475
0.5018802881240845
0.4910449981689453
0.466672420501709
0.4601929485797882
0.47002553939819336
0.45477309823036194
0.41765648126602173
0.42953401803970337
0.4118642508983612
0.417093425989151
0.4031020402908325
0.4046177566051483
0.38177189230918884
0.3945397436618805
0.38216888904571533
0.3689975440502167
0.3885512948036194
0.3885362148284912
0.398796021938324
0.39728763699531555
0.40839025378227234
0.43049606680870056
0.43436896800994873
0.3839634656906128
0.35624656081199646
0.35872647166252136
0.367731511592865
0.3504200875759125
0.33316734433174133
0.3563186526298523
0.3270045220851898
0.3271026909351349
0.3301747739315033
0.3203434348106384
0.3209667503833771
0.30613985657691956
0.3287504315376282
0.3215447962284088
0.3220297396183014
0.34151318669319153
0.3331594467163086
0.3186016380786896
0.3064151406288147
0.31652188301086426
0.30888137221336365
0.29689064621925354
0.3317020535469055
0.30423665046691895
0.31441161036491394
0.30555617809295654
0.3093828558921814
0.312542200088501
0.31083548069000244
0.3140560984611511
0.31570085883140564
0.3305523693561554
0.30765172839164734
0.30479106307029724
0.307365357875824
0.3032703101634979
0.3139302134513855
0.32777655124664307
0.31613799929618835
0.30324944853782654
0.30317422747612
0.3306694030761719
0.3296508491039276
0.3338002562522888
0.3250919580459595
0.32072511315345764
0.31480148434638977
0.33674630522727966
0.3027099072933197
0.32551732659339905
0.31300628185272217
0.33798617124557495
0.34006595611572266
0.35315096378326416
0.3378399610519409
0.3366158604621887
0.34150007367134094
0.3486616611480713
0.3665836453437805
0.37295255064964294
0.35197722911834717
0.37795037031173706
0.3624557852745056
0.37753841280937195
0.3894079327583313
0.37108203768730164
0.40800297260284424
0.3968561291694641
0.41122058033943176
0.4074246883392334
0.42013368010520935
0.4289073348045349
0.4068821966648102
0.4351094961166382
0.4391339123249054
0.4354069232940674
0.44609004259109497
0.46512722969055176
0.47886478900909424
0.4689510464668274
0.4957456588745117
0.5134150385856628
0.510708212852478
0.5341285467147827
0.5327686667442322
0.552766740322113
0.5605441927909851
0.5785085558891296
0.6028115749359131
0.622629702091217
0.6293162703514099
0.6690547466278076
0.6832960247993469
0.7146111130714417
0.7399719953536987
0.769652247428894
0
0
0
0
0
0
0
0
0
0
0
0
0
0
0
0
0
3.4979522228240967
0
0
3.4859862327575684
3.489555835723877
3.49651837348938
3.4849014282226562
3.4969842433929443
3.5
3.4810848236083984
0
0
0
0
0
0
0
0
0
0
0
0
0
0
0
3.2496724128723145
3.241903781890869
3.2352232933044434
3.261666774749756
3.315181255340576
0
0
0
0
0
0
0
2.0950424671173096
2.0655980110168457
2.041410446166992
2.0556178092956543
2.01177716255188
2.0725936889648438
2.109282970428467
2.160909414291382
0
0
0
0
0
0
0
0
0
0
0
2.9357004165649414
2.9148194789886475
2.888319969177246
1.399539828300476
1.3858977556228638
1.347000002861023
1.3311941623687744
1.3416305780410767
1.3334698677062988
1.3389313220977783
1.3354228734970093
1.3472565412521362
1.355600357055664
1.383731484413147
1.4204332828521729
2.4967355728149414
2.497025489807129
2.5025734901428223
2.5341086387634277
2.5656161308288574
0
0
0
0
0
0
0
0
0
0
0
0
2.5861048698425293
2.5446786880493164
2.4985713958740234
2.523317575454712
2.511354446411133
2.5476958751678467
2.6150317192077637
0
0
0
0
1.2192068099975586
1.1757038831710815
1.1579298973083496
1.1681885719299316
1.1450690031051636
1.1194945573806763
1.1396044492721558
1.1323432922363281
1.1212897300720215
1.1420613527297974
1.1325485706329346
1.1462156772613525
1.1613646745681763
1.1777175664901733
3.439115524291992
3.4074037075042725
3.411372184753418
3.454012632369995
0
0
2.491316556930542
2.4002676010131836
2.3675472736358643
2.3695271015167236
2.362656831741333
2.397869348526001
2.4315896034240723
2.511263132095337
0
0
0
0
0
1.6392722129821777
1.5969706773757935
1.588456392288208
1.5524628162384033
1.57466459274292
1.5669934749603271
1.5571699142456055
1.6028634309768677
1.5976089239120483
1.657737374305725
2.509279251098633
2.4480714797973633
2.424245834350586
2.397810459136963
2.3761379718780518
2.312971830368042
2.2828099727630615
2.265861988067627
2.242204189300537
2.2093443870544434
2.1740145683288574
2.154278039932251
2.1379966735839844
2.1210169792175293
2.095165967941284
2.0701143741607666
2.070587635040283
2.0313916206359863
2.048842668533325
2.0375277996063232
2.1165342330932617
1.9135621786117554
1.881609320640564
1.8695188760757446
1.869741439819336
1.8667587041854858
1.8447234630584717
1.8414466381072998
1.8228158950805664
1.8093109130859375
1.8035403490066528
1.8025997877120972
1.7956678867340088
1.7906488180160522
1.801052212715149
1.787226915359497
1.7827895879745483
1.7845027446746826
1.787422776222229
1.7820825576782227
1.767435908317566
1.774022102355957
1.7556977272033691
1.7667020559310913
1.7722218036651611
1.7673518657684326
1.781248688697815
1.7690882682800293
1.7905874252319336
0
0
0
2.001776695251465
1.8007243871688843
1.6505072116851807
1.4974867105484009
1.3809070587158203
1.2771128416061401
1.2315714359283447
1.109418511390686
1.0612772703170776
0.9960048198699951
0.9484190344810486
0.8987272381782532
0.8505927324295044
0.8162900805473328
0.7812395691871643
0.7596476078033447
0.7239477634429932
0.7120099067687988
0.6705882549285889
0.6612774729728699
0.6295506358146667
0.6253871917724609
0.579654335975647
0.5707637667655945
