0.9783684611320496
0.9594712257385254
0.9773340821266174
0.9456049799919128
0.962698757648468
0.9471353888511658
0.9516213536262512
0.9439594745635986
0.961434543132782
0.9696778655052185
0.9698486328125
0.963939905166626
0.9852377772331238
0.9576187133789062
0.9824230074882507
0.9979788661003113
1.0014207363128662
0.9864861369132996
1.0115697383880615
1.0210843086242676
1.0018763542175293
1.0421613454818726
1.0504894256591797
1.0296374559402466
1.0502628087997437
1.0441902875900269
1.0130614042282104
0.9743146896362305
0.9412654638290405
0.9075385928153992
0.8830775618553162
0.8557593822479248
0.8250383734703064
0.7989147901535034
0.7995749115943909
0.7737383246421814
0.7384719252586365
0.7370675206184387
0.7146118879318237
0.7343981862068176
0.9971238970756531
0.9833515882492065
0.9521611928939819
0.9370613694190979
0.9301685094833374
0.9267070889472961
0.8883316516876221
0.8733775019645691
0.8607245087623596
0.8337876200675964
0.8387418985366821
1.5170525312423706
1.5332701206207275
1.5648308992385864
1.612894058227539
1.6394155025482178
1.6990468502044678
1.742842197418213
1.772642731666565
1.7743849754333496
1.7674453258514404
1.7539632320404053
1.7586023807525635
1.7335041761398315
1.7386966943740845
1.7011469602584839
1.6786607503890991
1.6626946926116943
1.6598546504974365
1.6535835266113281
1.6301523447036743
0
0
0
0
0
0
0
0
0
0
0
0
0
0
0
1.4151567220687866
1.377031683921814
1.3634819984436035
1.3682729005813599
1.3545020818710327
1.348097562789917
1.3367414474487305
1.3383092880249023
1.354583740234375
1.3832594156265259
1.396213173866272
1.4290729761123657
0
0
0
0
0
0
0
0
0
2.9358906745910645
2.875971794128418
2.851414442062378
2.875271797180176
2.877552032470703
2.9111616611480713
0
0
0
0
0
0
0
0
0
0
0
3.4837188720703125
3.4378442764282227
3.42138409614563
3.430136203765869
3.4979186058044434
1.737401008605957
1.6960091590881348
1.6775022745132446
1.6537941694259644
1.6677581071853638
1.658406376838684
1.651329517364502
1.6804871559143066
1.6958500146865845
1.740006923675537
0
0
0
0
0
0
2.512965679168701
2.4579012393951416
2.469306230545044
2.4643876552581787
2.46187686920166
2.498371124267578
0
0
3.409294605255127
3.3073370456695557
3.2767183780670166
3.2973544597625732
3.299020767211914
0
0
0
0
0
0
0
1.2126996517181396
1.1635255813598633
1.1594445705413818
1.1235231161117554
1.1186076402664185
1.1120331287384033
1.1191893815994263
1.102008581161499
1.1146652698516846
1.128957986831665
1.1435246467590332
1.1502487659454346
1.1682254076004028
1.2094224691390991
2.707202672958374
2.7172956466674805
2.70694899559021
2.7061169147491455
2.719670057296753
2.713932991027832
2.7290468215942383
2.712430953979492
2.7203569412231445
2.659553050994873
2.3602325916290283
2.8943943977355957
2.6757593154907227
2.4503567218780518
2.7595415115356445
2.776686906814575
2.7944440841674805
2.8130152225494385
2.8275911808013916
2.8479902744293213
2.8483471870422363
2.8626811504364014
2.897364377975464
2.9126131534576416
2.936624526977539
2.9527595043182373
2.999427556991577
3.0126535892486572
3.0356216430664062
3.0038845539093018
2.908672571182251
2.8376262187957764
2.7286367416381836
0
0
0
0
0
0
0
0
1.7508583068847656
1.720497488975525
1.6995296478271484
1.6891906261444092
1.6906548738479614
1.7023179531097412
1.722113013267517
1.7295089960098267
1.7597607374191284
0
0
0.3543936610221863
0.33794480562210083
0.3264651894569397
0.3054214119911194
0.3006344437599182
0.2848532497882843
0.2920912802219391
0.29234838485717773
0.2615829408168793
0.26129207015037537
0.26192358136177063
0.27956271171569824
0.2488953173160553
0.24738913774490356
0.24778388440608978
0.25891533493995667
0.25593701004981995
0.26186278462409973
0.25710418820381165
0.24708323180675507
0.25485971570014954
0.2372429519891739
0.2502581775188446
0.25771045684814453
0.24112191796302795
0.2552879750728607
0.24638041853904724
0.24624286592006683
0.24549803137779236
0.2469489723443985
0.2821405231952667
0.23206505179405212
0.2570159435272217
0.2580470144748688
0.2476239949464798
0.2741898000240326
0.2747197449207306
0.2803037166595459
0.2846997082233429
0.2885131239891052
0.28954702615737915
0.3031514883041382
0.2936260402202606
0.3124517500400543
0.3259243369102478
0.3625826835632324
0
0
0
0
0
0
0
0
0
0
0
0
0
0
0
0
0
0
0
0
0
0
0
0
0
0
0
0
0
0
0
0
0
0
0
0
0
0
0
0
0
0
0
0
0.7157478332519531
0.7361531853675842
0.7406290173530579
0.7546557784080505
0.7888917922973633
0.8048322796821594
0.8157415390014648
0.8405340313911438
0.8693574666976929
0.8789671659469604
0.9409184455871582
0.9586693644523621
0.997765839099884
1.035801649093628
1.0452542304992676
1.0457843542099
1.0344266891479492
1.043230414390564
1.025923490524292
1.012593150138855
1.0216948986053467
1.0116584300994873
0.9919476509094238
0.9815508127212524
1.0011465549468994
0.9633058905601501
0.979860782623291
0.9813084006309509
0.9730885028839111
0.9625152945518494
0.9588403105735779
0.9664535522460938
0.9770665764808655
0.9628795385360718
0.953272819519043
0.9655129909515381
0.9769035577774048
0.9669021964073181
0.9401828050613403
