0
2.8418984413146973
2.78255033493042
2.7724244594573975
2.769468069076538
2.780817985534668
2.8010382652282715
2.898080825805664
0
0
0
0
1.6361912488937378
1.593381643295288
1.5517232418060303
1.5440311431884766
1.5452347993850708
1.5476796627044678
1.534069538116455
1.5396374464035034
1.556357502937317
1.578750491142273
1.607090950012207
0
0
0
0
0
0
0
0
0
0
0
0
0
2.2376105785369873
2.1932201385498047
2.1803011894226074
2.1777074337005615
2.1633265018463135
2.167990207672119
2.177053689956665
2.2103774547576904
0
0
0
0
0
0
0
0
0
0
0
0
0
0
0
0
0
0
0
0
0
0
0
0
0
0
0
0
0
0
0
0
0
0
0
0
0
0
0
0
0
0
0
0
0
0
0
0
0
0
0
0
0
0
0
0
0
0
0
0
0
0
0
0
0
0
0
0
0
0
0
0
0
0
0
0
0
0
0
0
0
2.0984199047088623
2.1103169918060303
2.0628883838653564
2.0645039081573486
2.0671920776367188
2.094543695449829
2.131653308868408
2.209134578704834
3.482828140258789
3.4683454036712646
3.4306464195251465
3.402688980102539
2.455845594406128
1.9403754472732544
1.913364052772522
1.88701331615448
1.8798362016677856
1.8675169944763184
1.8941233158111572
1.888356328010559
1.9527575969696045
3.1686105728149414
3.1298911571502686
3.1288046836853027
3.1030120849609375
2.2420806884765625
2.187983989715576
2.146955966949463
2.129228353500366
2.1344921588897705
2.1394846439361572
2.1714415550231934
2.2066853046417236
3.0326197147369385
3.0295822620391846
3.0103046894073486
3.0158419609069824
3.011434555053711
2.9948489665985107
3.01643443107605
3.0360546112060547
3.0109024047851562
3.034951686859131
3.0417304039001465
3.042163848876953
3.033947229385376
3.054502487182617
1.2009588479995728
1.2004070281982422
3.062209367752075
3.08099102973938
3.43276047706604
3.2102441787719727
3.1437394618988037
3.165410280227661
3.186708927154541
3.2116239070892334
3.228276252746582
3.2358362674713135
3.2631216049194336
3.2961292266845703
3.318113088607788
3.326819658279419
3.3813376426696777
2.813976526260376
2.7794179916381836
2.7538797855377197
2.759938955307007
2.7783210277557373
2.8625152111053467
0
0
0
2.617774248123169
2.556650400161743
2.5265469551086426
2.512038469314575
2.516953229904175
2.555842638015747
2.6228995323181152
0
0
0
0
0
0
0
0
0
0
0
0
0
0
0
0
0
0
0
0
0
0
0
0
0
0
0
0
0
0
0
0
3.409219741821289
0
0
0
0
0
0
0
0
0
0
0
0
0
0
0
0
0
0
0
0
0
0
0
3.1769962310791016
3.1208088397979736
3.122375726699829
3.118088722229004
3.164602756500244
0
0
0
0
2.389647960662842
2.3010048866271973
2.2767584323883057
2.265273094177246
2.2238833904266357
2.2545127868652344
2.275697946548462
2.328968048095703
0
0
0
0
0
0
0
0
0
0
0
0
0
0
0
0
0
0
0
0
0
3.310213088989258
1.6552704572677612
1.5914226770401
1.576814889907837
1.5560853481292725
1.5285733938217163
1.560814380645752
1.544344186782837
1.5469939708709717
1.5742851495742798
1.5859030485153198
1.628141164779663
0
0
0
0
0
0
2.8480637073516846
2.7832298278808594
2.7456393241882324
2.7177927494049072
2.7528796195983887
2.7627384662628174
2.8416755199432373
0
0
0
0
0
1.430655598640442
1.3766114711761475
1.360918641090393
1.299622893333435
1.317221760749817
1.323015809059143
1.3309016227722168
1.3212465047836304
1.3134217262268066
1.3088032007217407
1.3304742574691772
1.3625625371932983
1.394596815109253
0
0
0
0
0
0
0
0
0
0
0
0
0
0
0
0
0
0
