2.8407702445983887
0
0
0
0
0
0
0
0
0
0
0
0
0
0
0
0
0
0
0
0
0
0
0
0
0
0.7262662053108215
0.7080318331718445
0.6559862494468689
0.6418738961219788
0.6494531035423279
0.6342633366584778
0.6326426863670349
0.6268471479415894
0.6128666996955872
0.6030043363571167
0.6147925853729248
0.620664656162262
0.6118208765983582
0.5998048782348633
0.6165255904197693
0.6138869524002075
0.6172080039978027
0.6142849922180176
0.6193607449531555
0.6335489153862
0.6375916004180908
0.6371960043907166
0.6536241769790649
0.6806714534759521
0.7385772466659546
1.8289806842803955
1.8272165060043335
1.8851596117019653
1.931619644165039
0
0
0
0
0
0
0
0
0
0
0
0
0
0
0
0
0
0
0
0
3.4647648334503174
3.4168484210968018
3.4046270847320557
3.421703815460205
3.4690983295440674
0
0
0
0
0
0
0
0
0
0
0
0
0
0
0
0
0
0
0
0
0
0
0
0
0
0
0
0
0
0
0
3.4823715686798096
3.4383392333984375
3.41334867477417
3.441636800765991
0
0
0
0
0
0
0
0
0
0
0
0
1.2826330661773682
1.269944429397583
1.2549511194229126
1.225751519203186
1.2281959056854248
1.223235845565796
1.2127388715744019
1.2424277067184448
1.20706307888031
1.2290011644363403
1.246081829071045
1.2672433853149414
1.3120381832122803
0
0
0
0
0
0
0
0
2.173436403274536
2.111084222793579
2.0870754718780518
2.076446533203125
2.069079637527466
2.077022075653076
2.1011874675750732
2.1491146087646484
0
0
0
0
0
0
0
0
0
0
0
0
0
0
0
0
0
0
0
0
0
0
0
0
0
0
0
0
0
0
0
0
0
1.608457326889038
1.5727449655532837
1.5631635189056396
1.5633964538574219
1.5397251844406128
1.5536694526672363
1.5415184497833252
1.5603585243225098
1.594321846961975
1.6248903274536133
0
0
0
0
0
0
0
0
0
0
0
0
0
0
0
0
0
0
0
0
0
0
3.3480584621429443
3.318819046020508
3.299746513366699
3.3129403591156006
3.389708995819092
0
0
0
0.7280245423316956
0.7050896286964417
0.7183765769004822
0.7255181670188904
0.7341597676277161
0
0
0
0
0
0
0
0
0
0
0
0
0
0
0
0
0
0
0
0
0
0
0
0
0
0
0
3.27071475982666
3.2364277839660645
3.1956024169921875
3.2289235591888428
3.2698583602905273
0
0
0
0
0
0
0
0
0
0
0
0
2.0922112464904785
0
0
0
0
0
0
0
0
0
0
0
0
0
0
0
0
0
0
0
0
0
0
0
0
0
0
0
0
0
0
0
0
0
0
0
0
0
0
2.5828652381896973
2.502251148223877
2.4890997409820557
2.4840259552001953
2.46956205368042
2.482011318206787
2.5380563735961914
0
0
0
0
0
0
0
0
0
0
0
0
0
0
0
1.2033623456954956
1.2030119895935059
0
0
0
0
0
0
0
0
0
0
0
0
2.813680648803711
2.7874531745910645
2.731677532196045
2.736844301223755
2.7446272373199463
2.7607977390289307
2.8155148029327393
