1.8004297018051147
1.7854458093643188
1.7807164192199707
1.7808283567428589
1.794592261314392
1.8294785022735596
1.8503835201263428
0
0
0
0
0
0
0
0
0
0
0
0
0
0
0
0
0
0
0
3.5
3.4884204864501953
0
0
0
0
0
0
0
0
0
0
0
0.9198246002197266
0.8905611634254456
0.8791193962097168
0.8517982959747314
0.8400514125823975
0.824030339717865
0.8278260231018066
0.8184450268745422
0.8121988773345947
0.8129745125770569
0.8102661371231079
0.817783772945404
0.8231163620948792
0.8506901860237122
0.836658239364624
0.8463276028633118
0.874255359172821
0.8872916102409363
0.9145549535751343
0
0
0
0
0
0
0
0
0
0
0
0
2.696457624435425
2.695887565612793
0
0
0
0
0
0
0
0
0
0
0
0
0
0
0
0
0
0
0
0
0
0
0
0
0
0
3.359912633895874
3.350832939147949
3.3591713905334473
3.345369577407837
3.4245173931121826
0
0
0
0
0
0
0
0
0
0
0
0
0
0
0
0
0
0
0
0
0
0
0
0
0
0
0
1.958302617073059
1.996634602546692
0
0
0
0
0
0
0
0
0
0
0
0
0
0
0
0
0
0
0
0
0
0
0
0
0
0
0
0
0
0
0
0
0
0
0
0
0
0
0
0
0
0
0
0
0
0
0
0
0
0
0
0
0
0
0
0
0
0
0
0
0
0
0
0
0
1.4588265419006348
1.4258195161819458
1.4019627571105957
1.4142212867736816
1.4072409868240356
1.404399037361145
1.4205142259597778
1.4210505485534668
1.4126163721084595
1.4335846900939941
1.4791898727416992
0
0
0
0
0
0
0
3.486788034439087
3.3774068355560303
3.2385082244873047
3.141843795776367
3.0483579635620117
2.9678170680999756
2.8788743019104004
2.7826521396636963
2.712359666824341
2.6218278408050537
2.5714128017425537
2.510094404220581
2.449265718460083
2.435640335083008
2.36299467086792
2.3445918560028076
2.2950031757354736
2.2284929752349854
2.1828575134277344
2.1619455814361572
2.1252846717834473
2.071735143661499
2.0452628135681152
2.021498680114746
1.9838461875915527
1.947145700454712
1.9299513101577759
1.9071158170700073
1.8608520030975342
1.848244071006775
1.8400284051895142
1.8019564151763916
1.7846754789352417
1.7652250528335571
1.7652851343154907
1.7395588159561157
1.7323471307754517
1.6949106454849243
1.6704506874084473
1.6681103706359863
1.6500983238220215
1.6250102519989014
1.628302812576294
1.6251201629638672
1.6067371368408203
1.6019582748413086
1.5683690309524536
1.5751606225967407
1.574121356010437
1.5669432878494263
1.5219794511795044
1.5394766330718994
1.536167025566101
1.5422239303588867
1.5217552185058594
1.5311695337295532
1.517696738243103
1.523751139640808
1.5114840269088745
1.5159826278686523
1.5123095512390137
1.5022355318069458
1.5056812763214111
1.4969898462295532
1.5032320022583008
1.5118976831436157
1.5046708583831787
1.4924237728118896
1.5069471597671509
1.5132020711898804
1.516586184501648
1.5111231803894043
1.5162829160690308
1.5027366876602173
1.5125014781951904
1.5108548402786255
1.5405935049057007
1.5175992250442505
1.553701400756836
1.5444382429122925
1.5356945991516113
1.5619393587112427
1.565016508102417
1.5671286582946777
1.5977752208709717
1.5894099473953247
1.611502766609192
1.617046594619751
1.6426684856414795
1.6580005884170532
1.6553294658660889
1.6856563091278076
1.6821157932281494
1.6992182731628418
1.7140742540359497
1.752684235572815
1.7544828653335571
1.7745256423950195
1.8008583784103394
1.850465178489685
1.8433969020843506
1.8930820226669312
1.9023398160934448
1.9416435956954956
1.9745886325836182
1.986879825592041
2.02398419380188
2.041215658187866
2.082170009613037
2.1120855808258057
2.1505236625671387
2.198878765106201
2.2205705642700195
2.257848024368286
2.328087091445923
2.384054183959961
2.4180221557617188
2.4856340885162354
2.543692111968994
2.5951123237609863
2.6434335708618164
2.728004217147827
2.814645528793335
2.8822381496429443
2.9663376808166504
3.0635173320770264
3.1443350315093994
3.2501635551452637
3.3734960556030273
3.4932351112365723
0
0
0
0
0
0
0
0
0
0
0
0
1.857698917388916
1.8277806043624878
1.8080283403396606
