0
0
2.8455886840820312
2.8072574138641357
2.743479013442993
2.7419748306274414
2.750791072845459
2.7742018699645996
2.845371723175049
0
0
0
0
0
0
0
1.2861658334732056
1.2513771057128906
1.2122979164123535
1.1975064277648926
1.188513159751892
1.185845136642456
1.1812800168991089
1.1810266971588135
1.1773656606674194
1.186792016029358
1.191007375717163
1.2150864601135254
1.221163272857666
1.2639557123184204
2.48956561088562
2.497943878173828
2.501877784729004
2.543316602706909
2.6259925365448
0
0
0
0
0
0
0
0
0
0
0
0
0
0
2.9030933380126953
2.8282268047332764
2.7853262424468994
2.76804780960083
2.7787394523620605
2.798112630844116
2.853631019592285
0
0
0
1.3570702075958252
1.2831251621246338
1.2507030963897705
1.2311350107192993
1.237038016319275
1.233352541923523
1.2366251945495605
1.239320158958435
1.2363626956939697
1.2322521209716797
1.2398475408554077
1.2634986639022827
1.2688323259353638
1.3239957094192505
3.481717348098755
0
0
0
0
0
0
0
0
0
0
0
0
0
0
0
0
0
0
0
0
2.709228038787842
2.6547482013702393
2.6566500663757324
2.6554181575775146
2.686038017272949
2.6989235877990723
0
0
0
0
0
0
0
0
0
0
0
0
0
0
0
0
0
0
0
0
0
0
0
0
0
0
0
0
0
0
0
0
0
0
0
0
1.5258764028549194
0
0
0
0
0
0
0
0
0
0
0
0
0
0
0
0
0
0
0
0
0
0
0
0
0
0
0
0
0
0
2.731475830078125
2.66391658782959
2.6573028564453125
2.660832405090332
2.6522796154022217
2.7272350788116455
0
0
0
0
0
0
0
2.8715193271636963
2.7936177253723145
2.768873453140259
2.7861368656158447
2.7989580631256104
2.8362300395965576
0
3.4839320182800293
3.4624319076538086
3.4417855739593506
3.4232075214385986
3.374058961868286
3.3760993480682373
3.3338816165924072
3.3054916858673096
3.440704584121704
3.2673277854919434
3.2744333744049072
3.2732110023498535
3.251377582550049
3.230599880218506
3.21228289604187
3.1832611560821533
3.1744866371154785
3.1653456687927246
3.1743202209472656
3.1624948978424072
3.1387932300567627
3.125408887863159
1.8283557891845703
1.7966495752334595
1.772231101989746
1.7576463222503662
1.7534027099609375
1.7663624286651611
1.7834991216659546
1.7898277044296265
1.8222328424453735
2.3162848949432373
2.2995123863220215
2.294241189956665
2.304591417312622
2.3223745822906494
2.4045724868774414
1.981427550315857
1.9387339353561401
1.921137809753418
1.9134269952774048
1.9105113744735718
1.878311276435852
1.91041100025177
1.914844036102295
1.9835453033447266
2.363450765609741
2.3668406009674072
2.3582561016082764
2.3743157386779785
2.3909413814544678
2.481812000274658
3.4358608722686768
3.456122636795044
3.4936959743499756
0
0
0
0
0
0
0
0
0
0
0
0
0
0
0
0
0
0
0
0
1.9106661081314087
0
0
0
3.4711246490478516
3.4542171955108643
3.473021984100342
0
0
0
0
0
0
0
0
0
0
0
0
0
0
0
0
0
0
0
0
0
0
0
0
0
0
0
0
0
0
0
0
0
0
0
0
0
0
0
0
0
0
0
0
0
0
3.4167263507843018
3.3825182914733887
3.3912439346313477
3.4087233543395996
3.4904937744140625
0
0
0
0
0
0
0
0
0
0
2.4808826446533203
2.4419257640838623
2.4261856079101562
2.4300949573516846
2.433159351348877
2.438823938369751
2.487687826156616
0
0
0
0
0
0
0
1.8777155876159668
1.828898549079895
1.7941502332687378
1.806119441986084
1.8118020296096802
1.795363187789917
1.8246099948883057
1.849377989768982
1.8702239990234375
3.356348752975464
3.391242742538452
0
0
0
0
0
