0
0
0
0
0
0
0
0
0
0
0
0
0
0
0
0
0
0
0
0
0
0
0
0
0
0
0
0
0
0
0
0
0
0
0
0
0
0
0
0
0
0
0
0
0
0
0
0
0
0
0
0
0
0
0
0
0
0
0
0
0
0
0
0
0
0
0
0
0
0
0
0
0
0
0
0
0
0
0
0
0
0
0
0
0
0
0
0
0
0
0
0
0
0
0
0
0
0
0
0
0
0
0
0
0
0
0
0
0
0
0
0
0
0
0
0
0
0
0
0
0
0
0
0
0
0
0
0
0
0
0
0
0
0
0
0
0
0
0
0
0
0
0
0
0
1.5525639057159424
1.5128978490829468
1.5324997901916504
1.5120422840118408
1.4822301864624023
1.4712189435958862
1.5024094581604004
1.4999165534973145
1.5215195417404175
1.5404491424560547
1.0762497186660767
1.045846939086914
1.0438023805618286
1.0006864070892334
0.9972788691520691
0.9924680590629578
0.9804049134254456
0.9756279587745667
0.9840747714042664
0.990278422832489
0.9915273785591125
0.986015260219574
1.0169509649276733
1.038041114807129
1.0494180917739868
1.08873450756073
0
0
0
0
0
0
0
0
0
0
0
0
0
0.8548068404197693
0.8167547583580017
0.7818121314048767
0.761561393737793
0.7733635306358337
0.7524646520614624
0.7351012229919434
0.7638787627220154
0.7289204597473145
0.7401033043861389
0.7665408253669739
0.7485154271125793
0.7318531274795532
0.745026171207428
0.7343073487281799
0.7611067891120911
0.7592445015907288
0.782909631729126
0.7990450859069824
0.7928531169891357
0.8712676167488098
2.4200754165649414
2.443063497543335
2.4868381023406982
3.216740846633911
0
2.875377655029297
2.7979655265808105
2.769981622695923
2.7785632610321045
2.793693780899048
2.792659282684326
3.3178133964538574
3.379647731781006
0
0
0
0
0
1.0503909587860107
1.009110927581787
0.9920623898506165
0.9794912338256836
0.9660410284996033
0.954502522945404
0.9498996734619141
0.9588396549224854
0.966825008392334
0.9511624574661255
0.9797318577766418
0.9811233282089233
0.9785792231559753
0.9951418042182922
1.0180702209472656
1.0582586526870728
0
0
0
0
0
0
0
1.4221107959747314
1.3578675985336304
1.3472542762756348
1.3163914680480957
1.3368825912475586
1.330141305923462
1.3044822216033936
1.3311530351638794
1.3257676362991333
1.3337178230285645
1.3491382598876953
1.3709102869033813
1.4522497653961182
0
0
1.8408538103103638
1.819322109222412
1.7935431003570557
1.7622014284133911
1.7566651105880737
1.759521245956421
1.780955195426941
1.8027704954147339
1.8080086708068848
1.9052270650863647
0
0
0
0
0
0
0
0
0
0
0
0
0
0
0
0
0
0
0
0
0
0
0
0
0
0
0
0
0
0
0
0
0
0
0
0
0
0
0
0
0
0
0
0
0
0
0
0
0
0
0
0
0
0
0
0
0
0
0
0
0
0
0
0
0
0
0
0
0
0
0
0
0
0
0
0
0
0
0
0
0
0
0
0
0
0
0
0
0
