1679901057435 0.19902004301548004 0
1679901066587 0.11682284623384476 1
1679901076705 0.09921662509441376 2
1679901085341 0.08297880738973618 3
1679901096081 0.06640192121267319 4
1679901110035 0.05608335882425308 5
1679901119538 0.05367733910679817 6
1679901130072 0.05288245156407356 7
1679901140296 0.046947937458753586 8
1679901149662 0.04163376986980438 9
1679901160903 0.0395204983651638 10
1679901169975 0.03557264804840088 11
1679901182416 0.03321931138634682 12
1679901194234 0.03268958628177643 13
1679901205824 0.030469605699181557 14
1679901215226 0.026986511424183846 15
1679901224198 0.03170439600944519 16
1679901233173 0.026572486385703087 17
1679901242001 0.024385610595345497 18
1679901250578 0.023649120703339577 19
1679901259364 0.022016532719135284 20
1679901268029 0.019872702658176422 21
1679901276581 0.0205343347042799 22
1679901285957 0.02001308463513851 23
1679901294877 0.0355825237929821 24
1679901303348 0.026422863826155663 25
1679901311933 0.01979628950357437 26
1679901320338 0.02414158545434475 27
1679901328863 0.022090090438723564 28
1679901338164 0.01893094927072525 29
1679901346809 0.01625875197350979 30
1679901355125 0.01702245883643627 31
1679901364040 0.03428361192345619 32
1679901375258 0.023175694048404694 33
1679901383561 0.017754824832081795 34
1679901391958 0.016114603728055954 35
1679901400523 0.015804050490260124 36
1679901408834 0.01733211986720562 37
1679901416911 0.015041119419038296 38
1679901425395 0.01407310739159584 39
1679901434259 0.01297573372721672 40
1679901443693 0.011981564573943615 41
1679901454470 0.011970102787017822 42
1679901465341 0.014415465295314789 43
1679901475280 0.013712510466575623 44
1679901486073 0.011751681566238403 45
1679901494608 0.011296127922832966 46
1679901503045 0.011484285816550255 47
1679901511333 0.010706163011491299 48
1679901519777 0.010261079296469688 49
1679901528230 0.01030568964779377 50
1679901536732 0.04790826141834259 51
1679901544890 0.040623631328344345 52
1679901553090 0.02405676059424877 53
1679901562448 0.01961739920079708 54
1679901570897 0.015032901428639889 55
1679901579435 0.012901927344501019 56
1679901587814 0.01487367320805788 57
1679901596547 0.013843245804309845 58
1679901604706 0.016835365444421768 59
1679901613431 0.014583530835807323 60
1679901622089 0.011750433593988419 61
1679901630487 0.013253466226160526 62
1679901639037 0.02051430754363537 63
