1679901057435 0.6765323281288147 0
1679901066587 0.9269022345542908 1
1679901076705 0.9113594889640808 2
1679901085341 0.8838961124420166 3
1679901096081 0.8572512865066528 4
1679901110035 0.8822487592697144 5
1679901119538 0.894900918006897 6
1679901130072 0.9006127715110779 7
1679901140296 0.9130265116691589 8
1679901149662 0.9264073371887207 9
1679901160903 0.9293923377990723 10
1679901169975 0.9375361800193787 11
1679901182416 0.9404299259185791 12
1679901194234 0.9408714175224304 13
1679901205824 0.9437882900238037 14
1679901215226 0.9488654732704163 15
1679901224198 0.9395384788513184 16
1679901233173 0.9517262578010559 17
1679901242001 0.9538735151290894 18
1679901250578 0.9544458389282227 19
1679901259364 0.9590939283370972 20
1679901268029 0.9628874063491821 21
1679901276581 0.9616232514381409 22
1679901285957 0.9624550938606262 23
1679901294877 0.933936357498169 24
1679901303348 0.9523429274559021 25
1679901311933 0.9633092284202576 26
1679901320338 0.9548967480659485 27
1679901328863 0.9605779647827148 28
1679901338164 0.9649332761764526 29
1679901346809 0.9688409566879272 30
1679901355125 0.9667345881462097 31
1679901364040 0.9369064569473267 32
1679901375258 0.9590710401535034 33
1679901383561 0.9675495028495789 34
1679901391958 0.9700602889060974 35
1679901400523 0.9707273244857788 36
1679901408834 0.9672345519065857 37
1679901416911 0.9729354977607727 38
1679901425395 0.9735297560691833 39
1679901434259 0.9763879179954529 40
1679901443693 0.9779527187347412 41
1679901454470 0.9776582717895508 42
1679901465341 0.9734163284301758 43
1679901475280 0.9749380350112915 44
1679901486073 0.9779094457626343 45
1679901494608 0.9787552356719971 46
1679901503045 0.9782106280326843 47
1679901511333 0.9801883101463318 48
1679901519777 0.9809737205505371 49
1679901528230 0.9810675382614136 50
1679901536732 0.9183618426322937 51
1679901544890 0.9307108521461487 52
1679901553090 0.9583786725997925 53
1679901562448 0.9637424945831299 54
1679901570897 0.9717874526977539 55
1679901579435 0.9758788347244263 56
1679901587814 0.9727827310562134 57
1679901596547 0.9739745259284973 58
1679901604706 0.9688138365745544 59
1679901613431 0.9734318256378174 60
1679901622089 0.9785124063491821 61
1679901630487 0.9756520390510559 62
1679901639037 0.9622288942337036 63
