1679901057435 0.1684156358242035 0
1679901066587 0.539585292339325 1
1679901076705 0.6297799944877625 2
1679901085341 0.7103276252746582 3
1679901096081 0.8491373658180237 4
1679901110035 0.8712171316146851 5
1679901119538 0.8768202066421509 6
1679901130072 0.8735359311103821 7
1679901140296 0.887274444103241 8
1679901149662 0.9064656496047974 9
1679901160903 0.9132478833198547 10
1679901169975 0.9234092831611633 11
1679901182416 0.9312757253646851 12
1679901194234 0.9332541823387146 13
1679901205824 0.9384852647781372 14
1679901215226 0.9448480606079102 15
1679901224198 0.935367226600647 16
1679901233173 0.946130096912384 17
1679901242001 0.9508388638496399 18
1679901250578 0.9512583017349243 19
1679901259364 0.955959141254425 20
1679901268029 0.9601060748100281 21
1679901276581 0.959385871887207 22
1679901285957 0.9603909254074097 23
1679901294877 0.928252637386322 24
1679901303348 0.9439696073532104 25
1679901311933 0.9605571627616882 26
1679901320338 0.9523425102233887 27
1679901328863 0.957035481929779 28
1679901338164 0.9623140096664429 29
1679901346809 0.966809093952179 30
1679901355125 0.9650284647941589 31
1679901364040 0.9337923526763916 32
1679901375258 0.9542893171310425 33
1679901383561 0.9653213024139404 34
1679901391958 0.9687321782112122 35
1679901400523 0.9697055816650391 36
1679901408834 0.966009795665741 37
1679901416911 0.9718344211578369 38
1679901425395 0.9727208018302917 39
1679901434259 0.975530207157135 40
1679901443693 0.9772871136665344 41
1679901454470 0.9769309759140015 42
1679901465341 0.9725150465965271 43
1679901475280 0.9740661382675171 44
1679901486073 0.9770813584327698 45
1679901494608 0.9782130718231201 46
1679901503045 0.9777461290359497 47
1679901511333 0.9796375632286072 48
1679901519777 0.9805001616477966 49
1679901528230 0.9805318117141724 50
1679901536732 0.9174897074699402 51
1679901544890 0.928331732749939 52
1679901553090 0.9543209671974182 53
1679901562448 0.9617442488670349 54
1679901570897 0.9709876775741577 55
1679901579435 0.9752532243728638 56
1679901587814 0.9721668362617493 57
1679901596547 0.9732114672660828 58
1679901604706 0.9679091572761536 59
1679901613431 0.9728078246116638 60
1679901622089 0.9777302742004395 61
1679901630487 0.9751424789428711 62
1679901639037 0.9612693786621094 63
