1678450764815 0.21189278364181519 0
1678450767959 0.11614366620779037 1
1678450772081 0.10012645274400711 2
1678450776048 0.09474563598632812 3
1678450782020 0.09490542858839035 4
1678450786910 0.0799771100282669 5
1678450791632 0.0692632719874382 6
1678450796833 0.06389612704515457 7
1678450801731 0.05707543343305588 8
1678450808228 0.05473531782627106 9
1678450814749 0.050872448831796646 10
1678450819996 0.048591986298561096 11
1678450824076 0.04651902616024017 12
1678450827921 0.05190461128950119 13
1678450831369 0.049345485866069794 14
1678450835158 0.04320167750120163 15
1678450838923 0.04179094359278679 16
1678450842713 0.046482980251312256 17
1678450845656 0.04382438212633133 18
1678450848531 0.039009228348731995 19
1678450851604 0.036443643271923065 20
1678450854601 0.03514733165502548 21
1678450857565 0.031992558389902115 22
1678450860567 0.03184065595269203 23
1678450863638 0.029445890337228775 24
1678450866601 0.02746613509953022 25
1678450869568 0.02660078927874565 26
1678450872679 0.026540765538811684 27
1678450875771 0.03316924348473549 28
1678450879118 0.03134181722998619 29
1678450882293 0.02635962888598442 30
1678450885291 0.025248706340789795 31
1678450888507 0.022211194038391113 32
1678450892582 0.024274110794067383 33
1678450895937 0.02407071739435196 34
1678450898983 0.01923476718366146 35
1678450901919 0.016887053847312927 36
1678450904930 0.017585622146725655 37
1678450907958 0.016393663361668587 38
1678450910800 0.01778341270983219 39
1678450913799 0.0189149621874094 40
1678450916991 0.026423195376992226 41
1678450920051 0.024003276601433754 42
1678450922930 0.019052701070904732 43
1678450925768 0.015276255086064339 44
1678450928631 0.016327308490872383 45
1678450931658 0.013994013890624046 46
1678450934522 0.012240216135978699 47
1678450937563 0.014895200729370117 48
1678450940418 0.016957905143499374 49
1678450943501 0.013795962557196617 50
1678450946604 0.01369494665414095 51
1678450949619 0.014313137158751488 52
1678450952715 0.016616154462099075 53
