1678450764815 0.0377136766910553 0
1678450767959 0.5286324620246887 1
1678450772081 0.6584668755531311 2
1678450776048 0.7360220551490784 3
1678450782020 0.7576655745506287 4
1678450786910 0.7830217480659485 5
1678450791632 0.8130875825881958 6
1678450796833 0.8395209908485413 7
1678450801731 0.8527154326438904 8
1678450808228 0.859277069568634 9
1678450814749 0.8744836449623108 10
1678450819996 0.8773860335350037 11
1678450824076 0.8869479894638062 12
1678450827921 0.8705662488937378 13
1678450831369 0.8719996213912964 14
1678450835158 0.8948450684547424 15
1678450838923 0.896518886089325 16
1678450842713 0.8881410360336304 17
1678450845656 0.890268862247467 18
1678450848531 0.907077968120575 19
1678450851604 0.9135861992835999 20
1678450854601 0.9232104420661926 21
1678450857565 0.9315348863601685 22
1678450860567 0.9334490895271301 23
1678450863638 0.939218282699585 24
1678450866601 0.9432781338691711 25
1678450869568 0.9453703761100769 26
1678450872679 0.9456196427345276 27
1678450875771 0.9310185313224792 28
1678450879118 0.9335380792617798 29
1678450882293 0.9469017386436462 30
1678450885291 0.946794867515564 31
1678450888507 0.9547809958457947 32
1678450892582 0.9509170055389404 33
1678450895937 0.9499554634094238 34
1678450898983 0.9611556529998779 35
1678450901919 0.9663817882537842 36
1678450904930 0.964734673500061 37
1678450907958 0.9657674431800842 38
1678450910800 0.9640135169029236 39
1678450913799 0.9627403616905212 40
1678450916991 0.9477652907371521 41
1678450920051 0.9530092477798462 42
1678450922930 0.9608618021011353 43
1678450925768 0.9695602059364319 44
1678450928631 0.9679932594299316 45
1678450931658 0.972409188747406 46
1678450934522 0.9755876064300537 47
1678450937563 0.9706196784973145 48
1678450940418 0.9656339287757874 49
1678450943501 0.9726851582527161 50
1678450946604 0.9732906222343445 51
1678450949619 0.9716969132423401 52
1678450952715 0.9679664969444275 53
