0
0
0
0
0
0
0
0
0
0
0
0
2.2038910388946533
2.1505541801452637
2.103945016860962
2.069793701171875
2.083495616912842
2.094592571258545
2.0905439853668213
2.1132001876831055
2.1807284355163574
0
0
0
0
0
0
0
0
0
0
0
0
0
0
0
0
0
0
0
0
0
3.021833658218384
2.9962399005889893
2.967939615249634
2.962526321411133
2.994142532348633
3.060161590576172
0
0
0
0
0
0
0
0
0
0
0
0
0
0
0
0
0
0
0
0
0
0
0
0
0
0
0
0
1.1197478771209717
1.0676593780517578
1.0388308763504028
1.0262271165847778
1.014926791191101
1.0124760866165161
1.015661597251892
0.9861594438552856
0.9850538372993469
1.0004620552062988
1.0305196046829224
1.0095186233520508
1.0252721309661865
1.0181217193603516
1.0454245805740356
1.077736496925354
0
2.888911008834839
2.8928723335266113
2.856343984603882
2.826563835144043
2.8020691871643066
2.7687907218933105
2.794471502304077
2.752044200897217
2.752946615219116
2.73795223236084
2.710371255874634
2.694861888885498
2.6872498989105225
2.6852188110351562
2.6706573963165283
2.6739282608032227
2.6662039756774902
2.65852689743042
2.6505565643310547
2.647940158843994
2.644094944000244
3.3330676555633545
0
0
0
0
0
0
0
0
0
0
0
0
0
0
0
0
0
0
0
0
0
0
0
0
0
0
0
0
0
0
0
0
0
0
0
0
0
0
0
0
0
0
0
0
0
0
0
0
2.8712375164031982
2.79634428024292
2.7796926498413086
2.768474817276001
2.7723631858825684
2.8113510608673096
0
0
0
0
0
0
0
0
0
0
0
0
0
0
0
0
0
0
0
0
0
0
0
0
0
0
0
0
0
0
0
0
0
0
0
0
0
0
0
0
0
0
0
0
0
0
0
0
0
0
0
0
0
0
0
0
0
2.8632073402404785
2.835533857345581
2.8197691440582275
2.835512161254883
2.8708717823028564
1.9546020030975342
1.9131691455841064
1.8539950847625732
1.8441795110702515
1.8063106536865234
1.7722426652908325
1.8177813291549683
1.8548519611358643
1.889251470565796
1.900341272354126
1.9254488945007324
1.9774178266525269
2.0204663276672363
2.02864408493042
2.0942089557647705
2.1392970085144043
2.163747549057007
1.0451140403747559
1.0197638273239136
0.9992017149925232
0.9996201395988464
0.9997602105140686
0.9698593020439148
0.9680911898612976
0.9562806487083435
0.9703258872032166
0.967373251914978
0.9613696336746216
0.9916530847549438
0.9978818893432617
0.9979234337806702
1.0116782188415527
1.0482343435287476
2.898847818374634
2.8200793266296387
2.7826693058013916
2.727144956588745
2.6724836826324463
2.6213347911834717
2.5627365112304688
2.540868043899536
2.4728949069976807
2.452580213546753
2.4054460525512695
2.3602442741394043
2.3560545444488525
2.310849189758301
2.267483711242676
2.2521870136260986
2.238898754119873
2.2060141563415527
2.1816601753234863
2.1509947776794434
2.1354260444641113
2.1229443550109863
2.0787644386291504
2.0693013668060303
2.0449318885803223
2.0083045959472656
1.9935880899429321
1.9801093339920044
1.971960186958313
1.9528694152832031
1.9434280395507812
1.9436218738555908
1.9375025033950806
1.9077870845794678
1.9003574848175049
1.8908984661102295
1.8833867311477661
1.8766169548034668
1.8827720880508423
1.8589510917663574
1.8618439435958862
1.8492112159729004
1.8401453495025635
1.841924786567688
1.836869478225708
1.8077489137649536
1.8329074382781982
1.8189599514007568
1.833214521408081
1.823171615600586
1.8384796380996704
1.8015801906585693
1.8359230756759644
1.8192154169082642
1.8212038278579712
1.8296468257904053
1.8356655836105347
1.8314380645751953
1.8321940898895264
0
0
0
0
3.457839012145996
3.473111629486084
0
0
0
0
0
0
0
0
0
0
0
0
0
0
0
0
0
0
0
2.2020645141601562
2.1921935081481934
2.1600682735443115
2.1694247722625732
2.160109519958496
2.199039936065674
2.1963493824005127
2.284019708633423
0
0
0
0
