1.3185678720474243
1.2917966842651367
1.2890487909317017
1.3146171569824219
1.3099100589752197
1.30730140209198
1.3343316316604614
1.3466054201126099
1.3945841789245605
2.8606815338134766
2.9558281898498535
0
0
0
0
0
0
0
0
0
0
0
0
0
0
0
0
0
0
0
0
0
0
0
0
0
0
0
0
0
3.11506986618042
3.0718014240264893
3.0559396743774414
3.04002046585083
3.0764851570129395
3.114715814590454
0
0
0
0
0
0
0
0
0
0
0
0
0
0
0
0
0
0
1.5770801305770874
1.5452866554260254
1.5132449865341187
1.480890154838562
1.471021056175232
1.4682804346084595
1.458901286125183
1.4692562818527222
1.4621236324310303
1.5086321830749512
1.513709306716919
1.588398814201355
2.9099419116973877
0
0
0
0
0
0
0
0
0
0
0
0
0
0
0
0
0
0
0
0
0
0
0
0
0
0
0
0
0
0
0
0
1.098020315170288
1.0586580038070679
1.0366315841674805
0.9990454316139221
1.003867745399475
1.011027216911316
1.0171761512756348
1.0119439363479614
0.9975261688232422
1.0130071640014648
1.0184435844421387
1.0110406875610352
1.0115914344787598
1.0386443138122559
1.0738526582717896
1.0998636484146118
0
0
0
0
0
0
0
0
0
0
0
0
0
0
0
0
0
0
0
0
2.1528706550598145
2.1445152759552
2.1042847633361816
2.111421585083008
2.1044723987579346
2.146857500076294
2.16332745552063
0
0
0
0
0
0
0
0
0
0
0
0
0
0
0
0
0
0.705287516117096
0.6636624336242676
0.6478426456451416
0.6607702970504761
0.631088376045227
0.6245800852775574
0.6169734001159668
0.6214248538017273
0.6153420209884644
0.606025755405426
0.6114560961723328
0.612433671951294
0.6268146634101868
0.605955183506012
0.6207448840141296
0.6198325157165527
0.6140348315238953
0.622747004032135
0.6464552879333496
0.6612820625305176
0.662218451499939
0.6634232401847839
0.6896339654922485
0
0
0
0
0
0
0
0
0
0
0
1.7625893354415894
1.7137227058410645
1.6874803304672241
1.6704018115997314
1.637052297592163
1.6376750469207764
1.6858997344970703
1.7104904651641846
1.7112905979156494
1.7326520681381226
0
0
0
0
0
0
0
0
0
0
0
0
0
0
0
0
0
0
2.9613962173461914
2.910254716873169
2.857816219329834
2.846937417984009
2.8802311420440674
2.9436235427856445
0
0
0
0
0
0
0
0
0
0
0
0
0
0
0
0
0
0
0
0
0
0
0
0
0
0
0
0
0
0
0
0
0
0
0
0
1.8232533931732178
1.7392247915267944
1.740757942199707
1.7330702543258667
1.7122938632965088
1.7142850160598755
1.7138131856918335
1.7335001230239868
1.752884864807129
1.797641634941101
0
0
0
0
0
0
0
0
0
0
0
0
0
3.422481060028076
3.3786935806274414
3.350114345550537
3.3547492027282715
3.4140405654907227
0.5164884328842163
0.4821307361125946
0.4824793040752411
0.44497400522232056
0.4556680917739868
0.4231499135494232
0.419998437166214
0.4338850677013397
0.4376043975353241
0.41090160608291626
0.41544193029403687
0.4286051094532013
0.40758323669433594
0.422191858291626
0.41505593061447144
0.4144013822078705
0.42493852972984314
0.4123627841472626
0.39547500014305115
0.4153478145599365
0.41437169909477234
0.42717716097831726
0.42605265974998474
0.4288977086544037
0.4297706186771393
0.4393112361431122
0.4509376585483551
0.4326385259628296
0.4718207120895386
0.4470943808555603
0.4762701094150543
0.48937860131263733
0.5116729736328125
0
0
0
0
0
0
0
0
0
0
0
0
0
0
0
0
0
0
0
0
0
1.3928231000900269
1.3593480587005615
1.3316885232925415
1.3251622915267944
1.3135958909988403
