1.8842617273330688
1.8363724946975708
1.8167431354522705
1.8130431175231934
1.7879527807235718
1.772717833518982
1.7512202262878418
1.7407923936843872
1.7203959226608276
1.7047889232635498
1.7075448036193848
1.6939947605133057
1.6766588687896729
1.6634268760681152
1.6599799394607544
1.665505051612854
1.63608717918396
1.6469594240188599
1.6084097623825073
1.5986427068710327
1.6114578247070312
1.6088606119155884
1.5932188034057617
1.5828831195831299
1.5906147956848145
1.5610541105270386
1.5609219074249268
1.5685741901397705
1.5540215969085693
1.557002305984497
1.5698986053466797
1.5673483610153198
1.564788579940796
1.5455613136291504
1.5612598657608032
1.5476969480514526
1.551723837852478
1.566486120223999
1.5648696422576904
1.5596060752868652
1.584212064743042
1.5696889162063599
1.5834760665893555
1.587702989578247
1.5877207517623901
1.6090428829193115
1.6063092947006226
1.5928616523742676
1.61244797706604
0
0
1.126880407333374
1.0875122547149658
1.0763908624649048
1.0549908876419067
1.0473384857177734
1.0500388145446777
1.0417616367340088
1.0444729328155518
1.04600989818573
1.0595238208770752
1.0396099090576172
1.0561949014663696
1.0719152688980103
1.1060806512832642
1.129504919052124
0
0
0
0
0
0
0
0
0
0
0
0
0
0
0
0
0
0
0
0
0
1.547936201095581
1.5090752840042114
1.527718424797058
1.523836374282837
1.4959520101547241
1.4872380495071411
1.4939448833465576
1.4813436269760132
1.500028133392334
1.4913997650146484
1.4685165882110596
1.4668372869491577
1.478316307067871
1.4664429426193237
1.475795030593872
1.482241153717041
1.482551097869873
1.4838274717330933
1.462959885597229
1.446587085723877
1.456266164779663
1.460543155670166
1.476273536682129
1.4863502979278564
1.4823071956634521
1.4952101707458496
1.499097466468811
1.5043151378631592
1.4825986623764038
1.5103042125701904
1.5162014961242676
1.5263675451278687
1.529207706451416
1.5376876592636108
1.5385701656341553
1.5352132320404053
1.5685781240463257
0
0
0
0
0
0
0
0
0
0
0
0
0
0
0
0
0
0
0
0
0
0
0
0
0
0
0
0
0
0
0
2.3568778038024902
2.2894065380096436
2.2822155952453613
2.2825019359588623
2.2693381309509277
2.3141744136810303
2.35819149017334
0
0
0
0
0
0
0
0
0
0
0
0
0
0
0
0
0
0
0
0
0
0
0
0
0
0
0
0
0
0
1.472948670387268
1.4333633184432983
1.4293582439422607
1.429027795791626
1.3906664848327637
1.3992257118225098
1.3909803628921509
1.3961387872695923
1.4208725690841675
1.4273566007614136
1.4653562307357788
0
0
0
0
0
0
0
0
0
0
0
0
0
0
0
0
0
0
0
0
0
0
0
0
0
0
1.3609169721603394
1.3424444198608398
1.3326865434646606
1.3110432624816895
1.2792186737060547
1.2980670928955078
1.2979092597961426
1.3098583221435547
1.3030989170074463
1.321743130683899
1.34402596950531
1.3874150514602661
0
0
0
2.5394978523254395
2.539602756500244
2.5299174785614014
2.5330810546875
2.5146539211273193
2.5666825771331787
2.9102272987365723
3.354339361190796
0
0
0
0
0
0
0
0
0
0
0
0
0
0
0
0
0
0
0
0
0
0
0
0
0
0
0
0
0
0
0
0
2.115744113922119
2.0627377033233643
2.0606486797332764
2.059948682785034
2.046802043914795
2.0611214637756348
2.0976979732513428
2.1181507110595703
0
0
0
0
0
0
0
0
0
0
0
0
0
0
0
0
0
0
0
0
0
0
1.1855331659317017
1.1489109992980957
1.1315340995788574
1.120166540145874
1.099351167678833
1.092520833015442
1.0966740846633911
1.0925488471984863
1.0886061191558838
1.1011015176773071
1.1057683229446411
1.0991582870483398
1.1223996877670288
1.1335543394088745
1.1942635774612427
0
0
0
0
0
0
0
0
2.762342691421509
2.715750217437744
2.6320786476135254
2.5483880043029785
2.512343168258667
2.462646484375
2.417013168334961
2.3478386402130127
2.334261655807495
2.2713966369628906
2.2137532234191895
2.20327091217041
2.148703098297119
2.1250061988830566
2.0734286308288574
2.030921697616577
2.024458408355713
1.989895224571228
1.9525195360183716
1.929347276687622
1.8993604183197021
1.8704370260238647
1.8648406267166138
