0.5748257040977478
0.5989199280738831
0
0
0
0
0
0
0
0
0
0
0
0
0
0
0
0
0
0
0
0
0
0
2.290994167327881
2.219102144241333
2.192333221435547
2.2134900093078613
2.1878576278686523
2.211710214614868
2.21213698387146
2.300262689590454
0
0
0
0
0
0
0
0
0
0
0
0
0
0
0
0
0
0
0
0
0
0
0
0
0
0
0
0
0
0
0
0
0
0
0
0
0
0
0
0
1.7144190073013306
1.681918740272522
1.628894567489624
1.6393483877182007
1.6191869974136353
1.6140155792236328
1.6003960371017456
1.6028481721878052
1.6250593662261963
1.6621358394622803
1.712216854095459
0
0
0
0
0
0
0
0
0
0
0
0
0
0
0
0
0
0
0
0
0
0
0
0
0
0
0
0
0
0
0
0
0
0
0
0
0
0
0
0
0
0
0
0
0
0
0
0
2.90618896484375
2.835885763168335
2.818729877471924
2.8044421672821045
2.82041597366333
1.270063042640686
1.2168374061584473
1.181140661239624
1.1784321069717407
1.1721625328063965
1.162193775177002
1.1747119426727295
1.1510800123214722
1.1663672924041748
1.1757538318634033
1.1603264808654785
1.18994140625
1.1963014602661133
1.259704828262329
0
0
0
0
0
0
0
0
0
0
0
0
0
0
0
0
0
0
0
0
0
0
0
0
0
0
0
0
2.7559053897857666
2.6762378215789795
2.6645941734313965
2.663477659225464
2.67494797706604
2.698362112045288
0
0
0
0
0
0
0
0
0
0
0
0
0
0
0
0
0
0
0
1.6404248476028442
1.5995762348175049
1.5775591135025024
1.538309097290039
1.5362106561660767
1.5402870178222656
1.5410382747650146
1.537370204925537
1.533927083015442
1.579443097114563
1.6272886991500854
0
0
0
0
0
0
0
0
0
0
0
0
0
0
0
0
0
0
2.955103874206543
2.932098627090454
2.905019998550415
2.92297101020813
2.9438729286193848
3.0235140323638916
0
0
0
0
0
1.1481345891952515
1.1233201026916504
1.099560260772705
1.0830414295196533
1.0870563983917236
1.0810692310333252
1.076972484588623
1.066835880279541
1.0550150871276855
1.073996663093567
1.085781455039978
1.0965214967727661
1.0899078845977783
1.1504062414169312
1.1662155389785767
2.755311965942383
2.792907476425171
2.859455108642578
0
0
0
0
0
0
0
0
0
0
0
2.163382053375244
2.0993950366973877
2.0900440216064453
2.0657474994659424
2.0475521087646484
2.0904901027679443
2.1016252040863037
2.1384851932525635
0
0
0
0
0
0
0
0
0
0
0
0
0
0
0
0
0
0
0
0
2.489194869995117
2.4439218044281006
2.407315969467163
2.3853840827941895
2.3823063373565674
2.4194931983947754
2.4405243396759033
2.535977363586426
0
0
0
0
0
0
0
0
0
0
0
0
0
0
0
0
0
0
0
0
0
0
0
0
0
0
0.6220261454582214
0.6010464429855347
0.5623480081558228
0.5475145578384399
0.5526703000068665
0.5220382809638977
0.5175849199295044
0.5219417810440063
0.507516622543335
0.5410763025283813
0.5259782075881958
0.5242317914962769
0.5148557424545288
0.5069473385810852
0.5035138130187988
0.522512674331665
0.5162636637687683
0.5170326828956604
0.5208561420440674
0.5190550088882446
0.5368273258209229
0.5465377569198608
0.5494697093963623
0.54897540807724
0.5571479797363281
0.5710381865501404
