1.4678691625595093
1.4710383415222168
1.4828770160675049
1.4811264276504517
1.4916616678237915
1.5270196199417114
1.5592167377471924
0
0
0
0
0
0
0
0
0
0
0
0
0
0
0
0
0
0
0
0
0
0
0
0
0
0
0
0
0
0
0
0
0
0
0
0
0
0
0
0
0
0
0
0
0
0
0
0
0
0
0
0
0
0
0
0
0
0
0
0
0
0
0
0
0
0
0
0
0
0
0
0
0
0
0
0
0
0
0
0
0
1.402639389038086
1.364342212677002
1.3484193086624146
1.318505883216858
1.316407561302185
1.3223438262939453
1.3279056549072266
1.3042044639587402
1.313739538192749
1.357351541519165
1.3602135181427002
1.372884750366211
0
0
0
0
0
0
0
0
0
0
0
0
0
0
0
0
0
0
0
0
0
0
0
0
0
0
0
0
0
0
0
0
0
0
0
0
0
0
0
0
0
0
0
0
3.3572776317596436
3.2823643684387207
3.24565052986145
3.2732534408569336
3.2910878658294678
0
0
0
0
0
1.7910840511322021
1.7603707313537598
1.7408101558685303
1.7160612344741821
1.712929606437683
1.736354112625122
1.7277253866195679
1.778735876083374
1.813480019569397
0
0
0
0
0
0
0
0
0
0
0
0
0
0
0
0
0
0
0
0
0
0
0
0
0
0
0
0
1.6939282417297363
1.6242249011993408
1.6058186292648315
1.572348952293396
1.5583441257476807
1.5830873250961304
1.5733294486999512
1.5836448669433594
1.6060187816619873
1.6305785179138184
1.6710872650146484
2.7919294834136963
2.795076608657837
2.810884952545166
2.87260365486145
0
0
0
0
0
0
0
0
0
0
0
0
0
0
0
0
0
0
0
0
0
0
1.6267322301864624
1.566572904586792
1.5688544511795044
1.528827428817749
1.5427753925323486
1.5343971252441406
1.561557650566101
1.555173397064209
1.5766695737838745
1.6345207691192627
2.7776503562927246
2.731409788131714
2.71425724029541
2.7000439167022705
2.715568780899048
2.7532644271850586
0
0
0
0.3703036606311798
0.3100055456161499
0.31311342120170593
0.30228957533836365
0.29833686351776123
0.27889129519462585
0.25900280475616455
0.23405371606349945
0.24561163783073425
0.2512400448322296
0.27086082100868225
0.2620227336883545
0.2506747841835022
0.2654353678226471
0.2568996846675873
0.23996765911579132
0.2424793243408203
0.23809267580509186
0.2292780876159668
0.2238885760307312
0.22895310819149017
0.24014145135879517
0.22837866842746735
0.24141086637973785
0.2410954236984253
0.23866115510463715
0.2306307554244995
0.2500990927219391
0.23144333064556122
0.21763889491558075
0.24546672403812408
0.23418010771274567
0.24773962795734406
0.23650884628295898
0.2526712417602539
0.25177237391471863
0.2566450536251068
0.2603588402271271
0.2503088712692261
0.2645702660083771
0.2673684060573578
0.2643359303474426
0.26188230514526367
0.2786339819431305
0.30105355381965637
0.30774953961372375
0.32060733437538147
0.35291653871536255
1.8451322317123413
0
0
0
0
0
0
0
0
0
0
0
0
0
0
0
0
0
0
0
0
0
0
0
0
0
0
0
0
3.1005706787109375
3.0446603298187256
3.0296835899353027
3.0278236865997314
3.0428998470306396
3.0839853286743164
0
0
0
0
0
0
0
0
0
0
0
0
0
0
0
0
0
0
0
0
0
0
0
0
0
1.5468682050704956
1.5091960430145264
1.493486762046814
1.4863688945770264
1.456941843032837
