0.5285937786102295
0.5166943669319153
0.5089731812477112
0.4964490234851837
0.5086072087287903
0.5074083805084229
0.5045536756515503
0.4859310984611511
0.49422594904899597
0.4857529103755951
0.48753324151039124
0.4831291735172272
0.49094685912132263
0.4785849452018738
0.46607041358947754
0.4793907403945923
0.4772232472896576
0.4805191159248352
0.4856322705745697
0.4766904413700104
0.4693450927734375
0.4607737362384796
0.4715641438961029
0.470121294260025
0.4680556058883667
1.1905441284179688
1.153049349784851
1.1355674266815186
1.0916786193847656
1.0574918985366821
1.0199761390686035
1.0034544467926025
0.976516842842102
0.9530763030052185
0.9294498562812805
0.9190254211425781
0.8986318707466125
0.8956692814826965
0.8390689492225647
0.8327188491821289
0.8316912055015564
0.8113327026367188
0.8244684934616089
0.7805593609809875
0.7770264148712158
0.7651064991950989
0.7510813474655151
0.7349268198013306
0.7233184576034546
0.7341623902320862
0.7144777774810791
0.7004386186599731
0.7116945385932922
0.6816866397857666
0.7010812759399414
0.6738418340682983
0.6723294854164124
0.6510034799575806
0.6492960453033447
0.6582027077674866
0.64551842212677
0.6431658864021301
0.6167519688606262
0.6216981410980225
0.6314569115638733
0.6204245090484619
0.6126189231872559
0.6286404132843018
0.6089720129966736
0.6099961996078491
0.5983631610870361
0.6097777485847473
0.5912621021270752
0.5854957699775696
0.6031478047370911
0.584734320640564
0.5851041674613953
0.5893346667289734
0.5812166333198547
0.5741081237792969
0.5786312222480774
0.5763368010520935
0.5947906374931335
0.5927690267562866
0.5729982256889343
0.5618717074394226
0.5853368043899536
0.5770297646522522
0.5857416987419128
0.5617044568061829
0.5583551526069641
0.5902901291847229
0.5780675411224365
0.5853708982467651
0.5828922986984253
0.5898518562316895
0.5794872641563416
0.5806900262832642
0.5846280455589294
0.5667544007301331
0.5956224799156189
0.6066611409187317
0.6128489971160889
0.6046311259269714
0.6003367304801941
0.635387122631073
0.6146386861801147
0.6256783604621887
0.6287744045257568
0.628990650177002
0.6292554140090942
0.6428325176239014
0.6275037527084351
0.6546584963798523
0.6657212376594543
0.6502424478530884
0.6684972643852234
0.6709796190261841
0.6824550032615662
0.6899722218513489
0.6984172463417053
0.708986222743988
0.717322587966919
0.7223479151725769
0.7321723103523254
0.7267642617225647
0.7424967885017395
0.7778295278549194
0.78801429271698
0.8004142045974731
0.7951875329017639
0.8078131675720215
0.8135950565338135
0.8476154804229736
0.8728387355804443
0.880044162273407
0.8875192999839783
0.9137923717498779
0.9211490154266357
0.9449427723884583
0.9930902719497681
1.001999855041504
1.035330057144165
1.0646711587905884
1.0932624340057373
1.1426057815551758
1.1676617860794067
1.1796797513961792
1.2541447877883911
1.2547166347503662
1.3178930282592773
1.3752014636993408
1.4352035522460938
1.4899424314498901
1.5367472171783447
1.620972752571106
1.7043119668960571
1.8082741498947144
1.8788992166519165
0
0
0
0
0
0
0
0
0
0
0
0
0
0
0
0
0
0
0
2.269583225250244
2.2250001430511475
2.1943817138671875
2.205183267593384
2.1871588230133057
2.2224271297454834
2.2337210178375244
2.3323562145233154
0
0
0
0
0
0
0
0
0
0
0
0
0
0
0
0
0
0
0
0
0
0
2.760366201400757
2.7040584087371826
2.6786370277404785
2.6871626377105713
2.670475482940674
2.75587797164917
0
0
0
0
0
0
0
0
0.6938378214836121
0.6459412574768066
0.6288729310035706
0.6234568357467651
0.5937495827674866
0.57644122838974
0.5750249028205872
0.5803147554397583
0.5711074471473694
0.5550769567489624
0.5537547469139099
0.5732719302177429
0.5805099606513977
0.5595824718475342
0.5427637696266174
0.5715736150741577
0.5615667104721069
0.5670654773712158
0.570002555847168
0.5713624954223633
0.5742025971412659
0.5922650694847107
0.6117187142372131
0.6154865026473999
0.617122232913971
0.6545699834823608
1.8417664766311646
1.8183501958847046
1.8182123899459839
1.8002359867095947
1.8125630617141724
1.8077244758605957
1.812917947769165
1.8695639371871948
0
0
0
0
0
0
0
0
0
0
0
0
0
0
0
0
0
0
3.184903144836426
3.1241250038146973
3.111778497695923
3.1161158084869385
3.1388912200927734
3.2086682319641113
0
0
0
0
0
0
0
0
0
0
0
0
0
0
0
0
0
0
0
0
0
0
0
0
0
2.5301287174224854
2.337557792663574
2.1412699222564697
1.9848965406417847
1.8492982387542725
1.7461249828338623
1.6341804265975952
1.537622094154358
1.477402687072754
1.3902571201324463
1.3428242206573486
1.2866500616073608
1.2144232988357544
1.155648112297058
1.1113560199737549
1.0872797966003418
1.0544521808624268
1.032820463180542
0.9771161675453186
0.9542763233184814
0.9262338280677795
0.9050665497779846
0.8686516880989075
0.8206694722175598
0.8073173761367798
0.7934633493423462
0.7810848951339722
0.7716312408447266
0.7456907033920288
0.7255162000656128
0.723379373550415
0.694486141204834
0.6909335851669312
0.6796060800552368
0.6771009564399719
0.6485324501991272
0.6367621421813965
0.6310070157051086
0.6355596780776978
0.6283804178237915
0.5817296504974365
0.602776050567627
0.581786572933197
0.5791568160057068
0.5656737089157104
0.5755494832992554
0.5570710897445679
0.5497034788131714
0.5616432428359985
0.5615553855895996
0.5503000617027283
0.5252259969711304
0.5425613522529602
0.5411913394927979
0.5094823837280273
