0
0
0
0
0
0
0
0
0
0
0
0
0
0
0
0
0.9562098979949951
0.9091613292694092
0.8941463828086853
0.8716686964035034
0.8370921015739441
0.8334479928016663
0.8248469233512878
0.8178319931030273
0.832976222038269
0.8287789821624756
0.8202723264694214
0.8244456052780151
0.8199385404586792
0.8401581048965454
0.8441643714904785
0.8555603623390198
0.871066689491272
0.8931547403335571
0.9185781478881836
2.3243162631988525
2.3269338607788086
2.3398427963256836
2.345898389816284
2.373718023300171
0
0
0
0
0
0
0
0
0
0
0
0
0
0
0
0
0
0
0
0
0
0
0
0
0
0
0
0
0
0
0
0
0
0
0
0
0
0
0
0
0
0
0
2.2793712615966797
2.2644312381744385
2.265557289123535
2.2318520545959473
2.264829158782959
2.2787442207336426
2.302234172821045
0
0
0
3.4803788661956787
3.2978827953338623
3.137474298477173
2.9935007095336914
2.839435577392578
2.7244954109191895
2.6015357971191406
2.596163272857666
2.613471031188965
2.6276440620422363
2.6570212841033936
2.7008514404296875
2.7123539447784424
2.747020721435547
2.783813714981079
2.8045451641082764
2.826239824295044
2.874767303466797
2.8975303173065186
2.9509119987487793
2.9590952396392822
3.015064239501953
3.0593342781066895
3.0809695720672607
0
0
0
0
0
0
0
0
0
0
0
0
0
0
0
0
0
0
0
0
0
1.655167579650879
1.6031712293624878
1.6067105531692505
1.5760416984558105
1.5793869495391846
1.5935006141662598
1.593559980392456
1.617314338684082
1.6367470026016235
1.698543906211853
0
0
0
0
0
0
0
0
0
0
0
0
0
0
0
0
0
0
0
0
0
0
0
0
0
0
0
0
0
0
0
0
0
0
0
0
3.071620225906372
3.055403470993042
3.0375354290008545
3.0538170337677
3.0927436351776123
0
0
0
0
0
0
0
0
0
0
0
0
0
0
0
0
0
0
3.4822325706481934
3.3525993824005127
3.2142937183380127
3.068532943725586
3.0044405460357666
2.897134304046631
2.801222324371338
2.712338924407959
2.6372270584106445
2.5844573974609375
2.484389305114746
2.429645538330078
2.4348208904266357
2.4606945514678955
2.495614528656006
2.523650646209717
0
0
0
0
0
0
0
0
0
0
0
0
0
0
0
1.6374038457870483
1.595208764076233
0.668438196182251
0.619577169418335
0.618071973323822
0.6043114066123962
0.5855973362922668
0.5720077157020569
0.5787936449050903
0.5726248621940613
0.5642843246459961
0.5622457265853882
0.567827045917511
0.5595923662185669
0.5720996856689453
0.562835693359375
0.5815566778182983
0.5579077005386353
0.5516036748886108
0.569492757320404
0.5876888036727905
0.5693023204803467
0.5805413126945496
0.5959025025367737
0.6079589128494263
0.6202353239059448
0.6563877463340759
0
0
0
0
0
3.043574571609497
2.9992120265960693
2.977977752685547
3.012295722961426
3.0193586349487305
3.139195203781128
0
0
0
0
0
0
0
0
0
0
0
0
0
0
0
0
0
0
0
0
0
0
0
0
0
0
3.477593183517456
3.4584975242614746
2.848663330078125
2.8256661891937256
2.7587409019470215
2.7747910022735596
2.780503988265991
2.810654401779175
2.917529344558716
0
0
0
0
0
0
0
0
0
0
0
2.6326863765716553
2.5299196243286133
2.414005756378174
2.3377914428710938
2.2769975662231445
2.19828200340271
2.1280455589294434
2.091837167739868
2.01233172416687
1.960701584815979
1.9072130918502808
1.8529200553894043
1.8417826890945435
1.867852807044983
1.8842028379440308
1.933095097541809
1.9381496906280518
1.9686684608459473
2.0055572986602783
2.054630756378174
2.0649142265319824
2.1184873580932617
2.1401236057281494
2.1899805068969727
2.22092866897583
2.263946294784546
2.323512077331543
2.3484814167022705
2.417196035385132
2.4949872493743896
2.5371286869049072
0
0
0
0
0
0
0
