0
0
0
0
0
0
0
0
2.5739660263061523
2.3712401390075684
2.184971809387207
2.0616626739501953
1.9487332105636597
1.8100870847702026
1.7553565502166748
1.7561378479003906
1.7647405862808228
1.7718607187271118
1.7886154651641846
1.8060636520385742
1.8471497297286987
1.831668496131897
1.8481966257095337
1.884255290031433
1.895555019378662
1.9106487035751343
1.9097497463226318
1.9423086643218994
1.9591143131256104
1.9796162843704224
1.9977316856384277
2.029357671737671
2.052191972732544
2.0901169776916504
2.1253750324249268
2.155653238296509
2.1637587547302246
2.2103464603424072
2.2513747215270996
0
0
0
0
0
0
0
0
0
0
0
0
0
0
0
0
0
0
0
0
0
0
0
0
0
0
0
0
0
0
0
0
0
0
0
0
0
0
0
1.0793851613998413
1.0209782123565674
1.0153383016586304
0.9904800057411194
0.9688819646835327
0.9599393010139465
0.9690666198730469
0.9482172727584839
0.9470751881599426
0.9350888133049011
0.9727045893669128
0.9743000268936157
0.9705959558486938
0.9637576937675476
0.9976775646209717
1.0116745233535767
1.0425182580947876
0
0
0
0
0
0
0
0
0
0
0
0
0
0
0
0
0
0
0
0
0
0
0
0
2.9969582557678223
2.9572064876556396
2.9581339359283447
2.9274537563323975
2.969680070877075
3.0098931789398193
0
0
0
0
0
0
0
0
0
0
0
0
0
0
0
0
0
0
3.4610540866851807
3.4022376537323
3.307619571685791
3.2659904956817627
3.1959352493286133
3.1320242881774902
3.0796587467193604
3.006007432937622
2.9755969047546387
2.9377126693725586
2.889751434326172
2.8515844345092773
2.8070566654205322
2.8597676753997803
2.9286258220672607
2.9990506172180176
0
0
0
0
0
0
0
0
0
0
0
0
0
0
0
0
2.3128292560577393
2.2359955310821533
2.2234389781951904
2.19337797164917
2.1750524044036865
2.197704315185547
2.221879482269287
2.265774965286255
0
0
0
0
1.4543174505233765
1.37118661403656
1.3760769367218018
1.3584823608398438
1.3404483795166016
1.3463538885116577
1.3385263681411743
1.348152756690979
1.3610620498657227
1.3563419580459595
1.3753584623336792
1.4046827554702759
0
0
0
0
0
0
0
0
0
0
0
0
0
0
0
0
0
0
0
0
0
0
0
0
0
0
0
0
0
0
0
0
0
0
0
3.4301185607910156
3.2491707801818848
3.066798448562622
2.9119184017181396
2.7736499309539795
2.648867130279541
2.5474016666412354
2.5527753829956055
2.567514657974243
2.578662633895874
2.608402967453003
2.6233818531036377
2.6651294231414795
2.675105094909668
2.702699661254883
2.7308714389801025
2.759591817855835
2.8055570125579834
2.826969861984253
2.848816156387329
2.914243459701538
1.190057635307312
1.1595258712768555
1.1154906749725342
1.1067240238189697
1.1197808980941772
1.1075890064239502
1.097057580947876
1.0941890478134155
1.089276671409607
1.1097675561904907
1.1051065921783447
1.1299163103103638
1.1449321508407593
1.161992073059082
0
0
0
0
0
0
0
0
0
0
0
0
0
0
0
0
0
0
0
0
0
0
0
2.3450767993927
2.2865054607391357
2.26542592048645
2.24951171875
2.253645896911621
2.278749465942383
2.2775416374206543
2.3601059913635254
0
0
0
0
0
0
0
0
0
0
0
0
0
0
0
0
0
0
0
0
0
0
0
0
0
0
0
0
0
0
0
0
0
0
0
0
0
0
0
0
0
0
0
0
0
0
0
0
1.552053451538086
1.5303435325622559
1.495850920677185
1.5127983093261719
1.4913480281829834
1.4867762327194214
1.4962036609649658
1.5160950422286987
1.5298621654510498
1.5511739253997803
1.6075104475021362
0
