1.950632929801941
1.8756346702575684
1.8378294706344604
1.8408547639846802
1.8410470485687256
1.818455457687378
1.8459442853927612
1.8627722263336182
1.8961881399154663
1.9692754745483398
2.8303933143615723
2.8534510135650635
0
0
0
0
0
0
0
0
0
0
0
0
0
0
0
0
0
0
0
0
0
0
0
0
1.1729943752288818
1.1727125644683838
1.1509374380111694
1.1585994958877563
1.1411975622177124
1.1445443630218506
1.1344276666641235
1.1313234567642212
1.1491087675094604
1.1276558637619019
1.1153255701065063
1.1364595890045166
1.111185073852539
1.1141371726989746
1.1251435279846191
1.1219555139541626
1.1211967468261719
1.1233668327331543
1.1302536725997925
1.1130292415618896
1.103426456451416
1.1079832315444946
1.130924940109253
1.1225905418395996
1.1344103813171387
1.1374080181121826
1.1199301481246948
1.1448835134506226
1.1408333778381348
1.1538511514663696
1.146051287651062
1.1403539180755615
1.1674368381500244
1.1478365659713745
1.164864182472229
1.1792471408843994
1.1871411800384521
1.184749960899353
1.206694483757019
1.1865509748458862
1.2140098810195923
1.2233577966690063
1.2253395318984985
1.249746561050415
1.2330430746078491
1.2570267915725708
1.2639542818069458
1.300562858581543
1.2976080179214478
1.3126226663589478
1.317898154258728
1.3422468900680542
1.3812050819396973
1.3728457689285278
1.4063706398010254
1.4103072881698608
1.4011852741241455
1.452452301979065
1.4513310194015503
1.4941693544387817
1.5235646963119507
1.5424902439117432
1.5668126344680786
1.5876272916793823
1.6115816831588745
1.6548290252685547
1.6882922649383545
1.7084578275680542
1.755697250366211
1.803096890449524
1.8463166952133179
1.8752555847167969
1.9373843669891357
1.9725195169448853
2.0203945636749268
2.0949954986572266
2.1398849487304688
2.19752836227417
2.288510799407959
2.3454864025115967
2.4363856315612793
2.80594801902771
2.823476791381836
2.7994384765625
2.8212711811065674
2.806821823120117
2.8031582832336426
2.8346774578094482
2.820099115371704
2.827608585357666
2.8384463787078857
2.857971429824829
2.864361047744751
2.8877604007720947
2.889552593231201
2.9225969314575195
2.937458038330078
2.9541823863983154
2.9667441844940186
2.9793694019317627
3.0019757747650146
3.017186164855957
1.7558571100234985
1.6940865516662598
1.692625641822815
1.6679171323776245
1.6673856973648071
1.6867119073867798
1.6533863544464111
1.6864489316940308
1.6958121061325073
1.7210540771484375
3.3520090579986572
3.3936548233032227
3.4296114444732666
3.4756460189819336
0
0
0
0
0
0
0
0
0
0
0
0
0
0
0
3.3740909099578857
3.3208954334259033
3.300208806991577
3.313396692276001
3.33260440826416
0
0
0
0
0
0
0.9412603974342346
0.9269285202026367
0.9131160974502563
0.8916308283805847
0.8707821369171143
0.8877425193786621
0.8633838891983032
0.8565006256103516
0.8617095351219177
0.8564853072166443
0.8683772683143616
0.89469975233078
0.8739556074142456
0.8889341950416565
0.8930635452270508
0.8916370868682861
0.9241356253623962
0.9799948930740356
0
0
0
0
0
0
0
0
0
1.8451788425445557
1.8082829713821411
1.7880042791366577
1.7969952821731567
1.7893545627593994
1.7941442728042603
1.8217597007751465
1.8281170129776
1.885840654373169
0
0
0
0
0
0
0
0
0
0
0
0
0
0
0
0
0
0
0
0
0
0
0
0
0
0
0
0
0
0
0
0
0
2.6415956020355225
2.5904624462127686
2.5844430923461914
2.583468437194824
2.5764496326446533
2.616128921508789
2.703662395477295
0
0
0
0
0
0
0
0
0
0
0
0
0
0
0
0
0
0
0
0
0
0
0
0
0
0
0
0
0
3.0785012245178223
3.074249744415283
3.1066033840179443
3.08011794090271
3.103935480117798
3.1294891834259033
3.1247975826263428
3.1481692790985107
3.1281063556671143
3.175846815109253
0.9517281651496887
0.9070110321044922
0.8875851631164551
0.870137095451355
0.8637784123420715
0.8573638200759888
0.8567169904708862
0.864309549331665
0.8426406979560852
0.8473602533340454
0.8499525785446167
0.8503373861312866
0.8575084209442139
0.8671784996986389
0.8833799362182617
0.8897064924240112
0.8864901065826416
0.9432492256164551
2.1956326961517334
2.1642251014709473
2.148892879486084
2.161818742752075
2.173511266708374
2.2168002128601074
2.2507266998291016
0
0
0
0
0
0
0
0
0
0
0
0
0
0
0
0
0
0
0
0
0
0
0
0
0
0
0
0
0
0
0
0
0
0
0
0
0
0
0
0
0
1.9569122791290283
