1.5430927276611328
0
0
0
0
0
0
0
0
0
0
0
0
0
0
0
0
0
0
0
0
0
0
0
0
0
0
0
0
0
0
0
0
0
0
0
0
0
0
0
0
0
0
0
0
0
0
0
0
0
0
0
0
0
0
0
2.3280458450317383
2.2880706787109375
2.2766220569610596
2.2651431560516357
2.270594596862793
2.2844674587249756
2.3016531467437744
2.350795269012451
0
0.527404248714447
0.5070397853851318
0.49484872817993164
0.4901176393032074
0.4754190444946289
0.4799097776412964
0.46914997696876526
0.4511934816837311
0.46460050344467163
0.46389633417129517
0.46979981660842896
0.4467006325721741
0.4473159909248352
0.440690815448761
0.436666339635849
0.4454174041748047
0.44757795333862305
0.44237467646598816
0.4649006128311157
0.4560849368572235
0.46832984685897827
0.4655805826187134
0.44701364636421204
0.4820896089076996
0.46685197949409485
0.4749588668346405
0.474952757358551
0.4807780683040619
0.5166245698928833
0.5318338871002197
0
0
0
2.5953354835510254
2.510192394256592
2.472879409790039
2.4716126918792725
2.4607903957366943
2.470862627029419
2.5116121768951416
0
0
0
0
0
0
0
0
0
0
0
0
0
0
0
0
0
0
1.9447323083877563
1.9004008769989014
1.8752788305282593
1.8369801044464111
1.8545913696289062
1.8379029035568237
1.8654530048370361
1.8729389905929565
1.912183165550232
0
0
0
0
0
0
0
0
0
3.027340888977051
2.896735906600952
2.8890528678894043
2.873832941055298
2.886690616607666
2.9375457763671875
0
0
0
0
0
1.31822669506073
1.3013887405395508
1.2594236135482788
1.2505292892456055
1.2575145959854126
1.2555197477340698
1.2366492748260498
1.2483121156692505
1.24839186668396
1.2674626111984253
1.2881444692611694
1.3115932941436768
1.365655779838562
0
0
0
0
0
0
0
0
0
0
0
0
0
0
0
2.1895358562469482
2.1785712242126465
2.156097888946533
2.154463052749634
2.1302714347839355
2.175217390060425
2.228275775909424
0
0
0
0
0
0
0
0
0
0
0
0
0
0
0
0
0
0
0
0
0
2.737783193588257
2.664778709411621
2.6368465423583984
2.6152806282043457
2.6338605880737305
2.672699451446533
2.726999044418335
0
0
0
0
0
0
0
0
0
0
0
0
0
0
0
0
0
0
0
0
0
0
0
0
0
0
0
0
0.8605706095695496
0.8406025767326355
0.7944875955581665
0.7809157371520996
0.7844460606575012
0.7647188305854797
0.761139452457428
0.7558595538139343
0.7516646981239319
0.7556602954864502
0.7447948455810547
0.7688976526260376
0.7622019052505493
0.7574171423912048
0.7921451330184937
0.7685734629631042
0.7860073447227478
0.8091282844543457
0.8318621516227722
0.848777174949646
0
0
0
0
0
0
0
3.198054075241089
3.1664741039276123
3.137200355529785
3.1449010372161865
3.1359446048736572
3.2205090522766113
0
0
0
0
0
0
0
0
0
0
0
0
0
0
0
0
0
0
0
0
0
2.4738378524780273
2.397493600845337
2.3680291175842285
2.346391201019287
2.3641762733459473
2.3782997131347656
2.3765201568603516
2.4447312355041504
0
0
0
0
0
0
0
0
0
0
0
0
0
0
0
0
0
0
0
0
0
0
0
0
0
0
0
0
0
0
0
0
0
0
0
0
0
0
0
0
0
0
0
0
1.5583652257919312
1.4901195764541626
1.4885790348052979
1.487175703048706
1.4633305072784424
1.4612150192260742
1.4696526527404785
1.464082956314087
1.4772862195968628
1.5036218166351318
1.538366675376892
