0
0
0
0
0
0
0
0
0
0
0
3.4674088954925537
3.4758427143096924
3.490614175796509
0
0
0.9813827872276306
0.9424965977668762
0.9170343279838562
0.9148216843605042
0.8837029337882996
0.8767344355583191
0.8850001692771912
0.8801249265670776
0.8685282468795776
0.8665080070495605
0.8851203322410583
0.8664801716804504
0.882319986820221
0.9056306481361389
0.9036859273910522
0.916548490524292
0.9261603951454163
0.9686400294303894
0
0
0
0
0
0
0
0
0
0
0
0
0
3.4464666843414307
3.446938991546631
3.4553112983703613
3.4752557277679443
0
0
0
0
0
1.8976044654846191
1.875106930732727
1.8563766479492188
1.8416223526000977
1.812658429145813
1.8095221519470215
1.8147623538970947
1.822096347808838
1.9499976634979248
2.0025084018707275
2.1147515773773193
2.2106592655181885
2.3279788494110107
2.447047710418701
2.603095531463623
2.775663375854492
2.951650381088257
3.1656084060668945
3.44034743309021
0
0
0
0
0
0
0
0
0
0
0
0
0
0
0
0
0
0
0
0
0
0
0
0
0
0
0
0
0
0
2.8866775035858154
2.810389280319214
2.8181447982788086
2.803945302963257
2.8062334060668945
2.8617820739746094
0
0
0
0
1.2473084926605225
1.2124437093734741
1.2031186819076538
1.1860153675079346
1.169018030166626
1.1622804403305054
1.1613261699676514
1.1667879819869995
1.1734662055969238
1.1564910411834717
1.1751586198806763
1.1941351890563965
1.2156429290771484
1.2645870447158813
0
0
0
0
0
0
0
0
0
0
0
0
0
0
0
0
0
0
0
0
0
0
0
3.1329312324523926
3.1175498962402344
3.1132423877716064
3.1081702709198
3.160052537918091
0
0
0
0
0
0
0
0
0
0
0
0
0
0
0
0
0
0
0
0
0
0
0
0
0
0
0
2.4078705310821533
0.8084478974342346
0.7583793997764587
0.7218093872070312
0.7231111526489258
0.675097644329071
0.6886023283004761
0.6872754096984863
0.692802906036377
0.6926205158233643
0.696271538734436
0.6705491542816162
0.6901384592056274
0.678110659122467
0.6760278940200806
0.6867618560791016
0.6969207525253296
0.682723343372345
0.6867824792861938
0.7087323665618896
0.7109152674674988
0.7339056730270386
0.7762841582298279
1.9827836751937866
1.9714618921279907
1.9762098789215088
1.9582840204238892
1.9412627220153809
1.9439599514007568
1.9271917343139648
1.9288583993911743
1.9193872213363647
1.937782645225525
1.9022531509399414
1.930387020111084
1.9075313806533813
1.9178990125656128
1.9104002714157104
1.917523980140686
1.9346914291381836
1.9450052976608276
1.9129635095596313
1.9175277948379517
1.9478086233139038
1.9325522184371948
1.9461820125579834
1.9241842031478882
1.9476783275604248
1.9675039052963257
1.9584425687789917
1.9616938829421997
1.9823311567306519
1.9941630363464355
1.9928761720657349
2.0279574394226074
2.034512758255005
2.03477144241333
2.0542123317718506
2.062716484069824
2.069946527481079
2.0961482524871826
2.105926036834717
2.121656656265259
2.1455180644989014
2.1647026538848877
2.181511640548706
2.197444438934326
2.2081220149993896
2.240889310836792
2.2560057640075684
2.2763454914093018
0
0
0
0
1.9498411417007446
1.8304656744003296
1.8480591773986816
1.82737135887146
1.804134726524353
1.8322653770446777
1.8266879320144653
1.835714340209961
1.8545297384262085
1.9164427518844604
0
0
0
0
0
0
0
0
0
0
2.423928737640381
2.395073175430298
2.4142537117004395
2.3842005729675293
2.4116673469543457
2.3948357105255127
2.372396469116211
2.3894646167755127
2.3765456676483154
2.3816356658935547
2.3726084232330322
2.369293451309204
2.3686203956604004
2.3834879398345947
2.3795711994171143
2.391854763031006
2.3723630905151367
2.3957648277282715
2.3816444873809814
2.3963727951049805
2.4032177925109863
2.4161393642425537
2.418489694595337
2.416175365447998
0
0
0
0
0
0
0
0
0
0
0
0
0
0
0
0
0
0
0
0
0
0
0
0
0
2.9241085052490234
2.853320598602295
2.841583728790283
2.8573203086853027
2.8381412029266357
2.8819401264190674
0
0
0
0
0
0
0
0
0
0
0
0
0
0
1.6123461723327637
1.5695061683654785
1.5594319105148315
1.531297206878662
1.5341325998306274
1.52431058883667
1.537409782409668
1.5308363437652588
1.535833477973938
1.5634671449661255
1.6269832849502563
0
