3.08135724067688
3.110325336456299
3.1966934204101562
0
2.09261417388916
2.039194107055664
2.052654504776001
2.0271060466766357
2.011425495147705
2.044844627380371
2.0418505668640137
2.0720155239105225
2.147475481033325
0
0
0
0
0
0
0
0
0
0
0
0
0
0
0
0
0
0
0
0
0
3.0887339115142822
3.059551239013672
3.051250696182251
3.0586581230163574
3.0925092697143555
0
0
0
0
0
0
1.2569409608840942
1.2262132167816162
1.1969026327133179
1.184889793395996
1.1832020282745361
1.1852468252182007
1.1668552160263062
1.175548791885376
1.1931849718093872
1.1901683807373047
1.196722388267517
1.2028883695602417
1.2531846761703491
1.3195114135742188
0
0
0
3.4891700744628906
3.4548494815826416
3.447687864303589
3.470756769180298
0
0
0
0
0
0
0
0
0
0
0
0
0
0
0
0
0
0
0
0
0
0
0
0
0
0
0
0
0
0
0
0
0
0
0
0
0
0
0.9672911167144775
0.9135273694992065
0.8793982267379761
0.86563640832901
0.8623248934745789
0.8506060242652893
0.8385568261146545
0.8420873284339905
0.8267052173614502
0.8225259184837341
0.846648097038269
0.8405086994171143
0.8527749180793762
0.857071042060852
0.8503232598304749
0.8678353428840637
0.8588874340057373
0.8961902260780334
0.9342958331108093
0
0
0
0
0
0
0
0
0
0
0
0
0
0
0
0
0
0
0
0
0
0
0
0
0
0
0
0
0
0
0
0
0
0
0
0
0
0
0
0
0
0
0
0
0
0
0
0
0
0
0
0
0
0
0
0
0
0
0
0
0
0
0
0
0
0
0
0
0
0
0
0
0
0
0
0
0
0
0
0
0
0
0
0
0
0
0
0
0
0
0
0
0
0
0
0
0
0
0
0
0
0
0
0
0
0
0
0
0
0
0
0
0
2.116671562194824
2.0609514713287354
2.042794704437256
2.020681619644165
2.0095791816711426
2.0076067447662354
2.0186898708343506
2.0652754306793213
2.1010823249816895
0
0
0
0
0
0
0
0
0
0
0
0
0
0
0
0
0
0
0
0.6710377931594849
0.6477957963943481
0.6352458000183105
0.5877207517623901
0.6222303509712219
0.601917028427124
0.5740192532539368
0.564771831035614
0.586496114730835
0.5630565285682678
0.5736597776412964
0.5640999674797058
0.5668212175369263
0.5680086016654968
0.555332362651825
0.5764002203941345
0.5554872155189514
0.5640702843666077
0.576467752456665
0.5864373445510864
0.5929265022277832
0.5803865790367126
0.6224254965782166
0.6298127174377441
0.6471296548843384
0.6874483823776245
2.2055253982543945
2.193302869796753
2.2300570011138916
2.2550511360168457
0
0
0
0
0
0
0
0
0
0
0
0
0
0
0
0
0
0
0
0
0
0
0
0
0
2.2684197425842285
2.2263848781585693
2.184802293777466
2.1803395748138428
2.178450584411621
2.1850554943084717
2.2173714637756348
2.271221876144409
3.387730836868286
3.3590891361236572
3.3173670768737793
3.3186051845550537
3.3432064056396484
3.445509195327759
0
0
0
0
0
0
0
0
0
0
0
0
0
0
0
0
0
0
0
0
0
0
0
3.137211322784424
3.1020076274871826
3.0583736896514893
3.0779666900634766
