0
1.501712441444397
1.519563913345337
1.4830774068832397
1.4828954935073853
1.4408247470855713
1.4358772039413452
1.4211499691009521
1.42539644241333
1.401129126548767
1.459497332572937
1.5215853452682495
1.6099742650985718
1.6428006887435913
1.739509105682373
1.847423791885376
1.963622808456421
2.064161777496338
2.1955790519714355
2.354426383972168
2.5439040660858154
2.7559444904327393
3.0100653171539307
3.3154866695404053
0
0
0
0
0
0
0
0
0
0
0
3.231588125228882
3.128206253051758
3.1234238147735596
3.094869613647461
3.1165146827697754
3.1571638584136963
0
0
1.0392924547195435
1.0136009454727173
1.0045617818832397
0.9727661609649658
0.9716179370880127
0.9544164538383484
0.9437373280525208
0.928184986114502
0.9458158016204834
0.9705688953399658
0.9661939740180969
0.9727256298065186
0.9684712886810303
0.9792081713676453
1.0206910371780396
1.0372899770736694
2.790553331375122
2.723891496658325
2.6141269207000732
2.536759376525879
2.455378293991089
2.3841636180877686
2.3205301761627197
2.2819533348083496
2.2011008262634277
2.1375606060028076
2.1086177825927734
2.0361523628234863
2.0067315101623535
1.9466012716293335
1.9088164567947388
1.8651076555252075
1.8519195318222046
1.8038252592086792
1.7823567390441895
1.7388554811477661
1.7165448665618896
1.7013758420944214
1.6340399980545044
1.6388927698135376
1.615340232849121
1.600466012954712
1.5499681234359741
1.541435956954956
1.5431652069091797
1.4959450960159302
1.4757647514343262
1.4755622148513794
1.444926381111145
1.4422328472137451
1.4174045324325562
1.4152086973190308
1.415705919265747
1.384857177734375
1.3807497024536133
1.4379932880401611
1.5074143409729004
1.5727968215942383
0
0
0
0
0
0
0
2.2819936275482178
2.23292875289917
2.2008917331695557
2.21457576751709
2.1858973503112793
2.207362651824951
2.2273647785186768
2.2938618659973145
0
0
0
0
0
0
0
0
0
0
0
0
0
0
0
0
0
0
0
0
0
0
0
0
0
0
0
0
0
0
0
0
0
0
0
0
0
0
0
0
0
0
0
0
0
0
0
0
0
0
0
0
0
0
0
0
0
0
0
0
0
0
0
0
0
0
0
0
0
0
0
0
0
0
0
0
0
0
0
0
0
0
1.953818917274475
1.9339642524719238
1.8881405591964722
1.903406023979187
1.8789068460464478
1.8895155191421509
1.88436758518219
1.9024903774261475
1.9633967876434326
0
0
0
0
0
0
0
0
0
0
0
0
0
0
0
0
0
0
0
0
0
0
0
0
0
0
0
0
0
0
0
0
0
0
0
0
0
0
0
0
0
0
0
0
0
0
0
0
0
0
0
0
0
0
0
0
0
0
0
0
0
0
0
0
0
0
0
0
0
0
0
0
0
0
0
0
0
0
0
0
0
0
0
0
0
0
0
0
0
0
0
0
0
0
0
0
0
0
0
0
0
0
0
0
0
0
0
0
0
0
0
0
0
0
0
0
0
0
0
0
0
0
0
0
0
0
0
0
0
0
0
0
0
0
0
0
0
0
0
0
0
0
0
0
0
0
0
0
0
0
0
0
0
