0
0
0
0
0
0
0
0
0
0
0
0
0
0
0
0
0
0
0
0
0
0
0
0
0
0
0
0
0
0
0
0
0
0
0
0
0
0
0
1.5900644063949585
1.5224363803863525
1.4938379526138306
1.4993059635162354
1.483433723449707
1.4813822507858276
1.4650641679763794
1.4759219884872437
1.4641473293304443
1.4941294193267822
1.5306509733200073
1.5654504299163818
0
0
0
0
0
0
0
0
0
0
0
0
0
0
0
0
0
0
0
0
0
0
0
0
0
0
0
0
0
0
0
2.4991965293884277
2.467621088027954
2.440549373626709
2.4379215240478516
2.4373860359191895
2.460726022720337
2.519758701324463
0
0
0
0
0
0
0
0
0
0
0
0
0
0
0
0
0
0
0
0
0
0
0
3.2304656505584717
3.181109666824341
3.156674385070801
3.154578924179077
3.189122438430786
3.336303234100342
0
0
0
1.0697650909423828
1.0244337320327759
1.003132939338684
0.9843369722366333
0.9976502060890198
0.9587016701698303
0.9690344929695129
0.9442328214645386
0.9613981246948242
0.9656602144241333
0.9766330718994141
0.9859204292297363
1.0077141523361206
0.9936003088951111
1.0101515054702759
1.0267796516418457
0
0
0
0
0
0
0
0
0
0
0
0
0
0
0
0
2.9412589073181152
2.930537462234497
2.9157826900482178
2.940702199935913
2.9644274711608887
0
0
0
0
0
0
0
0
0
0
0
0
0
0
0
0
0
2.579451560974121
2.5663535594940186
2.532925844192505
2.5322885513305664
2.556279182434082
2.5931015014648438
0
0
0
0
0
0
0
0
0
0
0
0
0
0
0
0
0
0
0
0
0
0
0
0
0
0
0
0
1.881600022315979
1.8121893405914307
1.7916802167892456
1.773963451385498
1.7609705924987793
1.7589545249938965
1.7688183784484863
1.7966333627700806
1.803941249847412
1.856351375579834
0
0
0
0
0
0
0
0
0
0
0
0
0
0
0
0
0
0
0
0
0
0
0
0
0
0
0
0
0
0
0
0
0
0
0
0
0
0
0
0
0
0
0
0
0
0
0
0
0
0
0
0
0
0
0
0
0
0
0
0
0
0
0
0
0
0
0
0
0
0
0
0
0
0
0
0
0
0
0
0
0
0
0.6844480633735657
0.6733871102333069
0.6580201387405396
0.6479161381721497
0.6302818655967712
0.6277294754981995
0.6110075116157532
0.6108220815658569
0.6024350523948669
0.6034735441207886
0.6056621074676514
0.5901383757591248
0.5833893418312073
0.603144645690918
0.6226036548614502
0.615523099899292
0.601280152797699
0.6162992119789124
0.623577892780304
0.6144199371337891
0.6600731015205383
0.6562679409980774
0.6651541590690613
0.7276185154914856
0
0
0
0
0
0
0
0
0
0
0
0
0
0
0
0
0
0
0
0
0
0
0
0
0
0
0
0
0
0
0
0
0
0
0
