0
0
0
0
0
0
0
0
0
0
0
0
0
0
0
0
0
0
0
0
0
0
0
0
0
0
0
0
0
0
0
0
0
0
0
0
0
0
0
0
0
0
0
0
0
0
0
0
0
0
0
0
0
0
0
0
0
0
0
0
0
0
0
0
0
0
0
0
0
0
0
0
0
0
0
0
0
0
0
0
0
0
0
0
0
0
0
0
0
0
0
0
0
0
0
0
0
0
0
0
0
0
0
0
0
0
0
1.4686411619186401
1.436673879623413
1.4015672206878662
1.384702444076538
1.4024428129196167
1.3823766708374023
1.397657871246338
1.3748146295547485
1.4190678596496582
1.419909954071045
1.4680016040802002
0
0
0
0
0
0
0
0
0
0
0
0
0
0
0
0
0
0
0
0
0
0
0
0
0
0
0
0
2.807526111602783
2.7661309242248535
2.7579824924468994
2.782867908477783
2.7817025184631348
2.8724148273468018
0
0
0
0
0
0
0
0
0
0
0
0
0
0
0
0
3.395089864730835
3.371751546859741
1.502585768699646
1.4913822412490845
1.480573058128357
1.4575755596160889
1.4531216621398926
1.4710265398025513
1.442425012588501
1.4701337814331055
1.4933111667633057
1.5108920335769653
1.5725780725479126
0
0
0
0
0
0
0
0
0
0
0
0
0
0
0
0
0
0
0
0
0
0
0
0
0
0
0
0
0
0
0
0
0
0
2.6752238273620605
2.6195883750915527
2.578494071960449
2.5788769721984863
2.6060593128204346
2.6227588653564453
2.7240452766418457
0
0
0
0
0
0
0
0
0
1.638535499572754
1.5935630798339844
1.5941407680511475
1.5693352222442627
1.5498371124267578
1.5527344942092896
1.5662153959274292
1.561809778213501
1.5703727006912231
1.606115460395813
1.6468849182128906
0
0
0
0
0
0
0
0
0
0
0
0
0
0
0
0
0
0
0
0
0
0
0
0
0
0
0
0
0
0
0
0
0
0
0
0
0
0
0
0
0
0
0
0
0
0
0
0
0
0
0
0
0
0
0
0
0
0
0
0
0
0
0
0
0
0
0
0
0
0
0
0
0
0
0
0
0
0
0
0
0
0
0
0
0
0
0
0
0
0
0
0
0
0
0
0
0
0
0
0
0
0
0
0
0
0
0
0
0
0
0
0
0
0
0
0
0
0
