0
0
0
0
0
0
0
0
0
0
0
0
0
0
0
0
0
0
0
0
0
0
0
0
0
0
0
0
0
0
0
0
0
0
0
0
0
0
0
0
0
0
0
0
0
0
0
0
0
0
0
0
0
0
0
0
0
0
0
0
0
0
0
0
0
0
0
0
0
0
0
0
0
0
0
0
0
0
0
0
0
0
0
0
0
0
0
0
0
0
0
0
0
0
0
0
0
0
0
0
0
0
0
0
0
0
0
0
0
0
0
1.9223071336746216
1.7441517114639282
1.6146812438964844
1.498435378074646
1.3871067762374878
1.2735583782196045
1.220324993133545
1.1573470830917358
1.100975751876831
1.0582126379013062
1.0032382011413574
0.9472582340240479
0.9136307239532471
0.8827776908874512
0.8410905599594116
0.8065182566642761
0.7812037467956543
0.7613763809204102
0.7363412380218506
0.7173237800598145
0.6973918080329895
0.6873358488082886
0.6508840918540955
0.6280873417854309
0.6034460663795471
0.6081414818763733
0.5928131341934204
0.5909201502799988
0.5603681802749634
0.5474423170089722
0.529330849647522
0.5218672156333923
0.5120936632156372
0.5037428736686707
0.5277079939842224
0.479062557220459
0.480712354183197
0.4577753245830536
0.4737738072872162
0.47172579169273376
0.4668668210506439
0.4476027488708496
0.4366196095943451
0.4295589029788971
0.42274388670921326
0.4326481223106384
0.4280736446380615
0.41415169835090637
0.4105071723461151
0.3955436050891876
0.4121960699558258
0.39514994621276855
0.3984362483024597
0.40010514855384827
0.3937407433986664
0.3944445550441742
0.3871939480304718
0.3807900547981262
0.38078558444976807
0.36584481596946716
0.37583833932876587
0.3691084384918213
0.38518810272216797
0.376093327999115
0.3652392625808716
0.38205486536026
0.3724589943885803
0.36465343832969666
0.35295793414115906
0.34878191351890564
0.3749193251132965
0.3636908233165741
0.36302056908607483
0.36511799693107605
0.34532102942466736
0.3741491436958313
0.3596987724304199
0.36396631598472595
0.35580384731292725
0.3413310647010803
0.3501865267753601
0.37559837102890015
0.35539087653160095
0.35256585478782654
0.35085898637771606
0.3565879464149475
0.35979676246643066
0.3768408000469208
0.3680154085159302
0.3603363335132599
0.3619418740272522
0.37647518515586853
0.349518746137619
0.3600124716758728
0.37166351079940796
0.3775996267795563
0.37167778611183167
0.3733125329017639
0.3906787633895874
0.39391249418258667
0.37948206067085266
0.3843732178211212
0.39175641536712646
0.3924194872379303
0.3989369869232178
0.3941587507724762
0.3954607844352722
0.41192904114723206
0.40925851464271545
0.40375980734825134
0.4249962568283081
0.4363434612751007
0.4212912321090698
0.4238382577896118
0.43163055181503296
0.4322805106639862
0.43389445543289185
0.44743984937667847
0.45650383830070496
0.4544028639793396
0.472281813621521
0.4657477140426636
0.4795328974723816
0.4961424767971039
0.49364808201789856
0.51048743724823
0.5106419920921326
0.529351532459259
0.552078902721405
0.5710160732269287
0.5722289681434631
0.5832083225250244
0.5989468097686768
0.60969477891922
0.6204727292060852
0.6404000520706177
0.6550533771514893
0.6677535772323608
0.6934903860092163
0.7171432971954346
0.7299850583076477
0.7825155258178711
0.7854708433151245
0.7918736338615417
0.8637573719024658
0.8971872925758362
0.9010898470878601
0
0
0
0
0
0
0
0
0
0
0
0
0
0
0
0
0
3.4542126655578613
3.346397876739502
3.2128665447235107
3.1226515769958496
3.042959690093994
2.9460673332214355
2.8759729862213135
2.807269334793091
2.7251641750335693
2.6660382747650146
2.611220598220825
2.536050796508789
2.4970691204071045
2.441316604614258
2.3733532428741455
2.334928035736084
2.3011257648468018
2.244054079055786
2.2191882133483887
2.1635775566101074
2.1521472930908203
2.0931949615478516
2.085195541381836
2.0346271991729736
2.022887945175171
1.9857605695724487
1.9662537574768066
1.9195643663406372
1.9137028455734253
1.8972158432006836
1.8658852577209473
1.8484193086624146
1.798670768737793
1.8109755516052246
1.7783771753311157
1.744675636291504
1.7594953775405884
1.7301045656204224
1.7440776824951172
1.7181329727172852
1.6744939088821411
1.6969404220581055
1.6843105554580688
1.6688964366912842
1.6467068195343018
1.6571458578109741
1.6411627531051636
1.6351910829544067
1.6323747634887695
1.6117544174194336
1.622458577156067
1.6051814556121826
1.6133488416671753
1.582465648651123
1.6068564653396606
1.5893068313598633
1.596782922744751
1.579347014427185
1.5470553636550903
1.571367859840393
1.563323736190796
1.6047605276107788
1.565544605255127
0
0
0
0
0
0
0
0
0
0
0
0
0
0
0
0
0
0
0
0
0
0
