0
0
2.9830875396728516
2.9127304553985596
2.886186122894287
2.841792583465576
2.8877370357513428
2.8984856605529785
3.0006492137908936
0
0
0
0
0
0
0
0
0
0
0
2.2163822650909424
1.1006484031677246
1.0621552467346191
1.0455702543258667
1.0410243272781372
1.038900375366211
1.0073962211608887
1.0148922204971313
1.0089833736419678
0.9918320178985596
0.9947963356971741
0.994517982006073
1.0263020992279053
1.0309029817581177
1.0336490869522095
1.0667349100112915
1.0922560691833496
0
0
0
0
0
0
0
0
0
0
0
0
0
0
0
0
0
2.5076425075531006
2.453577995300293
2.41960072517395
2.4340155124664307
2.427865743637085
2.456737518310547
2.4835002422332764
0
0
0
0
0
0
0
0
0
0
0
0
0
0
0
0
0
0
0
0
0
0
0
0
0
0
0
0
0.7851086258888245
0.7346514463424683
0.7266963720321655
0.6893054246902466
0.691103994846344
0.7001898884773254
0.6727597713470459
0.6643866896629333
0.6753537654876709
0.6674157381057739
0.651710033416748
0.6464853286743164
0.6652390956878662
0.6668990254402161
0.6669475436210632
0.6718441843986511
0.6461625695228577
0.6778807640075684
0.7006538510322571
0.7081419825553894
0.7180889248847961
0.7194900512695312
0.7623709440231323
0
0
0
0
0
0
0
0
0
0
0
0
0
0
0
0
0
0
0
0
0
0
0
0
0
0
0
0
0
0
0
0
0
0
0
0
0
0
0
0
0
0
0
0
0
0
0
0
0
0
0
0
0
0
0
0
0
0
0
0
1.4738953113555908
1.4670504331588745
1.4604283571243286
1.4323277473449707
1.4305155277252197
1.4383381605148315
1.4136426448822021
1.4586304426193237
1.4662480354309082
1.4688974618911743
1.5348800420761108
0
0
0
0
0
0
0
0
0
0
0
0
0
0
0
0
0
0
0
0
0
0
0
0
0
0
0
0
0
0
0
0
0
0
0
0
0
0
0
0
0
0
0
0
0
2.5862090587615967
2.5324623584747314
2.5335280895233154
2.5136823654174805
2.562103033065796
2.5841615200042725
0
0
0
0
0
0
0
0
0
0
0
0
0
0
0
0
0
0
0
0
0
0
0
0
0
0
0
0
0
3.0774998664855957
1.2694602012634277
1.2097221612930298
1.2058076858520508
1.1699955463409424
1.1724413633346558
1.1601818799972534
1.1772316694259644
1.1466597318649292
1.1530747413635254
1.1685532331466675
1.1668927669525146
1.1898624897003174
1.2012537717819214
1.246281385421753
0
0
0
0
0
0
0
0
0
0
0
0
0
0
0
0
2.9728281497955322
2.904738664627075
2.8700921535491943
2.8928349018096924
2.8982994556427
2.9270565509796143
0
0
0
0
0
0
0
0
0
0
0
0
0
0
0
0
0
0
0
0
0
0
0
0
0
0
0
2.512077569961548
1.4162297248840332
1.3704806566238403
1.3543269634246826
1.3640999794006348
1.3360058069229126
1.3063534498214722
1.3420335054397583
1.333834171295166
1.329959511756897
1.3439770936965942
1.3676117658615112
1.4170784950256348
0
0
0
0
0
0
0
0
0
0
0
0
0
0
0
0
0
0
0
0
