2.7783071994781494
2.7740941047668457
2.7676775455474854
2.7338290214538574
2.7175817489624023
2.7151710987091064
2.7060391902923584
2.6879947185516357
2.6795127391815186
2.6402103900909424
2.653564214706421
2.6464531421661377
2.6583456993103027
2.6537961959838867
2.6503520011901855
2.623373508453369
2.6377971172332764
2.6429443359375
1.1489827632904053
1.1262059211730957
1.101183295249939
1.1022469997406006
1.1021445989608765
1.0941522121429443
1.089951515197754
1.081905722618103
1.0855474472045898
1.094648003578186
1.1045807600021362
1.129628300666809
1.1267601251602173
1.1455824375152588
1.2060041427612305
2.7462971210479736
2.737006664276123
2.760897159576416
2.7576401233673096
2.78511905670166
2.7854855060577393
2.807041645050049
2.846100330352783
2.852296829223633
2.8786094188690186
2.9010987281799316
2.9186441898345947
2.9508907794952393
2.976308584213257
2.9925997257232666
3.0318102836608887
3.045362710952759
3.0829615592956543
3.12685227394104
3.153684377670288
3.2027244567871094
3.2415411472320557
3.2679431438446045
3.3305251598358154
3.3801214694976807
3.4263784885406494
3.4759888648986816
0
0
0
0
0
0
0
0
0
0
0
0
0
0
0
0
0
2.1998584270477295
2.1151819229125977
2.083660840988159
2.075753927230835
2.090430736541748
2.0978567600250244
2.1326775550842285
2.156261920928955
2.1717095375061035
2.1837594509124756
2.22930645942688
2.2570598125457764
2.309174060821533
2.328341245651245
2.36625337600708
2.383281946182251
2.4294240474700928
2.488454580307007
2.5170741081237793
2.5597643852233887
2.598935842514038
2.6694915294647217
2.709226608276367
2.7656681537628174
2.8410398960113525
2.8882710933685303
2.948530435562134
3.0302507877349854
3.100334405899048
3.1797001361846924
3.2674400806427
3.340177536010742
3.4573566913604736
0
0
0
0
0
0
0
0
0
0
2.1334733963012695
2.0660946369171143
2.060584545135498
2.0380585193634033
2.030385971069336
2.0294623374938965
2.0633926391601562
2.083683729171753
0
0
0
0
0
0
0
0
0
0
0
0
0
0
0
0
0
0
0
0
0
0
1.15463125705719
1.1242246627807617
1.096157193183899
1.08832585811615
1.0677868127822876
1.075196623802185
1.0635923147201538
1.0654300451278687
1.043825626373291
1.0768582820892334
1.0527890920639038
1.0768864154815674
1.103508472442627
1.1029671430587769
1.1590652465820312
2.9041390419006348
0
0
0
0
0
0
0
0
0
0
0
0
0
0
0
0
0
0
0
2.5696182250976562
2.560068368911743
2.5602877140045166
2.559756278991699
2.5617661476135254
2.5563464164733887
2.578977346420288
2.56453537940979
2.5713517665863037
2.5969460010528564
2.578781843185425
2.6148853302001953
2.609344482421875
2.6299331188201904
2.624584197998047
2.658679723739624
2.6646668910980225
2.6639044284820557
2.68290376663208
2.697688102722168
2.7172348499298096
2.721362590789795
2.752863883972168
2.775467872619629
2.80842924118042
2.8101301193237305
2.850862503051758
2.849560022354126
2.906759023666382
2.918318748474121
2.978925943374634
2.9913599491119385
3.0122461318969727
3.0462870597839355
3.0800201892852783
3.123957633972168
3.156919479370117
3.1842103004455566
3.2476165294647217
3.298090696334839
3.3367433547973633
3.375143527984619
3.446563959121704
0
0
0
0
0
0
0
1.2529723644256592
1.2274447679519653
1.2114286422729492
1.1978598833084106
1.1968268156051636
1.2007818222045898
1.1903482675552368
1.1854219436645508
1.194917917251587
1.186437726020813
1.223290205001831
1.207587480545044
1.2498196363449097
0
0
0
0
0
0
0
0
0
0
0
0
0
0
0
0
0
0
0
0
0
0
0
0
0
0
3.359135866165161
3.3210694789886475
3.3046345710754395
3.3247478008270264
3.3582680225372314
0
0
0
0
1.155094027519226
1.123785138130188
1.0804704427719116
1.0920337438583374
1.0758190155029297
1.045262098312378
1.0591460466384888
1.0561096668243408
1.068011999130249
1.0533031225204468
1.0705238580703735
1.0792121887207031
1.092978596687317
1.0907306671142578
1.1276668310165405
0
0
0
0
0
0
0
0
0
0
0
0
0
0
0
0
0
0
0
0
0
0
0
0
0
0
0
0
0
0
0
0
0
0
0
0
0
0
0
3.491990327835083
3.418536424636841
3.377927541732788
3.350435256958008
3.3041460514068604
3.2361178398132324
3.206670045852661
3.1570074558258057
3.139028787612915
3.1030938625335693
3.0877187252044678
3.0316128730773926
3.003019094467163
2.995662212371826
2.948751926422119
2.9164068698883057
2.9165847301483154
2.869147777557373
2.863025426864624
2.823181629180908
2.8164613246917725
2.795516014099121
2.796725273132324
