3.0920071601867676
2.9754111766815186
2.970089912414551
2.95133638381958
2.962017774581909
2.975806951522827
3.057997465133667
0
0
0
0
0
0
0
0
0
0
0
0
0
0
0
0
0
0
0
0
0
0
0
0
0
0
0
0
0
0
0
0
0
0
0
0
0
0
0
0
0
0
0
0
0
0
0
0
0
0
0
0
0
0
0
0
0
0
0
0
0
0
0
0
0
0
0
0
0
0
0
0
0
0
0
0
0
0
0
0
0
0
0
0
0
0
0
0
0
0
0
0
0
0
0
0
0
0
0
0
0
0
0
0
0
0
0
0
0
0
0
0
0
0
0
0
0
0
0
0
0
0
0
0
0
0
0
0
0
0
0
0
0
0
0
0
0
0
0
0
0
0
0
0
0
0
0
0
0
0
0
0
0
0
0
0
0
0
0
0
0
0
0
0
0
0
0
0
0
0
0
0
0
0
0
0
0
0
0
0
0
0
0
0
0
0
0
0
0
0
0
0
0
0
0
0
0
0
0
0
0
0
0
0
0
0
0
0
0
0
0
0
0
0
0
0
0
0
0
0
0
0
0
0
0
0
0
0
0
0
0
0
0
0
0
0
0
0
0
0
0
0
0
0
1.7029075622558594
1.6858819723129272
1.6555672883987427
1.642748475074768
1.6453354358673096
1.6514877080917358
1.66899573802948
1.68292236328125
1.6942269802093506
1.7694551944732666
0
0
0
0
0
0
0
0
0
0
0
0
0
0
0
0
0
0
0
0
0
0
0
0
0
0
0
0
0
0
0
0
0
0
0
0
0
0
0
0
0
0
0
0
0
0
0
0
0
0
0
0
0
0
0
1.077134132385254
1.0303893089294434
1.0027343034744263
0.9976568818092346
0.9688975214958191
0.9810768365859985
0.9547033905982971
0.9519465565681458
0.9591712355613708
0.9418566226959229
0.9374973177909851
0.9608511924743652
0.9584524631500244
0.9974585771560669
0.9972582459449768
1.0311594009399414
1.0728845596313477
0
0
0
0
0
0
0
0
0
0
0
0
0
0
0
0
0
0
0
0
0
0
0
0
0
0
0
