0
0
2.6912014484405518
2.628809690475464
2.6177940368652344
2.6026647090911865
2.6114511489868164
2.623110294342041
2.6605851650238037
0
0
0
0
0
0
0
0
0
0
0
0
0
0
0
0
0
0
0
0
0
0
0
0
0
0
0
0
0
0
0
0
0
0
0
0
0
0
0
0
0
0
0
0
0
0
0
0
1.8514920473098755
1.7804123163223267
1.7457677125930786
1.721031904220581
1.7133551836013794
1.7212835550308228
1.7227705717086792
1.725913643836975
1.7745153903961182
1.7938770055770874
0
0
0
0
0
0
0
0
0
0
0
0
0
0
0
0
0
0
0
0
0
0
0
0
0
0
0
0
0
0
0
0
0
0
0
0
0
0
0
2.25459361076355
2.2237277030944824
2.1943113803863525
2.197681188583374
2.201324701309204
2.202782392501831
2.2279093265533447
2.297701120376587
0
0
0
0
0
0
0
0
0
0
0
0
0
0
0
0
0
0
0
0
0
0
0
0
0
0
0
0
0
2.6261980533599854
2.5878982543945312
2.5513832569122314
2.602721929550171
2.605954170227051
2.6449832916259766
0
0
0
0
0
0
0
0
0
0
0
0
0
0
0
0
0
0
0
0
0
0
0
0
0
0
0
0
0
0
0
0
3.240596294403076
1.188674807548523
1.1181646585464478
1.1214479207992554
1.1011366844177246
1.0917434692382812
1.0920348167419434
1.0679097175598145
1.078620195388794
1.0838056802749634
1.075618863105774
1.0854928493499756
1.1208596229553223
1.1320033073425293
1.1513570547103882
1.2158857583999634
0
0
0
0
0
0
0
0
0
0
0
0
0
0
2.4972598552703857
2.415343761444092
2.402369260787964
2.3908491134643555
2.3945183753967285
2.397758722305298
2.431858539581299
0
0
0
0
0
0
0
0
0
0
0
0
0
0
0
0
0
0
0
0
0
0
0
0
0
0
1.9379652738571167
1.891083836555481
1.8668432235717773
1.8758318424224854
1.8581082820892334
1.8726924657821655
1.8793970346450806
1.8852072954177856
1.9441492557525635
0
0
0
0
0
0
0
0
0
0
0
0
0
3.3411412239074707
3.3017990589141846
3.2980363368988037
3.318464517593384
3.3522095680236816
0
0
0
0
0
0
0
0
1.6083872318267822
1.5497905015945435
1.5348858833312988
1.5050082206726074
1.4890694618225098
1.5038361549377441
1.48936927318573
1.4929476976394653
1.527418613433838
1.553257942199707
1.5964951515197754
0
0
0
0
0
0
0
0
0
0
0
0
0
0
0
0
0
0
0
0
0
0
0
0
0
0
0
0
0
0
0
0
0
0
0
0
2.6261494159698486
2.5481650829315186
1.0004992485046387
0.9472887516021729
0.9337074756622314
0.9162174463272095
0.9052072167396545
0.9033691883087158
0.8827802538871765
0.8675585985183716
0.8733105659484863
0.8764629364013672
0.8946047425270081
0.8862468600273132
0.9000548720359802
0.8994308114051819
0.9244205951690674
0.9045919179916382
0.9567391276359558
0.9763692021369934
0
0
0
0
0
0
0
0
0
0
0
0
0
0
