[-0.067, 2.15 , 0.187]
[-0.135, 2.17 , 0.187]
[-0.201, 2.147, 0.187]
[-0.274, 2.193, 0.187]
[-0.344, 2.195, 0.187]
[-0.516, 2.733, 0.187]
[-0.591, 2.671, 0.187]
[-0.67 , 2.635, 0.187]
[-0.747, 2.598, 0.187]
[-0.83 , 2.581, 0.187]
[-0.918, 2.577, 0.187]
[-1.031, 2.632, 0.187]
[-0.618, 1.444, 0.187]
[-0.65 , 1.397, 0.187]
[-0.69 , 1.369, 0.187]
[-0.726, 1.335, 0.187]
[-0.76 , 1.3  , 0.187]
[-0.81 , 1.292, 0.187]
[-0.84 , 1.252, 0.187]
[-0.883, 1.232, 0.187]
[-0.928, 1.213, 0.187]
[-0.974, 1.194, 0.187]
[-1.048, 1.206, 0.187]
[-1.689, 1.825, 0.187]
[-1.751, 1.778, 0.187]
[-0.707, 0.674, 0.187]
[-0.685, 0.614, 0.187]
[-0.708, 0.596, 0.187]
[-0.708, 0.559, 0.187]
[-0.714, 0.529, 0.187]
[-0.713, 0.495, 0.187]
[-0.719, 0.466, 0.187]
[-0.742, 0.449, 0.187]
[-0.747, 0.421, 0.187]
[-0.763, 0.399, 0.187]
[-0.783, 0.379, 0.187]
[-0.808, 0.361, 0.187]
[-0.814, 0.333, 0.187]
[-0.824, 0.308, 0.187]
[-0.843, 0.286, 0.187]
[-0.861, 0.262, 0.187]
[-0.898, 0.243, 0.187]
[-0.929, 0.221, 0.187]
[-1.905, 0.391, 0.187]
[-1.885, 0.326, 0.187]
[-1.891, 0.266, 0.187]
[-1.863, 0.204, 0.187]
[-1.866, 0.145, 0.187]
[-1.895, 0.088, 0.187]
[-1.893, 0.029, 0.187]
[-1.916,-0.03 , 0.187]
[-1.975,-0.092, 0.187]
[-3.1  ,-0.242, 0.187]
[-3.479,-0.38 , 0.187]
[-3.457,-0.487, 0.187]
[-3.447,-0.596, 0.187]
[-3.125,-0.641, 0.187]
[-3.081,-0.732, 0.187]
[-2.471,-0.669, 0.187]
[-2.394,-0.729, 0.187]
[-2.314,-0.784, 0.187]
[-2.243,-0.838, 0.187]
[-2.183,-0.894, 0.187]
[-2.107,-0.941, 0.187]
[-2.056,-0.996, 0.187]
[-1.956,-1.023, 0.187]
[-1.907,-1.075, 0.187]
[-1.827,-1.106, 0.187]
[-1.775,-1.151, 0.187]
[-1.696,-1.177, 0.187]
[-1.653,-1.224, 0.187]
[-1.583,-1.251, 0.187]
[-1.514,-1.275, 0.187]
[-1.459,-1.308, 0.187]
[-1.402,-1.338, 0.187]
[-1.349,-1.37 , 0.187]
[-1.275,-1.379, 0.187]
[-1.235,-1.421, 0.187]
[-1.171,-1.436, 0.187]
[-1.106,-1.445, 0.187]
[-1.052,-1.467, 0.187]
[-0.986,-1.47 , 0.187]
[-0.934,-1.489, 0.187]
[-0.879,-1.504, 0.187]
[-0.832,-1.532, 0.187]
[-0.767,-1.523, 0.187]
[-0.715,-1.536, 0.187]
[-0.664,-1.551, 0.187]
[-0.616,-1.574, 0.187]
[-0.562,-1.579, 0.187]
[-0.508,-1.581, 0.187]
[-0.457,-1.591, 0.187]
[-0.405,-1.595, 0.187]
[-0.351,-1.589, 0.187]
[-0.3  ,-1.587, 0.187]
[-0.25 ,-1.594, 0.187]
[-0.199,-1.593, 0.187]
[-0.149,-1.59 , 0.187]
[-0.098,-1.581, 0.187]
[-0.049,-1.58 , 0.187]
[ 0.   ,-1.582, 0.187]
[ 0.049,-1.583, 0.187]
[ 0.097,-1.555, 0.187]
[ 0.147,-1.572, 0.187]
[ 0.195,-1.558, 0.187]
[ 0.243,-1.547, 0.187]
[ 0.291,-1.54 , 0.187]
[ 0.336,-1.521, 0.187]
[ 0.384,-1.51 , 0.187]
[ 0.434,-1.509, 0.187]
[ 0.48 ,-1.493, 0.187]
[ 0.527,-1.479, 0.187]
[ 0.571,-1.457, 0.187]
[ 0.614,-1.434, 0.187]
[ 0.653,-1.403, 0.187]
[ 0.697,-1.384, 0.187]
[ 0.75 ,-1.381, 0.187]
[ 0.791,-1.354, 0.187]
[ 0.839,-1.339, 0.187]
[ 0.884,-1.317, 0.187]
[ 0.917,-1.279, 0.187]
[ 0.958,-1.251, 0.187]
[ 1.004,-1.23 , 0.187]
[ 1.038,-1.194, 0.187]
[ 1.082,-1.17 , 0.187]
[ 1.135,-1.153, 0.187]
[ 1.166,-1.113, 0.187]
[ 1.203,-1.079, 0.187]
[ 1.265,-1.065, 0.187]
[ 1.291,-1.02 , 0.187]
[ 1.324,-0.981, 0.187]
[ 1.375,-0.954, 0.187]
[ 1.427,-0.925, 0.187]
[ 1.447,-0.876, 0.187]
[ 1.503,-0.847, 0.187]
[ 1.55 ,-0.811, 0.187]
[ 1.559,-0.755, 0.187]
[ 1.63 ,-0.728, 0.187]
[ 1.652,-0.677, 0.187]
[ 1.682,-0.629, 0.187]
[ 1.729,-0.586, 0.187]
[ 1.751,-0.533, 0.187]
[ 1.794,-0.486, 0.187]
[ 1.81 ,-0.43 , 0.187]
[ 1.853,-0.38 , 0.187]
[ 1.877,-0.324, 0.187]
[ 1.933,-0.272, 0.187]
[ 1.965,-0.215, 0.187]
[ 1.979,-0.154, 0.187]
[ 2.015,-0.094, 0.187]
[ 2.05 ,-0.032, 0.187]
[2.077,0.032,0.187]
[2.099,0.098,0.187]
[2.145,0.167,0.187]
[2.292,0.251,0.187]
[2.279,0.321,0.187]
[1.012,0.175,0.187]
[0.962,0.197,0.187]
[0.948,0.225,0.187]
[0.922,0.25 ,0.187]
[0.896,0.273,0.187]
[0.89 ,0.301,0.187]
[0.865,0.323,0.187]
[0.842,0.345,0.187]
[0.834,0.373,0.187]
[0.833,0.404,0.187]
[0.804,0.421,0.187]
[0.805,0.454,0.187]
[0.82 ,0.496,0.187]
[0.785,0.509,0.187]
[0.794,0.551,0.187]
[0.789,0.584,0.187]
[0.794,0.628,0.187]
[2.368,1.994,0.187]
[2.264,2.03 ,0.187]
[2.204,2.103,0.187]
[2.137,2.17 ,0.187]
[2.089,2.258,0.187]
[2.065,2.376,0.187]
[1.315,1.612,0.187]
[1.226,1.602,0.187]
[1.16 ,1.617,0.187]
[1.112,1.658,0.187]
[1.049,1.674,0.187]
[1.007,1.723,0.187]
[0.961,1.768,0.187]
[0.911,1.809,0.187]
[0.601,1.292,0.187]
[0.552,1.29 ,0.187]
[0.497,1.27 ,0.187]
[0.458,1.286,0.187]
[0.422,1.312,0.187]
[0.376,1.306,0.187]
[0.332,1.308,0.187]
[0.294,1.328,0.187]
[0.25 ,1.326,0.187]
[0.214,1.363,0.187]
[0.173,1.382,0.187]
[0.135,1.442,0.187]
[0.136,2.176,0.187]
[0.067,2.161,0.187]
[0.   ,2.152,0.187]
