[-0.04 , 1.27 , 0.187]
[-0.076, 1.213, 0.187]
[-0.113, 1.208, 0.187]
[-0.147, 1.176, 0.187]
[-0.18 , 1.147, 0.187]
[-0.212, 1.123, 0.187]
[-0.249, 1.126, 0.187]
[-0.283, 1.115, 0.187]
[-0.322, 1.12 , 0.187]
[-0.35 , 1.088, 0.187]
[-0.394, 1.107, 0.187]
[-0.433, 1.107, 0.187]
[-0.472, 1.103, 0.187]
[-0.512, 1.1  , 0.187]
[-0.577, 1.145, 0.187]
[-0.314, 0.579, 0.187]
[-0.315, 0.539, 0.187]
[-0.317, 0.506, 0.187]
[-0.326, 0.486, 0.187]
[-0.346, 0.482, 0.187]
[-0.349, 0.456, 0.187]
[-0.354, 0.434, 0.187]
[-0.37 , 0.426, 0.187]
[-0.377, 0.407, 0.187]
[-0.373, 0.379, 0.187]
[-0.404, 0.385, 0.187]
[-0.413, 0.37 , 0.187]
[-0.426, 0.359, 0.187]
[-0.427, 0.338, 0.187]
[-0.44 , 0.326, 0.187]
[-0.455, 0.316, 0.187]
[-0.471, 0.306, 0.187]
[-0.467, 0.283, 0.187]
[-0.487, 0.275, 0.187]
[-0.516, 0.27 , 0.187]
[-0.519, 0.251, 0.187]
[-0.517, 0.231, 0.187]
[-0.534, 0.219, 0.187]
[-0.569, 0.213, 0.187]
[-0.597, 0.202, 0.187]
[-0.597, 0.182, 0.187]
[-1.433, 0.388, 0.187]
[-2.064, 0.491, 0.187]
[-2.014, 0.413, 0.187]
[-2.008, 0.347, 0.187]
[-2.028, 0.286, 0.187]
[-2.013, 0.22 , 0.187]
[-2.036, 0.159, 0.187]
[-2.061, 0.096, 0.187]
[-2.081, 0.032, 0.187]
[-2.146,-0.033, 0.187]
[-2.077,-0.097, 0.187]
[-2.033,-0.158, 0.187]
[-1.156,-0.126, 0.187]
[-1.117,-0.157, 0.187]
[-1.099,-0.19 , 0.187]
[-1.077,-0.221, 0.187]
[-1.063,-0.253, 0.187]
[-1.057,-0.286, 0.187]
[-1.029,-0.313, 0.187]
[-1.014,-0.344, 0.187]
[-1.013,-0.379, 0.187]
[-1.001,-0.41 , 0.187]
[-0.978,-0.437, 0.187]
[-0.986,-0.478, 0.187]
[-0.978,-0.512, 0.187]
[-0.973,-0.548, 0.187]
[-0.997,-0.603, 0.187]
[-1.65 ,-1.071, 0.187]
[-2.78 ,-1.929, 0.187]
[-0.722,-0.535, 0.187]
[-0.695,-0.549, 0.187]
[-0.654,-0.551, 0.187]
[-0.628,-0.563, 0.187]
[-0.6  ,-0.572, 0.187]
[-0.586,-0.596, 0.187]
[-0.555,-0.6  , 0.187]
[-0.544,-0.626, 0.187]
[-0.507,-0.622, 0.187]
[-0.498,-0.651, 0.187]
[-0.476,-0.663, 0.187]
[-0.465,-0.692, 0.187]
[-0.452,-0.721, 0.187]
[-0.432,-0.74 , 0.187]
[-0.407,-0.75 , 0.187]
[-0.393,-0.78 , 0.187]
[-0.37 ,-0.795, 0.187]
[-0.353,-0.824, 0.187]
[-1.227,-3.134, 0.187]
[-1.101,-3.09 , 0.187]
[-0.985,-3.064, 0.187]
[-0.881,-3.066, 0.187]
[-0.775,-3.048, 0.187]
[-0.666,-3.009, 0.187]
[-0.561,-2.969, 0.187]
[-0.462,-2.945, 0.187]
[-0.365,-2.917, 0.187]
[-0.271,-2.9  , 0.187]
[-0.179,-2.868, 0.187]
[-0.088,-2.837, 0.187]
[ 0.   ,-2.781, 0.187]
[ 0.086,-2.777, 0.187]
[ 0.17 ,-2.73 , 0.187]
[ 0.252,-2.695, 0.187]
[ 0.334,-2.668, 0.187]
[ 0.411,-2.623, 0.187]
[ 0.488,-2.586, 0.187]
[ 0.556,-2.513, 0.187]
[ 0.634,-2.495, 0.187]
[ 0.706,-2.457, 0.187]
[ 0.779,-2.424, 0.187]
[ 0.843,-2.368, 0.187]
[ 0.914,-2.334, 0.187]
[ 0.978,-2.285, 0.187]
[ 1.036,-2.226, 0.187]
[ 1.101,-2.185, 0.187]
[ 1.159,-2.133, 0.187]
[ 1.228,-2.102, 0.187]
[ 1.277,-2.037, 0.187]
[ 1.333,-1.987, 0.187]
[ 1.403,-1.957, 0.187]
[ 1.445,-1.889, 0.187]
[ 1.496,-1.834, 0.187]
[ 1.555,-1.789, 0.187]
[ 1.599,-1.729, 0.187]
[ 1.636,-1.662, 0.187]
[ 1.686,-1.61 , 0.187]
[ 1.722,-1.544, 0.187]
[ 1.787,-1.505, 0.187]
[ 1.825,-1.442, 0.187]
[ 1.849,-1.37 , 0.187]
[ 1.887,-1.309, 0.187]
[ 1.916,-1.243, 0.187]
[ 1.966,-1.19 , 0.187]
[ 2.001,-1.128, 0.187]
[ 2.026,-1.06 , 0.187]
[ 2.076,-1.006, 0.187]
[ 2.122,-0.948, 0.187]
[ 2.149,-0.88 , 0.187]
[ 2.182,-0.816, 0.187]
[ 2.19 ,-0.742, 0.187]
[ 2.245,-0.683, 0.187]
[ 2.275,-0.616, 0.187]
[ 2.273,-0.54 , 0.187]
[ 2.31 ,-0.473, 0.187]
[ 2.334,-0.403, 0.187]
[ 2.36 ,-0.333, 0.187]
[ 2.363,-0.258, 0.187]
[ 2.411,-0.188, 0.187]
[ 2.4  ,-0.112, 0.187]
[ 2.401,-0.037, 0.187]
[2.44 ,0.038,0.187]
[2.437,0.114,0.187]
[2.451,0.191,0.187]
[2.452,0.268,0.187]
[2.486,0.35 ,0.187]
[2.468,0.426,0.187]
[2.469,0.506,0.187]
[2.479,0.589,0.187]
[2.468,0.668,0.187]
[0.478,0.146,0.187]
[0.45 ,0.153,0.187]
[0.425,0.159,0.187]
[0.41 ,0.168,0.187]
[0.403,0.18 ,0.187]
[0.375,0.182,0.187]
[0.378,0.198,0.187]
[0.363,0.204,0.187]
[0.342,0.207,0.187]
[0.36 ,0.234,0.187]
[0.325,0.226,0.187]
[0.313,0.232,0.187]
[0.313,0.247,0.187]
[0.298,0.251,0.187]
[0.289,0.259,0.187]
[0.263,0.251,0.187]
[0.277,0.282,0.187]
[0.271,0.293,0.187]
[0.263,0.303,0.187]
[0.254,0.312,0.187]
[0.235,0.308,0.187]
[0.225,0.313,0.187]
[0.221,0.33 ,0.187]
[0.208,0.332,0.187]
[0.199,0.34 ,0.187]
[0.192,0.354,0.187]
[0.191,0.379,0.187]
[0.175,0.376,0.187]
[0.16 ,0.374,0.187]
[0.151,0.386,0.187]
[0.146,0.411,0.187]
[0.135,0.421,0.187]
[0.128,0.445,0.187]
[0.119,0.467,0.187]
[0.498,2.252,0.187]
[0.424,2.244,0.187]
[0.349,2.225,0.187]
[0.28 ,2.24 ,0.187]
[0.21 ,2.239,0.187]
[0.14 ,2.248,0.187]
[0.071,2.27 ,0.187]
[0.   ,2.334,0.187]
