[-0.067, 2.153, 0.187]
[-0.134, 2.155, 0.187]
[-0.202, 2.156, 0.187]
[-0.272, 2.177, 0.187]
[-0.344, 2.191, 0.187]
[-0.515, 2.727, 0.187]
[-0.589, 2.661, 0.187]
[-0.67 , 2.638, 0.187]
[-0.753, 2.619, 0.187]
[-0.837, 2.603, 0.187]
[-0.921, 2.586, 0.187]
[-1.03 , 2.629, 0.187]
[-0.618, 1.443, 0.187]
[-0.653, 1.404, 0.187]
[-0.677, 1.345, 0.187]
[-0.724, 1.332, 0.187]
[-0.756, 1.295, 0.187]
[-0.814, 1.298, 0.187]
[-0.841, 1.253, 0.187]
[-0.881, 1.228, 0.187]
[-0.922, 1.205, 0.187]
[-0.982, 1.204, 0.187]
[-1.063, 1.223, 0.187]
[-1.684, 1.82 , 0.187]
[-1.755, 1.782, 0.187]
[-0.702, 0.67 , 0.187]
[-0.699, 0.626, 0.187]
[-0.714, 0.601, 0.187]
[-0.704, 0.557, 0.187]
[-0.719, 0.533, 0.187]
[-0.717, 0.498, 0.187]
[-0.739, 0.48 , 0.187]
[-0.747, 0.452, 0.187]
[-0.757, 0.426, 0.187]
[-0.786, 0.411, 0.187]
[-0.775, 0.375, 0.187]
[-0.791, 0.353, 0.187]
[-0.791, 0.324, 0.187]
[-0.835, 0.312, 0.187]
[-0.852, 0.289, 0.187]
[-0.884, 0.269, 0.187]
[-0.911, 0.247, 0.187]
[-0.952, 0.226, 0.187]
[-1.899, 0.389, 0.187]
[-1.867, 0.322, 0.187]
[-1.883, 0.265, 0.187]
[-1.86 , 0.203, 0.187]
[-1.857, 0.145, 0.187]
[-1.869, 0.087, 0.187]
[-1.876, 0.029, 0.187]
[-1.923,-0.03 , 0.187]
[-1.97 ,-0.092, 0.187]
[-3.103,-0.242, 0.187]
[-3.479,-0.38 , 0.187]
[-3.449,-0.486, 0.187]
[-3.431,-0.593, 0.187]
[-3.147,-0.645, 0.187]
[-3.09 ,-0.734, 0.187]
[-2.48 ,-0.671, 0.187]
[-2.403,-0.731, 0.187]
[-2.325,-0.788, 0.187]
[-2.249,-0.841, 0.187]
[-2.173,-0.89 , 0.187]
[-2.103,-0.939, 0.187]
[-2.028,-0.982, 0.187]
[-1.949,-1.02 , 0.187]
[-1.906,-1.074, 0.187]
[-1.839,-1.113, 0.187]
[-1.791,-1.162, 0.187]
[-1.712,-1.188, 0.187]
[-1.653,-1.224, 0.187]
[-1.577,-1.246, 0.187]
[-1.512,-1.273, 0.187]
[-1.469,-1.317, 0.187]
[-1.397,-1.333, 0.187]
[-1.342,-1.363, 0.187]
[-1.281,-1.385, 0.187]
[-1.223,-1.408, 0.187]
[-1.166,-1.429, 0.187]
[-1.11 ,-1.45 , 0.187]
[-1.045,-1.457, 0.187]
[-1.003,-1.495, 0.187]
[-0.943,-1.505, 0.187]
[-0.887,-1.518, 0.187]
[-0.831,-1.53 , 0.187]
[-0.786,-1.561, 0.187]
[-0.722,-1.553, 0.187]
[-0.664,-1.552, 0.187]
[-0.614,-1.569, 0.187]
[-0.56 ,-1.572, 0.187]
[-0.509,-1.582, 0.187]
[-0.46 ,-1.6  , 0.187]
[-0.405,-1.593, 0.187]
[-0.352,-1.591, 0.187]
[-0.299,-1.582, 0.187]
[-0.25 ,-1.593, 0.187]
[-0.2  ,-1.595, 0.187]
[-0.149,-1.588, 0.187]
[-0.1  ,-1.599, 0.187]
[-0.05 ,-1.612, 0.187]
[ 0.   ,-1.581, 0.187]
[ 0.049,-1.567, 0.187]
[ 0.099,-1.582, 0.187]
[ 0.147,-1.571, 0.187]
[ 0.195,-1.56 , 0.187]
[ 0.241,-1.538, 0.187]
[ 0.288,-1.524, 0.187]
[ 0.336,-1.518, 0.187]
[ 0.384,-1.513, 0.187]
[ 0.435,-1.513, 0.187]
[ 0.474,-1.474, 0.187]
[ 0.52 ,-1.459, 0.187]
[ 0.569,-1.453, 0.187]
[ 0.612,-1.43 , 0.187]
[ 0.662,-1.423, 0.187]
[ 0.701,-1.392, 0.187]
[ 0.74 ,-1.363, 0.187]
[ 0.797,-1.365, 0.187]
[ 0.83 ,-1.324, 0.187]
[ 0.874,-1.303, 0.187]
[ 0.907,-1.265, 0.187]
[ 0.961,-1.255, 0.187]
[ 1.003,-1.23 , 0.187]
[ 1.054,-1.213, 0.187]
[ 1.082,-1.169, 0.187]
[ 1.133,-1.151, 0.187]
[ 1.17 ,-1.117, 0.187]
[ 1.211,-1.086, 0.187]
[ 1.259,-1.06 , 0.187]
[ 1.288,-1.018, 0.187]
[ 1.321,-0.979, 0.187]
[ 1.388,-0.963, 0.187]
[ 1.42 ,-0.921, 0.187]
[ 1.455,-0.881, 0.187]
[ 1.511,-0.852, 0.187]
[ 1.529,-0.8  , 0.187]
[ 1.568,-0.759, 0.187]
[ 1.625,-0.725, 0.187]
[ 1.635,-0.67 , 0.187]
[ 1.682,-0.629, 0.187]
[ 1.732,-0.587, 0.187]
[ 1.752,-0.533, 0.187]
[ 1.812,-0.491, 0.187]
[ 1.818,-0.432, 0.187]
[ 1.875,-0.384, 0.187]
[ 1.9  ,-0.328, 0.187]
[ 1.929,-0.272, 0.187]
[ 1.952,-0.213, 0.187]
[ 1.989,-0.155, 0.187]
[ 2.013,-0.094, 0.187]
[ 2.045,-0.032, 0.187]
[2.076,0.032,0.187]
[2.114,0.099,0.187]
[2.143,0.167,0.187]
[2.316,0.253,0.187]
[2.29 ,0.323,0.187]
[1.   ,0.173,0.187]
[0.962,0.197,0.187]
[0.941,0.224,0.187]
[0.925,0.25 ,0.187]
[0.908,0.276,0.187]
[0.883,0.299,0.187]
[0.883,0.33 ,0.187]
[0.868,0.356,0.187]
[0.85 ,0.38 ,0.187]
[0.832,0.403,0.187]
[0.811,0.425,0.187]
[0.821,0.463,0.187]
[0.799,0.484,0.187]
[0.812,0.527,0.187]
[0.79 ,0.548,0.187]
[0.794,0.588,0.187]
[0.804,0.636,0.187]
[2.352,1.98 ,0.187]
[2.265,2.031,0.187]
[2.188,2.088,0.187]
[2.139,2.172,0.187]
[2.09 ,2.259,0.187]
[2.069,2.38 ,0.187]
[1.32 ,1.618,0.187]
[1.23 ,1.608,0.187]
[1.163,1.622,0.187]
[1.109,1.653,0.187]
[1.046,1.668,0.187]
[1.   ,1.712,0.187]
[0.963,1.772,0.187]
[0.908,1.804,0.187]
[0.608,1.307,0.187]
[0.555,1.298,0.187]
[0.503,1.284,0.187]
[0.455,1.279,0.187]
[0.415,1.29 ,0.187]
[0.373,1.297,0.187]
[0.334,1.313,0.187]
[0.294,1.329,0.187]
[0.25 ,1.326,0.187]
[0.213,1.359,0.187]
[0.175,1.396,0.187]
[0.134,1.431,0.187]
[0.136,2.182,0.187]
[0.067,2.142,0.187]
[0.   ,2.169,0.187]
