[-0.054, 1.789, 0.187]
[-0.105, 1.755, 0.187]
[-0.078, 0.867, 0.187]
[-0.099, 0.821, 0.187]
[-0.119, 0.789, 0.187]
[-0.139, 0.766, 0.187]
[-0.161, 0.755, 0.187]
[-0.179, 0.734, 0.187]
[-0.2  , 0.725, 0.187]
[-0.219, 0.711, 0.187]
[-0.245, 0.718, 0.187]
[-0.259, 0.689, 0.187]
[-0.281, 0.687, 0.187]
[-0.301, 0.675, 0.187]
[-0.32 , 0.665, 0.187]
[-0.344, 0.662, 0.187]
[-0.36 , 0.646, 0.187]
[-0.382, 0.64 , 0.187]
[-0.411, 0.643, 0.187]
[-0.432, 0.633, 0.187]
[-0.455, 0.627, 0.187]
[-0.483, 0.625, 0.187]
[-0.521, 0.634, 0.187]
[-1.073, 1.228, 0.187]
[-1.101, 1.187, 0.187]
[-1.284, 1.303, 0.187]
[-1.292, 1.236, 0.187]
[-1.31 , 1.18 , 0.187]
[-1.328, 1.125, 0.187]
[-1.36 , 1.084, 0.187]
[-0.55 , 0.412, 0.187]
[-0.536, 0.377, 0.187]
[-0.547, 0.361, 0.187]
[-0.552, 0.341, 0.187]
[-0.536, 0.31 , 0.187]
[-0.543, 0.292, 0.187]
[-0.545, 0.273, 0.187]
[-0.54 , 0.25 , 0.187]
[-0.548, 0.234, 0.187]
[-0.557, 0.219, 0.187]
[-0.582, 0.209, 0.187]
[-0.563, 0.183, 0.187]
[-0.567, 0.166, 0.187]
[-0.577, 0.15 , 0.187]
[-0.577, 0.132, 0.187]
[-0.591, 0.116, 0.187]
[-0.595, 0.099, 0.187]
[-0.6  , 0.081, 0.187]
[-0.613, 0.064, 0.187]
[-0.605, 0.045, 0.187]
[-0.639, 0.029, 0.187]
[-0.63 , 0.009, 0.187]
[-0.644,-0.01 , 0.187]
[-0.661,-0.03 , 0.187]
[-0.711,-0.053, 0.187]
[-3.297,-0.346, 0.187]
[-3.261,-0.442, 0.187]
[-3.191,-0.53 , 0.187]
[-3.137,-0.618, 0.187]
[-3.089,-0.705, 0.187]
[-3.026,-0.787, 0.187]
[-2.958,-0.864, 0.187]
[-2.896,-0.941, 0.187]
[-2.815,-1.009, 0.187]
[-2.762,-1.084, 0.187]
[-2.703,-1.155, 0.187]
[-2.638,-1.222, 0.187]
[-2.588,-1.294, 0.187]
[-2.503,-1.347, 0.187]
[-2.445,-1.412, 0.187]
[-2.406,-1.487, 0.187]
[-2.332,-1.539, 0.187]
[-2.271,-1.598, 0.187]
[-2.199,-1.648, 0.187]
[-2.127,-1.696, 0.187]
[-2.064,-1.749, 0.187]
[-2.002,-1.802, 0.187]
[-1.937,-1.852, 0.187]
[-1.861,-1.889, 0.187]
[-1.796,-1.936, 0.187]
[-1.737,-1.988, 0.187]
[-1.66 ,-2.019, 0.187]
[-1.602,-2.072, 0.187]
[-1.524,-2.097, 0.187]
[-1.462,-2.144, 0.187]
[-1.396,-2.185, 0.187]
[-1.326,-2.22 , 0.187]
[-1.245,-2.233, 0.187]
[-1.185,-2.283, 0.187]
[-1.1  ,-2.283, 0.187]
[-1.041,-2.339, 0.187]
[-0.968,-2.362, 0.187]
[-0.892,-2.378, 0.187]
[-0.824,-2.412, 0.187]
[-0.744,-2.411, 0.187]
[-0.671,-2.432, 0.187]
[-0.605,-2.48 , 0.187]
[-0.53 ,-2.492, 0.187]
[-0.453,-2.495, 0.187]
[-0.376,-2.494, 0.187]
[-0.304,-2.525, 0.187]
[-0.23 ,-2.553, 0.187]
[-0.153,-2.548, 0.187]
[-0.077,-2.561, 0.187]
[ 0.   ,-2.578, 0.187]
[ 0.077,-2.579, 0.187]
[ 0.155,-2.581, 0.187]
[ 0.234,-2.597, 0.187]
[ 0.314,-2.615, 0.187]
[ 0.393,-2.608, 0.187]
[ 0.471,-2.594, 0.187]
[ 0.553,-2.6  , 0.187]
[ 0.636,-2.605, 0.187]
[ 0.715,-2.59 , 0.187]
[ 0.79 ,-2.56 , 0.187]
[ 0.88 ,-2.576, 0.187]
[ 0.961,-2.561, 0.187]
[ 1.036,-2.527, 0.187]
[ 1.128,-2.532, 0.187]
[ 1.215,-2.523, 0.187]
[ 1.306,-2.517, 0.187]
[ 1.373,-2.462, 0.187]
[ 1.462,-2.448, 0.187]
[ 1.55 ,-2.426, 0.187]
[ 0.456,-0.668, 0.187]
[ 0.452,-0.622, 0.187]
[ 0.456,-0.589, 0.187]
[ 0.467,-0.568, 0.187]
[ 0.482,-0.552, 0.187]
[ 0.491,-0.529, 0.187]
[ 0.501,-0.508, 0.187]
[ 0.497,-0.475, 0.187]
[ 0.511,-0.461, 0.187]
[ 0.539,-0.457, 0.187]
[ 0.554,-0.442, 0.187]
[ 0.555,-0.416, 0.187]
[ 0.563,-0.396, 0.187]
[ 0.586,-0.387, 0.187]
[ 0.59 ,-0.365, 0.187]
[ 0.63 ,-0.364, 0.187]
[ 0.625,-0.337, 0.187]
[ 0.644,-0.322, 0.187]
[ 0.669,-0.31 , 0.187]
[ 0.693,-0.296, 0.187]
[ 0.706,-0.277, 0.187]
[ 0.775,-0.278, 0.187]
[ 2.245,-0.729, 0.187]
[ 2.229,-0.651, 0.187]
[ 2.218,-0.576, 0.187]
[ 2.23 ,-0.509, 0.187]
[ 2.253,-0.444, 0.187]
[ 2.281,-0.379, 0.187]
[ 2.366,-0.321, 0.187]
[ 0.514,-0.054, 0.187]
[ 0.481,-0.036, 0.187]
[ 0.434,-0.019, 0.187]
[ 0.431,-0.006, 0.187]
[0.432,0.006,0.187]
[0.431,0.019,0.187]
[0.42 ,0.031,0.187]
[0.421,0.044,0.187]
[0.382,0.052,0.187]
[0.403,0.067,0.187]
[0.403,0.079,0.187]
[0.383,0.087,0.187]
[0.372,0.097,0.187]
[0.375,0.109,0.187]
[0.369,0.12 ,0.187]
[0.372,0.133,0.187]
[0.373,0.146,0.187]
[0.357,0.153,0.187]
[0.373,0.173,0.187]
[0.355,0.177,0.187]
[0.353,0.19 ,0.187]
[0.346,0.2  ,0.187]
[0.35 ,0.217,0.187]
[0.338,0.223,0.187]
[0.341,0.24 ,0.187]
[0.342,0.257,0.187]
[0.325,0.26 ,0.187]
[0.329,0.279,0.187]
[0.313,0.282,0.187]
[0.313,0.3  ,0.187]
[0.329,0.334,0.187]
[0.32 ,0.345,0.187]
[0.316,0.361,0.187]
[0.789,0.96 ,0.187]
[0.737,0.953,0.187]
[0.708,0.974,0.187]
[0.654,0.959,0.187]
[0.639,1.001,0.187]
[0.599,1.003,0.187]
[0.565,1.014,0.187]
[0.537,1.035,0.187]
[0.514,1.066,0.187]
[0.477,1.071,0.187]
[0.451,1.101,0.187]
[0.427,1.137,0.187]
[0.404,1.182,0.187]
[0.382,1.239,0.187]
[0.482,1.746,0.187]
[0.428,1.755,0.187]
[0.37 ,1.741,0.187]
[0.317,1.747,0.187]
[0.26 ,1.726,0.187]
[0.212,1.764,0.187]
[0.16 ,1.775,0.187]
[0.106,1.775,0.187]
[0.054,1.802,0.187]
[0.   ,1.885,0.187]
