[-0.032, 1.123, 0.187]
[-0.063, 1.095, 0.187]
[-0.092, 1.06 , 0.187]
[-0.122, 1.051, 0.187]
[-0.152, 1.049, 0.187]
[-0.179, 1.024, 0.187]
[-0.207, 1.014, 0.187]
[-0.235, 1.002, 0.187]
[-0.262, 0.988, 0.187]
[-0.297, 1.002, 0.187]
[-0.321, 0.979, 0.187]
[-0.353, 0.979, 0.187]
[-0.389, 0.989, 0.187]
[-0.431, 1.009, 0.187]
[-0.464, 1.005, 0.187]
[-0.167, 0.337, 0.187]
[-0.163, 0.305, 0.187]
[-0.165, 0.289, 0.187]
[-0.167, 0.273, 0.187]
[-0.166, 0.255, 0.187]
[-0.185, 0.267, 0.187]
[-0.179, 0.244, 0.187]
[-0.185, 0.236, 0.187]
[-0.193, 0.233, 0.187]
[-0.198, 0.226, 0.187]
[-0.206, 0.221, 0.187]
[-0.195, 0.198, 0.187]
[-0.205, 0.197, 0.187]
[-0.219, 0.198, 0.187]
[-0.211, 0.18 , 0.187]
[-0.211, 0.17 , 0.187]
[-0.23 , 0.174, 0.187]
[-0.233, 0.166, 0.187]
[-0.235, 0.158, 0.187]
[-0.245, 0.154, 0.187]
[-0.233, 0.137, 0.187]
[-0.25 , 0.138, 0.187]
[-0.244, 0.126, 0.187]
[-0.254, 0.122, 0.187]
[-0.244, 0.108, 0.187]
[-0.263, 0.108, 0.187]
[-0.266, 0.1  , 0.187]
[-0.262, 0.09 , 0.187]
[-0.272, 0.085, 0.187]
[-0.268, 0.075, 0.187]
[-0.279, 0.07 , 0.187]
[-0.276, 0.061, 0.187]
[-0.299, 0.057, 0.187]
[-0.311, 0.05 , 0.187]
[-0.294, 0.038, 0.187]
[-0.31 , 0.031, 0.187]
[-0.301, 0.022, 0.187]
[-0.303, 0.013, 0.187]
[-0.315, 0.005, 0.187]
[-0.319,-0.005, 0.187]
[-0.339,-0.015, 0.187]
[-0.344,-0.025, 0.187]
[-0.376,-0.038, 0.187]
[-0.927,-0.121, 0.187]
[-0.891,-0.142, 0.187]
[-0.866,-0.164, 0.187]
[-0.837,-0.184, 0.187]
[-0.819,-0.205, 0.187]
[-0.81 ,-0.228, 0.187]
[-0.796,-0.248, 0.187]
[-0.775,-0.267, 0.187]
[-0.774,-0.292, 0.187]
[-0.766,-0.314, 0.187]
[-0.752,-0.334, 0.187]
[-0.74 ,-0.354, 0.187]
[-0.744,-0.383, 0.187]
[-0.738,-0.408, 0.187]
[-0.741,-0.437, 0.187]
[-0.721,-0.454, 0.187]
[-0.71 ,-0.476, 0.187]
[-0.74 ,-0.528, 0.187]
[-0.743,-0.563, 0.187]
[-2.657,-2.136, 0.187]
[-2.587,-2.207, 0.187]
[-2.514,-2.272, 0.187]
[-2.437,-2.334, 0.187]
[-2.348,-2.383, 0.187]
[-2.269,-2.439, 0.187]
[-2.193,-2.498, 0.187]
[-2.099,-2.535, 0.187]
[-2.027,-2.596, 0.187]
[-1.951,-2.652, 0.187]
[-1.854,-2.679, 0.187]
[-1.777,-2.734, 0.187]
[-1.692,-2.775, 0.187]
[-1.612,-2.823, 0.187]
[-1.528,-2.865, 0.187]
[-1.446,-2.91 , 0.187]
[-1.362,-2.951, 0.187]
[-1.272,-2.978, 0.187]
[-1.184,-3.01 , 0.187]
[-1.104,-3.065, 0.187]
[-1.015,-3.092, 0.187]
[-0.92 ,-3.102, 0.187]
[-0.831,-3.132, 0.187]
[-0.743,-3.165, 0.187]
[-0.652,-3.19 , 0.187]
[-0.561,-3.214, 0.187]
[-0.467,-3.218, 0.187]
[-0.38 ,-3.281, 0.187]
[-0.283,-3.259, 0.187]
[-0.189,-3.284, 0.187]
[-0.095,-3.311, 0.187]
[ 0.   ,-3.307, 0.187]
[ 0.097,-3.358, 0.187]
[ 0.194,-3.354, 0.187]
[ 0.292,-3.369, 0.187]
[ 0.391,-3.374, 0.187]
[ 0.493,-3.396, 0.187]
[ 0.596,-3.411, 0.187]
[ 0.693,-3.39 , 0.187]
[ 0.797,-3.393, 0.187]
[ 0.369,-1.391, 0.187]
[ 0.399,-1.346, 0.187]
[ 0.425,-1.294, 0.187]
[ 0.458,-1.271, 0.187]
[ 0.495,-1.26 , 0.187]
[ 0.527,-1.236, 0.187]
[ 0.555,-1.203, 0.187]
[ 0.59 ,-1.187, 0.187]
[ 0.626,-1.174, 0.187]
[ 0.671,-1.176, 0.187]
[ 0.72 ,-1.181, 0.187]
[ 0.769,-1.183, 0.187]
[ 0.305,-0.441, 0.187]
[ 0.315,-0.428, 0.187]
[ 0.304,-0.389, 0.187]
[ 0.307,-0.371, 0.187]
[ 0.319,-0.363, 0.187]
[ 0.316,-0.339, 0.187]
[ 0.325,-0.33 , 0.187]
[ 0.329,-0.315, 0.187]
[ 0.332,-0.3  , 0.187]
[ 0.343,-0.293, 0.187]
[ 0.359,-0.288, 0.187]
[ 0.362,-0.274, 0.187]
[ 0.371,-0.264, 0.187]
[ 0.363,-0.243, 0.187]
[ 0.367,-0.231, 0.187]
[ 0.368,-0.217, 0.187]
[ 0.374,-0.207, 0.187]
[ 0.399,-0.206, 0.187]
[ 0.394,-0.189, 0.187]
[ 0.404,-0.179, 0.187]
[ 0.411,-0.168, 0.187]
[ 0.419,-0.158, 0.187]
[ 0.432,-0.149, 0.187]
[ 0.448,-0.14 , 0.187]
[ 0.457,-0.128, 0.187]
[ 0.443,-0.111, 0.187]
[ 0.469,-0.103, 0.187]
[ 0.475,-0.09 , 0.187]
[ 0.506,-0.081, 0.187]
[ 0.524,-0.068, 0.187]
[ 0.538,-0.054, 0.187]
[ 1.021,-0.074, 0.187]
[ 0.998,-0.043, 0.187]
[ 1.   ,-0.014, 0.187]
[0.957,0.014,0.187]
[0.963,0.042,0.187]
[0.947,0.068,0.187]
[0.934,0.095,0.187]
[0.903,0.118,0.187]
[0.909,0.145,0.187]
[0.902,0.171,0.187]
[0.92 ,0.202,0.187]
[0.914,0.228,0.187]
[0.914,0.257,0.187]
[0.912,0.285,0.187]
[0.919,0.316,0.187]
[0.937,0.353,0.187]
[0.981,0.402,0.187]
[0.634,0.282,0.187]
[0.578,0.277,0.187]
[0.569,0.293,0.187]
[0.541,0.299,0.187]
[0.53 ,0.313,0.187]
[0.516,0.325,0.187]
[0.5  ,0.335,0.187]
[0.487,0.347,0.187]
[0.465,0.353,0.187]
[0.466,0.375,0.187]
[0.444,0.379,0.187]
[0.432,0.39 ,0.187]
[0.425,0.407,0.187]
[0.417,0.423,0.187]
[0.388,0.417,0.187]
[0.393,0.448,0.187]
[0.388,0.468,0.187]
[0.365,0.467,0.187]
[0.347,0.472,0.187]
[0.342,0.494,0.187]
[0.335,0.515,0.187]
[0.328,0.538,0.187]
[0.32 ,0.56 ,0.187]
[0.314,0.589,0.187]
[0.313,0.63 ,0.187]
[0.483,1.047,0.187]
[0.434,1.015,0.187]
[0.392,0.996,0.187]
[0.358,0.995,0.187]
[0.329,1.002,0.187]
[0.292,0.985,0.187]
[0.265,0.999,0.187]
[0.233,0.992,0.187]
[0.201,0.985,0.187]
[0.176,1.01 ,0.187]
[0.148,1.02 ,0.187]
[0.119,1.026,0.187]
[0.091,1.054,0.187]
[0.061,1.054,0.187]
[0.031,1.079,0.187]
[0.   ,1.098,0.187]
