[-0.061, 1.968, 0.187]
[-0.122, 1.96 , 0.187]
[-0.181, 1.943, 0.187]
[-0.24 , 1.931, 0.187]
[-0.301, 1.928, 0.187]
[-0.36 , 1.917, 0.187]
[-0.421, 1.915, 0.187]
[-0.497, 1.965, 0.187]
[-0.719, 2.513, 0.187]
[-0.776, 2.428, 0.187]
[-0.839, 2.368, 0.187]
[-0.91 , 2.336, 0.187]
[-0.978, 2.297, 0.187]
[-1.061, 2.294, 0.187]
[-1.144, 2.285, 0.187]
[-0.683, 1.265, 0.187]
[-0.692, 1.192, 0.187]
[-0.717, 1.151, 0.187]
[-0.75 , 1.125, 0.187]
[-0.757, 1.062, 0.187]
[-0.809, 1.065, 0.187]
[-0.831, 1.025, 0.187]
[-0.859, 0.996, 0.187]
[-0.891, 0.97 , 0.187]
[-0.917, 0.939, 0.187]
[-0.97 , 0.933, 0.187]
[-1.023, 0.925, 0.187]
[-1.074, 0.912, 0.187]
[-1.831, 1.46 , 0.187]
[-1.923, 1.439, 0.187]
[-0.669, 0.469, 0.187]
[-0.657, 0.431, 0.187]
[-0.645, 0.395, 0.187]
[-0.657, 0.375, 0.187]
[-0.664, 0.352, 0.187]
[-0.677, 0.333, 0.187]
[-0.675, 0.306, 0.187]
[-0.685, 0.285, 0.187]
[-0.692, 0.263, 0.187]
[-0.69 , 0.238, 0.187]
[-0.702, 0.218, 0.187]
[-0.705, 0.196, 0.187]
[-0.715, 0.175, 0.187]
[-0.706, 0.15 , 0.187]
[-0.732, 0.132, 0.187]
[-0.741, 0.11 , 0.187]
[-0.759, 0.088, 0.187]
[-0.757, 0.065, 0.187]
[-0.784, 0.043, 0.187]
[-0.802, 0.019, 0.187]
[-0.844,-0.007, 0.187]
[-1.889,-0.073, 0.187]
[-1.84 ,-0.128, 0.187]
[-1.83 ,-0.185, 0.187]
[-1.792,-0.237, 0.187]
[-1.776,-0.291, 0.187]
[-1.785,-0.35 , 0.187]
[-1.784,-0.407, 0.187]
[-1.765,-0.461, 0.187]
[-1.796,-0.529, 0.187]
[-3.32 ,-1.09 , 0.187]
[-3.29 ,-1.194, 0.187]
[-3.251,-1.295, 0.187]
[-3.061,-1.331, 0.187]
[-2.942,-1.389, 0.187]
[-2.406,-1.228, 0.187]
[-2.33 ,-1.282, 0.187]
[-2.241,-1.325, 0.187]
[-2.162,-1.37 , 0.187]
[-2.078,-1.409, 0.187]
[-1.994,-1.444, 0.187]
[-1.912,-1.477, 0.187]
[-1.834,-1.51 , 0.187]
[-1.765,-1.547, 0.187]
[-1.7  ,-1.586, 0.187]
[-1.62 ,-1.608, 0.187]
[-1.533,-1.618, 0.187]
[-1.474,-1.656, 0.187]
[-1.412,-1.689, 0.187]
[-1.34 ,-1.707, 0.187]
[-1.266,-1.72 , 0.187]
[-1.197,-1.737, 0.187]
[-1.135,-1.76 , 0.187]
[-1.065,-1.77 , 0.187]
[-0.992,-1.77 , 0.187]
[-0.929,-1.786, 0.187]
[-0.872,-1.812, 0.187]
[-0.811,-1.827, 0.187]
[-0.74 ,-1.817, 0.187]
[-0.683,-1.837, 0.187]
[-0.62 ,-1.839, 0.187]
[-0.556,-1.835, 0.187]
[-0.498,-1.848, 0.187]
[-0.437,-1.847, 0.187]
[-0.373,-1.83 , 0.187]
[-0.317,-1.846, 0.187]
[-0.26 ,-1.852, 0.187]
[-0.201,-1.847, 0.187]
[-0.142,-1.832, 0.187]
[-0.085,-1.838, 0.187]
[-0.028,-1.811, 0.187]
[ 0.028,-1.83 , 0.187]
[ 0.084,-1.806, 0.187]
[ 0.137,-1.769, 0.187]
[ 0.195,-1.792, 0.187]
[ 0.248,-1.77 , 0.187]
[ 0.304,-1.77 , 0.187]
[ 0.357,-1.751, 0.187]
[ 0.409,-1.731, 0.187]
[ 0.465,-1.728, 0.187]
[ 0.516,-1.705, 0.187]
[ 0.568,-1.685, 0.187]
[ 0.616,-1.658, 0.187]
[ 0.663,-1.628, 0.187]
[ 0.718,-1.617, 0.187]
[ 0.765,-1.589, 0.187]
[ 0.822,-1.579, 0.187]
[ 0.866,-1.545, 0.187]
[ 0.916,-1.523, 0.187]
[ 0.966,-1.498, 0.187]
[ 1.   ,-1.45 , 0.187]
[ 1.059,-1.439, 0.187]
[ 1.098,-1.398, 0.187]
[ 1.155,-1.382, 0.187]
[ 1.19 ,-1.337, 0.187]
[ 1.225,-1.293, 0.187]
[ 1.28 ,-1.271, 0.187]
[ 1.323,-1.234, 0.187]
[ 1.374,-1.204, 0.187]
[ 1.411,-1.162, 0.187]
[ 1.456,-1.125, 0.187]
[ 1.489,-1.078, 0.187]
[ 1.557,-1.055, 0.187]
[ 1.607,-1.018, 0.187]
[ 1.659,-0.981, 0.187]
[ 1.673,-0.92 , 0.187]
[ 1.702,-0.869, 0.187]
[ 1.767,-0.834, 0.187]
[ 1.774,-0.771, 0.187]
[ 1.831,-0.729, 0.187]
[ 1.87 ,-0.679, 0.187]
[ 1.903,-0.625, 0.187]
[ 1.949,-0.574, 0.187]
[ 1.985,-0.518, 0.187]
[ 1.995,-0.455, 0.187]
[ 2.043,-0.4  , 0.187]
[ 2.059,-0.338, 0.187]
[ 2.101,-0.278, 0.187]
[ 2.14 ,-0.216, 0.187]
[ 2.177,-0.152, 0.187]
[ 2.213,-0.086, 0.187]
[ 2.234,-0.017, 0.187]
[2.261,0.052,0.187]
[2.259,0.122,0.187]
[0.911,0.078,0.187]
[0.853,0.099,0.187]
[0.833,0.123,0.187]
[0.818,0.147,0.187]
[0.806,0.171,0.187]
[0.789,0.193,0.187]
[0.773,0.215,0.187]
[0.755,0.235,0.187]
[0.754,0.261,0.187]
[0.746,0.284,0.187]
[0.731,0.304,0.187]
[0.742,0.336,0.187]
[0.718,0.353,0.187]
[0.704,0.373,0.187]
[0.706,0.403,0.187]
[0.695,0.425,0.187]
[0.696,0.456,0.187]
[0.702,0.492,0.187]
[0.709,0.53 ,0.187]
[0.743,0.593,0.187]
[2.234,1.898,0.187]
[2.127,1.923,0.187]
[2.064,1.986,0.187]
[1.999,2.046,0.187]
[1.95 ,2.124,0.187]
[1.9  ,2.202,0.187]
[1.209,1.492,0.187]
[1.108,1.457,0.187]
[1.045,1.467,0.187]
[0.996,1.494,0.187]
[0.942,1.513,0.187]
[0.898,1.546,0.187]
[0.853,1.579,0.187]
[0.804,1.605,0.187]
[0.523,1.131,0.187]
[0.474,1.114,0.187]
[0.431,1.107,0.187]
[0.385,1.088,0.187]
[0.354,1.108,0.187]
[0.315,1.1  ,0.187]
[0.281,1.11 ,0.187]
[0.244,1.11 ,0.187]
[0.213,1.134,0.187]
[0.176,1.13 ,0.187]
[0.141,1.135,0.187]
[0.108,1.163,0.187]
[0.073,1.18 ,0.187]
[0.038,1.212,0.187]
[0.   ,1.273,0.187]
