[-0.04 , 1.067, 0.187]
[-0.081, 1.07 , 0.187]
[-0.199, 1.743, 0.187]
[-0.257, 1.681, 0.187]
[-0.317, 1.655, 0.187]
[-0.38 , 1.644, 0.187]
[-0.435, 1.603, 0.187]
[-0.496, 1.586, 0.187]
[-0.562, 1.584, 0.187]
[-0.623, 1.567, 0.187]
[-0.685, 1.55 , 0.187]
[-0.761, 1.559, 0.187]
[-0.559, 1.044, 0.187]
[-0.578, 0.987, 0.187]
[-0.592, 0.929, 0.187]
[-0.615, 0.888, 0.187]
[-0.646, 0.862, 0.187]
[-0.674, 0.831, 0.187]
[-0.698, 0.797, 0.187]
[-0.722, 0.764, 0.187]
[-0.752, 0.738, 0.187]
[-0.777, 0.707, 0.187]
[-0.822, 0.692, 0.187]
[-0.847, 0.66 , 0.187]
[-0.884, 0.637, 0.187]
[-0.936, 0.622, 0.187]
[-0.985, 0.602, 0.187]
[-1.539, 0.863, 0.187]
[-1.54 , 0.788, 0.187]
[-1.534, 0.713, 0.187]
[-1.561, 0.655, 0.187]
[-1.575, 0.592, 0.187]
[-1.597, 0.532, 0.187]
[-1.599, 0.467, 0.187]
[-1.63 , 0.409, 0.187]
[-1.686, 0.356, 0.187]
[-1.758, 0.302, 0.187]
[-2.491, 0.332, 0.187]
[-1.053, 0.1  , 0.187]
[-1.007, 0.057, 0.187]
[-0.991, 0.019, 0.187]
[-0.969,-0.018, 0.187]
[-0.953,-0.054, 0.187]
[-0.949,-0.09 , 0.187]
[-0.912,-0.122, 0.187]
[-0.907,-0.156, 0.187]
[-0.934,-0.197, 0.187]
[-0.914,-0.23 , 0.187]
[-0.903,-0.264, 0.187]
[-0.898,-0.299, 0.187]
[-0.891,-0.335, 0.187]
[-0.882,-0.37 , 0.187]
[-0.886,-0.412, 0.187]
[-0.904,-0.463, 0.187]
[-0.901,-0.505, 0.187]
[-1.635,-1.   , 0.187]
[-1.562,-1.039, 0.187]
[-1.509,-1.088, 0.187]
[-1.448,-1.129, 0.187]
[-1.421,-1.197, 0.187]
[-1.364,-1.241, 0.187]
[-1.33 ,-1.305, 0.187]
[-1.294,-1.37 , 0.187]
[-1.279,-1.461, 0.187]
[-1.744,-2.15 , 0.187]
[-1.782,-2.376, 0.187]
[-1.017,-1.469, 0.187]
[-0.937,-1.469, 0.187]
[-0.884,-1.51 , 0.187]
[-0.819,-1.527, 0.187]
[-0.769,-1.576, 0.187]
[-0.701,-1.585, 0.187]
[-0.122,-0.306, 0.187]
[-0.116,-0.328, 0.187]
[-0.085,-0.273, 0.187]
[-0.077,-0.285, 0.187]
[-0.069,-0.298, 0.187]
[-0.053,-0.279, 0.187]
[-0.041,-0.268, 0.187]
[-0.032,-0.283, 0.187]
[-0.022,-0.295, 0.187]
[-0.01 ,-0.27 , 0.187]
[ 0.   ,-0.258, 0.187]
[ 0.01 ,-0.256, 0.187]
[ 0.021,-0.272, 0.187]
[ 0.032,-0.28 , 0.187]
[ 0.039,-0.254, 0.187]
[ 0.051,-0.267, 0.187]
[ 0.059,-0.257, 0.187]
[ 0.065,-0.238, 0.187]
[ 0.077,-0.245, 0.187]
[ 0.089,-0.25 , 0.187]
[ 0.094,-0.237, 0.187]
[ 0.102,-0.231, 0.187]
[ 0.119,-0.243, 0.187]
[ 0.115,-0.215, 0.187]
[ 0.128,-0.219, 0.187]
[ 0.132,-0.206, 0.187]
[ 0.148,-0.214, 0.187]
[ 0.154,-0.205, 0.187]
[ 0.152,-0.188, 0.187]
[ 0.171,-0.196, 0.187]
[ 0.195,-0.206, 0.187]
[ 0.198,-0.194, 0.187]
[ 0.189,-0.172, 0.187]
[ 0.207,-0.174, 0.187]
[ 0.199,-0.156, 0.187]
[ 0.214,-0.154, 0.187]
[ 0.22 ,-0.146, 0.187]
[ 0.237,-0.145, 0.187]
[ 0.247,-0.138, 0.187]
[ 0.253,-0.129, 0.187]
[ 0.26 ,-0.121, 0.187]
[ 0.288,-0.121, 0.187]
[ 0.293,-0.11 , 0.187]
[ 0.311,-0.104, 0.187]
[ 0.326,-0.095, 0.187]
[ 3.143,-0.789, 0.187]
[ 3.134,-0.662, 0.187]
[ 3.08 ,-0.53 , 0.187]
[ 3.076,-0.41 , 0.187]
[ 3.008,-0.285, 0.187]
[ 2.996,-0.17 , 0.187]
[ 2.962,-0.056, 0.187]
[2.922,0.055,0.187]
[2.873,0.163,0.187]
[2.828,0.268,0.187]
[2.78 ,0.37 ,0.187]
[2.753,0.473,0.187]
[2.691,0.568,0.187]
[2.64 ,0.663,0.187]
[2.596,0.757,0.187]
[2.538,0.846,0.187]
[2.482,0.933,0.187]
[2.404,1.009,0.187]
[2.351,1.093,0.187]
[2.309,1.182,0.187]
[2.231,1.251,0.187]
[2.174,1.33 ,0.187]
[2.095,1.393,0.187]
[2.028,1.462,0.187]
[1.962,1.53 ,0.187]
[1.901,1.602,0.187]
[1.817,1.653,0.187]
[1.74 ,1.707,0.187]
[1.678,1.776,0.187]
[1.61 ,1.838,0.187]
[1.533,1.891,0.187]
[1.456,1.941,0.187]
[1.363,1.968,0.187]
[1.301,2.04 ,0.187]
[1.205,2.057,0.187]
[1.128,2.104,0.187]
[1.048,2.147,0.187]
[0.965,2.183,0.187]
[0.873,2.196,0.187]
[0.788,2.224,0.187]
[0.707,2.263,0.187]
[0.618,2.279,0.187]
[0.534,2.31 ,0.187]
[0.443,2.311,0.187]
[0.354,2.322,0.187]
[0.268,2.352,0.187]
[0.178,2.343,0.187]
[0.089,2.348,0.187]
[0.   ,2.351,0.187]
