[-0.06 , 2.027, 0.187]
[-0.12 , 2.02 , 0.187]
[-0.185, 2.067, 0.187]
[-0.247, 2.065, 0.187]
[-0.154, 1.027, 0.187]
[-0.175, 0.968, 0.187]
[-0.205, 0.969, 0.187]
[-0.231, 0.952, 0.187]
[-0.254, 0.923, 0.187]
[-0.277, 0.901, 0.187]
[-0.308, 0.907, 0.187]
[-0.331, 0.886, 0.187]
[-0.353, 0.867, 0.187]
[-0.384, 0.866, 0.187]
[-0.41 , 0.857, 0.187]
[-0.432, 0.837, 0.187]
[-0.461, 0.831, 0.187]
[-0.498, 0.838, 0.187]
[-0.527, 0.83 , 0.187]
[-0.561, 0.828, 0.187]
[-0.613, 0.849, 0.187]
[-0.293, 0.381, 0.187]
[-0.284, 0.348, 0.187]
[-0.295, 0.34 , 0.187]
[-0.287, 0.312, 0.187]
[-0.29 , 0.296, 0.187]
[-0.289, 0.279, 0.187]
[-0.303, 0.275, 0.187]
[-0.316, 0.27 , 0.187]
[-0.316, 0.254, 0.187]
[-0.332, 0.251, 0.187]
[-0.314, 0.223, 0.187]
[-0.339, 0.226, 0.187]
[-0.328, 0.205, 0.187]
[-0.322, 0.188, 0.187]
[-0.348, 0.19 , 0.187]
[-0.36 , 0.182, 0.187]
[-0.355, 0.167, 0.187]
[-0.345, 0.15 , 0.187]
[-0.368, 0.147, 0.187]
[-0.358, 0.131, 0.187]
[-0.385, 0.128, 0.187]
[-0.369, 0.11 , 0.187]
[-0.404, 0.108, 0.187]
[-0.398, 0.094, 0.187]
[-0.407, 0.083, 0.187]
[-0.409, 0.071, 0.187]
[-0.399, 0.057, 0.187]
[-0.405, 0.045, 0.187]
[-0.42 , 0.034, 0.187]
[-0.429, 0.022, 0.187]
[-0.435, 0.01 , 0.187]
[-0.454,-0.003, 0.187]
[-0.478,-0.018, 0.187]
[-0.486,-0.033, 0.187]
[-2.153,-0.209, 0.187]
[-2.092,-0.266, 0.187]
[-2.032,-0.32 , 0.187]
[-2.012,-0.379, 0.187]
[-2.006,-0.44 , 0.187]
[-1.973,-0.495, 0.187]
[-1.979,-0.559, 0.187]
[-2.011,-0.634, 0.187]
[-1.132,-0.394, 0.187]
[-1.098,-0.419, 0.187]
[-1.041,-0.433, 0.187]
[-1.027,-0.464, 0.187]
[-0.992,-0.484, 0.187]
[-0.983,-0.517, 0.187]
[-0.968,-0.546, 0.187]
[-0.944,-0.57 , 0.187]
[-0.93 ,-0.6  , 0.187]
[-0.922,-0.635, 0.187]
[-0.89 ,-0.653, 0.187]
[-0.888,-0.692, 0.187]
[-0.886,-0.735, 0.187]
[-0.872,-0.768, 0.187]
[-0.898,-0.84 , 0.187]
[-1.432,-1.422, 0.187]
[-1.392,-1.466, 0.187]
[-1.479,-1.654, 0.187]
[-1.389,-1.65 , 0.187]
[-0.668,-0.844, 0.187]
[-0.634,-0.851, 0.187]
[-0.58 ,-0.829, 0.187]
[-0.543,-0.828, 0.187]
[-0.518,-0.843, 0.187]
[-0.49 ,-0.854, 0.187]
[-0.466,-0.871, 0.187]
[-0.446,-0.896, 0.187]
[-0.41 ,-0.89 , 0.187]
[-0.384,-0.903, 0.187]
[-0.356,-0.912, 0.187]
[-0.328,-0.921, 0.187]
[-0.308,-0.953, 0.187]
[-0.276,-0.948, 0.187]
[-0.259,-1.003, 0.187]
[-0.234,-1.032, 0.187]
[-0.669,-3.411, 0.187]
[-0.561,-3.393, 0.187]
[-0.449,-3.332, 0.187]
[-0.343,-3.279, 0.187]
[-0.242,-3.248, 0.187]
[-0.144,-3.216, 0.187]
[-0.047,-3.168, 0.187]
[ 0.046,-3.121, 0.187]
[ 0.137,-3.07 , 0.187]
[ 0.226,-3.037, 0.187]
[ 0.312,-2.986, 0.187]
[ 0.397,-2.944, 0.187]
[ 0.478,-2.895, 0.187]
[ 0.559,-2.85 , 0.187]
[ 0.637,-2.807, 0.187]
[ 0.712,-2.753, 0.187]
[ 0.787,-2.707, 0.187]
[ 0.859,-2.656, 0.187]
[ 0.93 ,-2.609, 0.187]
[ 1.001,-2.563, 0.187]
[ 1.064,-2.502, 0.187]
[ 1.134,-2.462, 0.187]
[ 1.188,-2.389, 0.187]
[ 1.251,-2.337, 0.187]
[ 1.319,-2.297, 0.187]
[ 1.375,-2.238, 0.187]
[ 1.431,-2.18 , 0.187]
[ 1.488,-2.127, 0.187]
[ 1.538,-2.065, 0.187]
[ 1.592,-2.01 , 0.187]
[ 1.647,-1.956, 0.187]
[ 1.697,-1.897, 0.187]
[ 1.752,-1.845, 0.187]
[ 1.803,-1.789, 0.187]
[ 1.826,-1.708, 0.187]
[ 1.89 ,-1.665, 0.187]
[ 1.933,-1.603, 0.187]
[ 1.967,-1.534, 0.187]
[ 2.012,-1.476, 0.187]
[ 2.039,-1.404, 0.187]
[ 2.055,-1.326, 0.187]
[ 2.117,-1.279, 0.187]
[ 2.153,-1.215, 0.187]
[ 2.199,-1.156, 0.187]
[ 2.229,-1.088, 0.187]
[ 2.27 ,-1.025, 0.187]
[ 2.28 ,-0.949, 0.187]
[ 2.335,-0.891, 0.187]
[ 2.357,-0.821, 0.187]
[ 2.372,-0.747, 0.187]
[ 2.416,-0.683, 0.187]
[ 2.425,-0.608, 0.187]
[ 2.451,-0.538, 0.187]
[ 2.488,-0.468, 0.187]
[ 2.496,-0.393, 0.187]
[ 2.533,-0.322, 0.187]
[ 2.523,-0.245, 0.187]
[ 2.551,-0.171, 0.187]
[ 2.546,-0.095, 0.187]
[ 2.57 ,-0.019, 0.187]
[2.588,0.058,0.187]
[2.599,0.136,0.187]
[2.612,0.214,0.187]
[2.623,0.294,0.187]
[2.604,0.371,0.187]
[2.62 ,0.453,0.187]
[0.43 ,0.088,0.187]
[0.402,0.095,0.187]
[0.363,0.097,0.187]
[0.363,0.109,0.187]
[0.338,0.112,0.187]
[0.363,0.132,0.187]
[0.331,0.132,0.187]
[0.308,0.134,0.187]
[0.303,0.143,0.187]
[0.308,0.156,0.187]
[0.292,0.159,0.187]
[0.28 ,0.164,0.187]
[0.282,0.176,0.187]
[0.274,0.183,0.187]
[0.277,0.197,0.187]
[0.259,0.196,0.187]
[0.247,0.199,0.187]
[0.246,0.21 ,0.187]
[0.236,0.214,0.187]
[0.238,0.23 ,0.187]
[0.232,0.237,0.187]
[0.214,0.232,0.187]
[0.211,0.243,0.187]
[0.19 ,0.233,0.187]
[0.187,0.243,0.187]
[0.192,0.266,0.187]
[0.18 ,0.266,0.187]
[0.175,0.275,0.187]
[0.169,0.285,0.187]
[0.168,0.303,0.187]
[0.153,0.297,0.187]
[0.153,0.32 ,0.187]
[0.149,0.337,0.187]
[0.132,0.324,0.187]
[0.123,0.328,0.187]
[0.122,0.358,0.187]
[0.112,0.365,0.187]
[0.102,0.371,0.187]
[0.102,0.42 ,0.187]
[0.376,1.776,0.187]
[0.324,1.794,0.187]
[0.32 ,2.133,0.187]
[0.25 ,2.086,0.187]
[0.182,2.028,0.187]
[0.121,2.022,0.187]
[0.06 ,2.009,0.187]
[0.   ,2.036,0.187]
