[-0.059, 1.843, 0.187]
[-0.117, 1.83 , 0.187]
[-0.172, 1.795, 0.187]
[-0.227, 1.767, 0.187]
[-0.288, 1.793, 0.187]
[-0.348, 1.794, 0.187]
[-0.402, 1.769, 0.187]
[-0.469, 1.798, 0.187]
[-0.537, 1.818, 0.187]
[-0.258, 0.781, 0.187]
[-0.274, 0.748, 0.187]
[-0.291, 0.724, 0.187]
[-0.303, 0.688, 0.187]
[-0.327, 0.684, 0.187]
[-0.343, 0.661, 0.187]
[-0.364, 0.651, 0.187]
[-0.389, 0.646, 0.187]
[-0.394, 0.609, 0.187]
[-0.419, 0.604, 0.187]
[-0.437, 0.589, 0.187]
[-0.466, 0.589, 0.187]
[-0.479, 0.567, 0.187]
[-0.493, 0.547, 0.187]
[-0.523, 0.544, 0.187]
[-0.546, 0.533, 0.187]
[-0.567, 0.52 , 0.187]
[-0.601, 0.516, 0.187]
[-0.617, 0.497, 0.187]
[-0.655, 0.494, 0.187]
[-0.977, 0.689, 0.187]
[-0.991, 0.652, 0.187]
[-1.006, 0.617, 0.187]
[-1.005, 0.573, 0.187]
[-0.376, 0.199, 0.187]
[-0.337, 0.164, 0.187]
[-0.322, 0.145, 0.187]
[-0.331, 0.137, 0.187]
[-0.338, 0.127, 0.187]
[-0.317, 0.108, 0.187]
[-0.324, 0.098, 0.187]
[-0.323, 0.087, 0.187]
[-0.317, 0.075, 0.187]
[-0.326, 0.066, 0.187]
[-0.32 , 0.054, 0.187]
[-0.339, 0.046, 0.187]
[-0.348, 0.036, 0.187]
[-0.324, 0.023, 0.187]
[-0.312, 0.012, 0.187]
[-0.33 , 0.003, 0.187]
[-0.317,-0.008, 0.187]
[-0.301,-0.017, 0.187]
[-0.304,-0.027, 0.187]
[-0.306,-0.037, 0.187]
[-0.322,-0.049, 0.187]
[-0.312,-0.058, 0.187]
[-0.309,-0.068, 0.187]
[-0.309,-0.078, 0.187]
[-0.303,-0.087, 0.187]
[-0.305,-0.098, 0.187]
[-0.288,-0.103, 0.187]
[-0.297,-0.117, 0.187]
[-0.309,-0.133, 0.187]
[-0.294,-0.138, 0.187]
[-0.31 ,-0.158, 0.187]
[-0.289,-0.159, 0.187]
[-0.302,-0.178, 0.187]
[-0.286,-0.182, 0.187]
[-0.298,-0.203, 0.187]
[-0.288,-0.21 , 0.187]
[-0.288,-0.225, 0.187]
[-0.294,-0.244, 0.187]
[-0.316,-0.28 , 0.187]
[-1.52 ,-1.438, 0.187]
[-1.49 ,-1.502, 0.187]
[-1.47 ,-1.579, 0.187]
[-0.843,-0.966, 0.187]
[-0.793,-0.969, 0.187]
[-0.744,-0.971, 0.187]
[-0.711,-0.992, 0.187]
[-0.663,-0.99 , 0.187]
[-0.642,-1.029, 0.187]
[-0.605,-1.042, 0.187]
[-0.564,-1.047, 0.187]
[-0.528,-1.06 , 0.187]
[-0.503,-1.095, 0.187]
[-0.471,-1.118, 0.187]
[-0.436,-1.135, 0.187]
[-0.408,-1.172, 0.187]
[-0.385,-1.232, 0.187]
[-0.648,-2.332, 0.187]
[-0.556,-2.281, 0.187]
[-0.477,-2.266, 0.187]
[-0.406,-2.293, 0.187]
[-0.333,-2.302, 0.187]
[-0.259,-2.312, 0.187]
[-0.098,-1.232, 0.187]
[-0.058,-1.215, 0.187]
[-0.019,-1.195, 0.187]
[ 0.019,-1.19 , 0.187]
[ 0.056,-1.176, 0.187]
[ 0.093,-1.163, 0.187]
[ 0.131,-1.171, 0.187]
[ 0.166,-1.149, 0.187]
[ 0.204,-1.15 , 0.187]
[ 0.239,-1.137, 0.187]
[ 0.282,-1.155, 0.187]
[ 0.326,-1.175, 0.187]
[ 0.367,-1.173, 0.187]
[ 1.149,-3.303, 0.187]
[ 1.23 ,-3.202, 0.187]
[ 1.32 ,-3.134, 0.187]
[ 1.387,-3.019, 0.187]
[ 1.467,-2.943, 0.187]
[ 1.536,-2.849, 0.187]
[ 1.621,-2.791, 0.187]
[ 1.677,-2.686, 0.187]
[ 1.734,-2.59 , 0.187]
[ 1.794,-2.502, 0.187]
[ 1.866,-2.435, 0.187]
[ 1.921,-2.348, 0.187]
[ 1.974,-2.261, 0.187]
[ 2.042,-2.194, 0.187]
[ 2.063,-2.079, 0.187]
[ 2.112,-1.997, 0.187]
[ 2.173,-1.927, 0.187]
[ 2.209,-1.837, 0.187]
[ 2.263,-1.763, 0.187]
[ 2.288,-1.668, 0.187]
[ 2.333,-1.589, 0.187]
[ 2.353,-1.495, 0.187]
[ 2.395,-1.417, 0.187]
[ 2.429,-1.334, 0.187]
[ 2.452,-1.247, 0.187]
[ 2.464,-1.155, 0.187]
[ 2.521,-1.086, 0.187]
[ 2.525,-0.993, 0.187]
[ 2.565,-0.916, 0.187]
[ 2.558,-0.822, 0.187]
[ 2.588,-0.742, 0.187]
[ 2.609,-0.658, 0.187]
[ 2.595,-0.568, 0.187]
[ 2.607,-0.483, 0.187]
[ 2.631,-0.402, 0.187]
[ 2.641,-0.317, 0.187]
[ 2.618,-0.23 , 0.187]
[ 2.617,-0.146, 0.187]
[ 2.634,-0.063, 0.187]
[2.656,0.021,0.187]
[2.642,0.105,0.187]
[2.639,0.19 ,0.187]
[2.643,0.275,0.187]
[2.629,0.359,0.187]
[2.62 ,0.443,0.187]
[2.609,0.527,0.187]
[2.596,0.611,0.187]
[2.574,0.693,0.187]
[0.419,0.127,0.187]
[0.394,0.134,0.187]
[0.361,0.135,0.187]
[0.351,0.145,0.187]
[0.35 ,0.158,0.187]
[0.326,0.159,0.187]
[0.299,0.158,0.187]
[0.307,0.175,0.187]
[0.311,0.191,0.187]
[0.3  ,0.198,0.187]
[0.286,0.202,0.187]
[0.281,0.212,0.187]
[0.272,0.219,0.187]
[0.267,0.229,0.187]
[0.27 ,0.247,0.187]
[0.244,0.238,0.187]
[0.232,0.242,0.187]
[0.227,0.251,0.187]
[0.223,0.263,0.187]
[0.225,0.285,0.187]
[0.203,0.274,0.187]
[0.19 ,0.274,0.187]
[0.185,0.286,0.187]
[0.176,0.292,0.187]
[0.173,0.309,0.187]
[0.154,0.296,0.187]
[0.145,0.303,0.187]
[0.139,0.317,0.187]
[0.132,0.328,0.187]
[0.13 ,0.354,0.187]
[0.113,0.344,0.187]
[0.101,0.343,0.187]
[0.095,0.365,0.187]
[0.087,0.384,0.187]
[0.076,0.392,0.187]
[0.066,0.41 ,0.187]
[0.055,0.432,0.187]
[0.163,1.696,0.187]
[0.108,1.687,0.187]
[0.059,1.865,0.187]
[0.   ,1.837,0.187]
