[-0.046, 1.447, 0.187]
[-0.093, 1.454, 0.187]
[-0.137, 1.416, 0.187]
[-0.179, 1.391, 0.187]
[-0.222, 1.374, 0.187]
[-0.269, 1.383, 0.187]
[-0.311, 1.363, 0.187]
[-0.356, 1.358, 0.187]
[-0.406, 1.368, 0.187]
[-0.451, 1.36 , 0.187]
[-0.509, 1.384, 0.187]
[-0.569, 1.405, 0.187]
[-0.901, 2.035, 0.187]
[-0.48 , 0.997, 0.187]
[-0.489, 0.938, 0.187]
[-0.508, 0.901, 0.187]
[-0.526, 0.868, 0.187]
[-0.557, 0.855, 0.187]
[-0.571, 0.819, 0.187]
[-0.599, 0.803, 0.187]
[-0.616, 0.772, 0.187]
[-0.639, 0.75 , 0.187]
[-0.659, 0.725, 0.187]
[-0.687, 0.709, 0.187]
[-0.718, 0.695, 0.187]
[-0.746, 0.678, 0.187]
[-0.776, 0.661, 0.187]
[-0.803, 0.64 , 0.187]
[-0.84 , 0.627, 0.187]
[-0.919, 0.641, 0.187]
[-1.802, 1.173, 0.187]
[-1.849, 1.121, 0.187]
[-1.921, 1.082, 0.187]
[-2.818, 1.47 , 0.187]
[-2.806, 1.352, 0.187]
[-2.813, 1.245, 0.187]
[-2.76 , 1.117, 0.187]
[-2.759, 1.015, 0.187]
[-2.73 , 0.906, 0.187]
[-2.692, 0.799, 0.187]
[-2.664, 0.699, 0.187]
[-2.644, 0.604, 0.187]
[-2.611, 0.509, 0.187]
[-2.581, 0.417, 0.187]
[-2.551, 0.329, 0.187]
[-2.544, 0.245, 0.187]
[-2.516, 0.162, 0.187]
[-2.483, 0.08 , 0.187]
[-2.444,-0.   , 0.187]
[-2.393,-0.077, 0.187]
[-2.366,-0.152, 0.187]
[-2.345,-0.226, 0.187]
[-2.316,-0.299, 0.187]
[-2.269,-0.367, 0.187]
[-2.232,-0.435, 0.187]
[-2.183,-0.498, 0.187]
[-2.142,-0.562, 0.187]
[-2.095,-0.622, 0.187]
[-2.064,-0.685, 0.187]
[-2.019,-0.743, 0.187]
[-1.985,-0.804, 0.187]
[-1.951,-0.864, 0.187]
[-1.897,-0.914, 0.187]
[-1.847,-0.964, 0.187]
[-1.82 ,-1.025, 0.187]
[-1.763,-1.069, 0.187]
[-1.726,-1.123, 0.187]
[-1.675,-1.169, 0.187]
[-1.623,-1.211, 0.187]
[-1.576,-1.257, 0.187]
[-1.526,-1.299, 0.187]
[-1.475,-1.339, 0.187]
[-1.428,-1.383, 0.187]
[-1.389,-1.434, 0.187]
[-1.328,-1.462, 0.187]
[-1.258,-1.477, 0.187]
[-1.226,-1.537, 0.187]
[-1.153,-1.545, 0.187]
[-1.118,-1.602, 0.187]
[-1.056,-1.623, 0.187]
[-1.002,-1.654, 0.187]
[-0.949,-1.686, 0.187]
[-0.898,-1.721, 0.187]
[-0.838,-1.741, 0.187]
[-0.787,-1.777, 0.187]
[-0.719,-1.776, 0.187]
[-0.666,-1.811, 0.187]
[-0.613,-1.846, 0.187]
[-0.549,-1.85 , 0.187]
[-0.488,-1.86 , 0.187]
[-0.435,-1.907, 0.187]
[-0.376,-1.929, 0.187]
[-0.314,-1.94 , 0.187]
[-0.253,-1.959, 0.187]
[-0.191,-1.984, 0.187]
[-0.127,-1.974, 0.187]
[-0.064,-1.996, 0.187]
[ 0.   ,-1.981, 0.187]
[ 0.064,-1.989, 0.187]
[ 0.129,-2.005, 0.187]
[ 0.194,-2.012, 0.187]
[ 0.259,-2.011, 0.187]
[ 0.324,-2.002, 0.187]
[ 0.391,-2.009, 0.187]
[ 0.458,-2.007, 0.187]
[ 0.526,-2.006, 0.187]
[ 0.597,-2.013, 0.187]
[ 0.662,-1.994, 0.187]
[ 0.731,-1.986, 0.187]
[ 0.796,-1.967, 0.187]
[ 0.868,-1.96 , 0.187]
[ 0.934,-1.94 , 0.187]
[ 1.01 ,-1.935, 0.187]
[ 1.08 ,-1.918, 0.187]
[ 0.95 ,-1.568, 0.187]
[ 0.995,-1.529, 0.187]
[ 0.262,-0.376, 0.187]
[ 0.275,-0.369, 0.187]
[ 0.255,-0.32 , 0.187]
[ 0.258,-0.303, 0.187]
[ 0.279,-0.308, 0.187]
[ 0.273,-0.282, 0.187]
[ 0.274,-0.266, 0.187]
[ 0.275,-0.249, 0.187]
[ 0.288,-0.245, 0.187]
[ 0.289,-0.23 , 0.187]
[ 0.309,-0.231, 0.187]
[ 0.296,-0.206, 0.187]
[ 0.288,-0.187, 0.187]
[ 0.308,-0.187, 0.187]
[ 0.318,-0.179, 0.187]
[ 0.303,-0.158, 0.187]
[ 0.325,-0.156, 0.187]
[ 0.333,-0.148, 0.187]
[ 0.334,-0.135, 0.187]
[ 0.333,-0.122, 0.187]
[ 0.335,-0.111, 0.187]
[ 0.34 ,-0.101, 0.187]
[ 0.336,-0.088, 0.187]
[ 0.353,-0.081, 0.187]
[ 0.33 ,-0.064, 0.187]
[ 0.339,-0.055, 0.187]
[ 0.352,-0.045, 0.187]
[ 0.364,-0.035, 0.187]
[ 0.364,-0.023, 0.187]
[ 0.373,-0.012, 0.187]
[0.37 ,0.   ,0.187]
[0.406,0.013,0.187]
[0.401,0.026,0.187]
[0.399,0.039,0.187]
[0.408,0.053,0.187]
[0.426,0.069,0.187]
[0.476,0.093,0.187]
[2.421,0.553,0.187]
[2.401,0.63 ,0.187]
[2.352,0.698,0.187]
[2.334,0.775,0.187]
[2.36 ,0.869,0.187]
[2.373,0.961,0.187]
[1.45 ,0.642,0.187]
[1.377,0.663,0.187]
[1.332,0.695,0.187]
[1.291,0.727,0.187]
[1.272,0.771,0.187]
[1.238,0.806,0.187]
[1.204,0.84 ,0.187]
[1.207,0.901,0.187]
[1.152,0.919,0.187]
[1.146,0.976,0.187]
[1.132,1.028,0.187]
[1.151,1.114,0.187]
[0.709,0.732,0.187]
[0.661,0.728,0.187]
[0.621,0.73 ,0.187]
[0.59 ,0.739,0.187]
[0.559,0.749,0.187]
[0.533,0.764,0.187]
[0.506,0.778,0.187]
[0.472,0.778,0.187]
[0.464,0.824,0.187]
[0.424,0.812,0.187]
[0.401,0.833,0.187]
[0.375,0.847,0.187]
[0.352,0.869,0.187]
[0.331,0.9  ,0.187]
[0.305,0.919,0.187]
[0.281,0.948,0.187]
[0.259,0.986,0.187]
[0.568,2.489,0.187]
[0.471,2.417,0.187]
[0.39 ,2.413,0.187]
[0.308,2.39 ,0.187]
[0.233,2.42 ,0.187]
[0.156,2.424,0.187]
[0.079,2.451,0.187]
[0.   ,2.516,0.187]
