[-0.044, 1.37 , 0.187]
[-0.085, 1.315, 0.187]
[-0.125, 1.294, 0.187]
[-0.164, 1.267, 0.187]
[-0.205, 1.264, 0.187]
[-0.242, 1.238, 0.187]
[-0.282, 1.231, 0.187]
[-0.325, 1.234, 0.187]
[-0.364, 1.219, 0.187]
[-0.402, 1.205, 0.187]
[-0.448, 1.21 , 0.187]
[-0.491, 1.207, 0.187]
[-0.551, 1.237, 0.187]
[-0.91 , 1.879, 0.187]
[-0.985, 1.877, 0.187]
[-0.493, 0.87 , 0.187]
[-0.501, 0.822, 0.187]
[-0.509, 0.777, 0.187]
[-0.522, 0.743, 0.187]
[-0.556, 0.74 , 0.187]
[-0.555, 0.691, 0.187]
[-0.573, 0.669, 0.187]
[-0.591, 0.646, 0.187]
[-0.618, 0.633, 0.187]
[-0.633, 0.608, 0.187]
[-0.665, 0.599, 0.187]
[-0.684, 0.577, 0.187]
[-0.683, 0.54 , 0.187]
[-0.703, 0.52 , 0.187]
[-0.75 , 0.518, 0.187]
[-0.782, 0.503, 0.187]
[-0.807, 0.483, 0.187]
[-0.842, 0.468, 0.187]
[-1.889, 0.972, 0.187]
[-3.115, 1.478, 0.187]
[-2.906, 1.266, 0.187]
[-2.877, 1.144, 0.187]
[-2.866, 1.034, 0.187]
[-2.844, 0.924, 0.187]
[-2.832, 0.82 , 0.187]
[-2.795, 0.713, 0.187]
[-2.754, 0.609, 0.187]
[-2.735, 0.513, 0.187]
[-2.72 , 0.42 , 0.187]
[-2.687, 0.326, 0.187]
[-2.668, 0.237, 0.187]
[-2.616, 0.148, 0.187]
[-2.603, 0.063, 0.187]
[-2.555,-0.021, 0.187]
[-2.524,-0.102, 0.187]
[-2.487,-0.181, 0.187]
[-2.452,-0.258, 0.187]
[-2.416,-0.333, 0.187]
[-2.391,-0.408, 0.187]
[-2.331,-0.476, 0.187]
[-2.29 ,-0.545, 0.187]
[-2.265,-0.617, 0.187]
[-2.228,-0.684, 0.187]
[-2.159,-0.74 , 0.187]
[-2.129,-0.807, 0.187]
[-2.082,-0.867, 0.187]
[-2.03 ,-0.924, 0.187]
[-1.97 ,-0.974, 0.187]
[-1.953,-1.045, 0.187]
[-1.887,-1.089, 0.187]
[-1.857,-1.153, 0.187]
[-1.803,-1.202, 0.187]
[-1.75 ,-1.25 , 0.187]
[-1.709,-1.306, 0.187]
[-1.658,-1.353, 0.187]
[-1.6  ,-1.395, 0.187]
[-1.548,-1.44 , 0.187]
[-1.497,-1.485, 0.187]
[-1.442,-1.525, 0.187]
[-1.393,-1.572, 0.187]
[-1.341,-1.616, 0.187]
[-1.284,-1.652, 0.187]
[-1.214,-1.67 , 0.187]
[-1.167,-1.72 , 0.187]
[-1.1  ,-1.74 , 0.187]
[-1.045,-1.776, 0.187]
[-0.982,-1.8  , 0.187]
[-0.922,-1.827, 0.187]
[-0.865,-1.862, 0.187]
[-0.803,-1.885, 0.187]
[-0.74 ,-1.905, 0.187]
[-0.689,-1.959, 0.187]
[-0.621,-1.964, 0.187]
[-0.556,-1.981, 0.187]
[-0.491,-1.99 , 0.187]
[-0.43 ,-2.021, 0.187]
[-0.368,-2.053, 0.187]
[-0.303,-2.072, 0.187]
[-0.236,-2.086, 0.187]
[-0.169,-2.097, 0.187]
[-0.102,-2.106, 0.187]
[-0.034,-2.117, 0.187]
[ 0.034,-2.125, 0.187]
[ 0.103,-2.123, 0.187]
[ 0.172,-2.128, 0.187]
[ 0.243,-2.142, 0.187]
[ 0.314,-2.152, 0.187]
[ 0.384,-2.145, 0.187]
[ 0.456,-2.147, 0.187]
[ 0.526,-2.135, 0.187]
[ 0.599,-2.133, 0.187]
[ 0.674,-2.132, 0.187]
[ 0.747,-2.122, 0.187]
[ 0.822,-2.116, 0.187]
[ 0.889,-2.086, 0.187]
[ 0.962,-2.07 , 0.187]
[ 1.041,-2.064, 0.187]
[ 1.118,-2.049, 0.187]
[ 0.228,-0.388, 0.187]
[ 0.231,-0.365, 0.187]
[ 0.249,-0.368, 0.187]
[ 0.239,-0.328, 0.187]
[ 0.25 ,-0.322, 0.187]
[ 0.266,-0.321, 0.187]
[ 0.259,-0.292, 0.187]
[ 0.268,-0.284, 0.187]
[ 0.278,-0.275, 0.187]
[ 0.272,-0.253, 0.187]
[ 0.28 ,-0.244, 0.187]
[ 0.286,-0.234, 0.187]
[ 0.3  ,-0.229, 0.187]
[ 0.313,-0.224, 0.187]
[ 0.316,-0.211, 0.187]
[ 0.306,-0.19 , 0.187]
[ 0.323,-0.187, 0.187]
[ 0.321,-0.172, 0.187]
[ 0.333,-0.165, 0.187]
[ 0.335,-0.152, 0.187]
[ 0.356,-0.148, 0.187]
[ 0.346,-0.131, 0.187]
[ 0.363,-0.125, 0.187]
[ 0.366,-0.112, 0.187]
[ 0.383,-0.104, 0.187]
[ 0.385,-0.092, 0.187]
[ 0.394,-0.08 , 0.187]
[ 0.384,-0.066, 0.187]
[ 0.402,-0.055, 0.187]
[ 0.398,-0.042, 0.187]
[ 0.408,-0.03 , 0.187]
[ 0.418,-0.017, 0.187]
[ 0.434,-0.003, 0.187]
[0.459,0.011,0.187]
[0.485,0.027,0.187]
[2.503,0.222,0.187]
[2.445,0.297,0.187]
[2.405,0.371,0.187]
[2.388,0.447,0.187]
[2.357,0.521,0.187]
[2.373,0.605,0.187]
[2.397,0.694,0.187]
[1.414,0.46 ,0.187]
[1.355,0.489,0.187]
[1.298,0.516,0.187]
[1.267,0.552,0.187]
[1.257,0.596,0.187]
[1.238,0.637,0.187]
[1.204,0.669,0.187]
[1.191,0.713,0.187]
[1.165,0.75 ,0.187]
[1.155,0.797,0.187]
[1.144,0.845,0.187]
[1.154,0.911,0.187]
[0.692,0.584,0.187]
[0.642,0.578,0.187]
[0.619,0.595,0.187]
[0.577,0.591,0.187]
[0.537,0.587,0.187]
[0.541,0.631,0.187]
[0.502,0.625,0.187]
[0.474,0.631,0.187]
[0.447,0.636,0.187]
[0.441,0.673,0.187]
[0.416,0.683,0.187]
[0.396,0.699,0.187]
[0.375,0.714,0.187]
[0.35 ,0.723,0.187]
[0.331,0.744,0.187]
[0.316,0.777,0.187]
[0.287,0.777,0.187]
[0.27 ,0.81 ,0.187]
[0.249,0.835,0.187]
[0.239,0.907,0.187]
[0.538,2.346,0.187]
[0.45 ,2.298,0.187]
[0.37 ,2.278,0.187]
[0.292,2.256,0.187]
[0.222,2.286,0.187]
[0.147,2.274,0.187]
[0.074,2.298,0.187]
[0.   ,2.346,0.187]
