[-0.065, 2.085, 0.187]
[-0.129, 2.073, 0.187]
[-0.195, 2.096, 0.187]
[-0.261, 2.094, 0.187]
[-0.332, 2.127, 0.187]
[-0.502, 2.671, 0.187]
[-0.577, 2.62 , 0.187]
[-0.644, 2.547, 0.187]
[-0.72 , 2.517, 0.187]
[-0.802, 2.507, 0.187]
[-0.884, 2.495, 0.187]
[-0.98 , 2.516, 0.187]
[-0.589, 1.384, 0.187]
[-0.616, 1.331, 0.187]
[-0.656, 1.311, 0.187]
[-0.684, 1.267, 0.187]
[-0.722, 1.242, 0.187]
[-0.755, 1.211, 0.187]
[-0.802, 1.202, 0.187]
[-0.836, 1.173, 0.187]
[-0.877, 1.154, 0.187]
[-0.929, 1.147, 0.187]
[-0.983, 1.139, 0.187]
[-1.623, 1.767, 0.187]
[-1.703, 1.743, 0.187]
[-1.771, 1.704, 0.187]
[-0.661, 0.598, 0.187]
[-0.653, 0.555, 0.187]
[-0.677, 0.54 , 0.187]
[-0.665, 0.498, 0.187]
[-0.675, 0.473, 0.187]
[-0.687, 0.451, 0.187]
[-0.709, 0.434, 0.187]
[-0.703, 0.401, 0.187]
[-0.703, 0.373, 0.187]
[-0.737, 0.362, 0.187]
[-0.747, 0.338, 0.187]
[-0.754, 0.314, 0.187]
[-0.765, 0.291, 0.187]
[-0.773, 0.267, 0.187]
[-0.802, 0.25 , 0.187]
[-0.816, 0.227, 0.187]
[-0.815, 0.199, 0.187]
[-0.859, 0.182, 0.187]
[-0.896, 0.161, 0.187]
[-1.895, 0.281, 0.187]
[-1.851, 0.216, 0.187]
[-1.837, 0.157, 0.187]
[-1.852, 0.1  , 0.187]
[-1.845, 0.043, 0.187]
[-1.842,-0.014, 0.187]
[-1.856,-0.072, 0.187]
[-1.875,-0.131, 0.187]
[-1.904,-0.192, 0.187]
[-3.087,-0.408, 0.187]
[-3.454,-0.566, 0.187]
[-3.411,-0.668, 0.187]
[-3.405,-0.777, 0.187]
[-3.218,-0.84 , 0.187]
[-3.073,-0.905, 0.187]
[-2.497,-0.82 , 0.187]
[-2.426,-0.881, 0.187]
[-2.342,-0.933, 0.187]
[-2.271,-0.987, 0.187]
[-2.192,-1.035, 0.187]
[-2.116,-1.08 , 0.187]
[-2.032,-1.118, 0.187]
[-1.976,-1.168, 0.187]
[-1.906,-1.208, 0.187]
[-1.842,-1.249, 0.187]
[-1.779,-1.288, 0.187]
[-1.687,-1.303, 0.187]
[-1.629,-1.34 , 0.187]
[-1.569,-1.375, 0.187]
[-1.5  ,-1.399, 0.187]
[-1.43 ,-1.419, 0.187]
[-1.388,-1.465, 0.187]
[-1.318,-1.48 , 0.187]
[-1.258,-1.504, 0.187]
[-1.197,-1.526, 0.187]
[-1.134,-1.541, 0.187]
[-1.087,-1.577, 0.187]
[-1.021,-1.584, 0.187]
[-0.956,-1.589, 0.187]
[-0.899,-1.605, 0.187]
[-0.841,-1.617, 0.187]
[-0.797,-1.655, 0.187]
[-0.741,-1.668, 0.187]
[-0.673,-1.652, 0.187]
[-0.619,-1.664, 0.187]
[-0.557,-1.653, 0.187]
[-0.505,-1.667, 0.187]
[-0.452,-1.679, 0.187]
[-0.394,-1.669, 0.187]
[-0.341,-1.673, 0.187]
[-0.285,-1.656, 0.187]
[-0.235,-1.679, 0.187]
[-0.183,-1.683, 0.187]
[-0.13 ,-1.679, 0.187]
[-0.078,-1.675, 0.187]
[-0.026,-1.67 , 0.187]
[ 0.026,-1.679, 0.187]
[ 0.077,-1.667, 0.187]
[ 0.127,-1.644, 0.187]
[ 0.181,-1.662, 0.187]
[ 0.229,-1.637, 0.187]
[ 0.277,-1.61 , 0.187]
[ 0.327,-1.605, 0.187]
[ 0.379,-1.604, 0.187]
[ 0.428,-1.588, 0.187]
[ 0.474,-1.567, 0.187]
[ 0.525,-1.557, 0.187]
[ 0.572,-1.538, 0.187]
[ 0.619,-1.52 , 0.187]
[ 0.66 ,-1.486, 0.187]
[ 0.716,-1.487, 0.187]
[ 0.76 ,-1.461, 0.187]
[ 0.791,-1.412, 0.187]
[ 0.849,-1.412, 0.187]
[ 0.893,-1.385, 0.187]
[ 0.947,-1.373, 0.187]
[ 0.991,-1.346, 0.187]
[ 1.019,-1.298, 0.187]
[ 1.082,-1.294, 0.187]
[ 1.111,-1.249, 0.187]
[ 1.16 ,-1.225, 0.187]
[ 1.208,-1.199, 0.187]
[ 1.237,-1.154, 0.187]
[ 1.3  ,-1.139, 0.187]
[ 1.324,-1.09 , 0.187]
[ 1.382,-1.068, 0.187]
[ 1.432,-1.037, 0.187]
[ 1.468,-0.995, 0.187]
[ 1.512,-0.958, 0.187]
[ 1.535,-0.907, 0.187]
[ 1.604,-0.883, 0.187]
[ 1.618,-0.826, 0.187]
[ 1.67 ,-0.788, 0.187]
[ 1.706,-0.742, 0.187]
[ 1.74 ,-0.693, 0.187]
[ 1.781,-0.647, 0.187]
[ 1.794,-0.589, 0.187]
[ 1.864,-0.549, 0.187]
[ 1.871,-0.488, 0.187]
[ 1.92 ,-0.438, 0.187]
[ 1.964,-0.385, 0.187]
[ 1.984,-0.325, 0.187]
[ 2.03 ,-0.269, 0.187]
[ 2.071,-0.209, 0.187]
[ 2.09 ,-0.146, 0.187]
[ 2.132,-0.083, 0.187]
[ 2.161,-0.017, 0.187]
[2.178,0.051,0.187]
[2.297,0.125,0.187]
[2.275,0.194,0.187]
[0.997,0.116,0.187]
[0.939,0.139,0.187]
[0.923,0.166,0.187]
[0.859,0.182,0.187]
[0.877,0.214,0.187]
[0.85 ,0.236,0.187]
[0.829,0.258,0.187]
[0.816,0.282,0.187]
[0.801,0.305,0.187]
[0.803,0.334,0.187]
[0.798,0.362,0.187]
[0.803,0.395,0.187]
[0.78 ,0.413,0.187]
[0.779,0.444,0.187]
[0.767,0.469,0.187]
[0.758,0.497,0.187]
[0.773,0.541,0.187]
[0.77 ,0.576,0.187]
[2.359,1.881,0.187]
[2.257,1.917,0.187]
[2.197,1.986,0.187]
[2.141,2.06 ,0.187]
[2.096,2.145,0.187]
[2.059,2.242,0.187]
[1.311,1.52 ,0.187]
[1.23 ,1.518,0.187]
[1.167,1.536,0.187]
[1.111,1.56 ,0.187]
[1.056,1.584,0.187]
[1.006,1.615,0.187]
[0.961,1.655,0.187]
[0.918,1.7  ,0.187]
[0.614,1.227,0.187]
[0.555,1.199,0.187]
[0.513,1.205,0.187]
[0.46 ,1.181,0.187]
[0.428,1.208,0.187]
[0.388,1.212,0.187]
[0.348,1.217,0.187]
[0.313,1.239,0.187]
[0.274,1.243,0.187]
[0.235,1.252,0.187]
[0.2  ,1.285,0.187]
[0.164,1.315,0.187]
[0.127,1.366,0.187]
[0.131,2.108,0.187]
[0.064,2.076,0.187]
[0.   ,2.083,0.187]
