[-0.041, 1.286, 0.187]
[-0.079, 1.249, 0.187]
[-0.117, 1.23 , 0.187]
[-0.156, 1.229, 0.187]
[-0.191, 1.199, 0.187]
[-0.231, 1.205, 0.187]
[-0.265, 1.178, 0.187]
[-0.295, 1.144, 0.187]
[-0.341, 1.169, 0.187]
[-0.374, 1.146, 0.187]
[-0.419, 1.157, 0.187]
[-0.467, 1.174, 0.187]
[-0.511, 1.175, 0.187]
[-0.306, 0.646, 0.187]
[-0.307, 0.6  , 0.187]
[-0.315, 0.57 , 0.187]
[-0.325, 0.547, 0.187]
[-0.347, 0.543, 0.187]
[-0.35 , 0.512, 0.187]
[-0.356, 0.486, 0.187]
[-0.369, 0.472, 0.187]
[-0.379, 0.455, 0.187]
[-0.394, 0.443, 0.187]
[-0.402, 0.425, 0.187]
[-0.424, 0.421, 0.187]
[-0.429, 0.399, 0.187]
[-0.448, 0.392, 0.187]
[-0.451, 0.37 , 0.187]
[-0.477, 0.366, 0.187]
[-0.467, 0.336, 0.187]
[-0.512, 0.344, 0.187]
[-0.485, 0.304, 0.187]
[-0.517, 0.302, 0.187]
[-0.539, 0.293, 0.187]
[-0.555, 0.279, 0.187]
[-0.564, 0.261, 0.187]
[-0.611, 0.26 , 0.187]
[-0.625, 0.243, 0.187]
[-1.378, 0.487, 0.187]
[-1.428, 0.454, 0.187]
[-2.073, 0.588, 0.187]
[-2.026, 0.506, 0.187]
[-2.032, 0.44 , 0.187]
[-2.031, 0.373, 0.187]
[-2.024, 0.306, 0.187]
[-2.051, 0.244, 0.187]
[-2.077, 0.181, 0.187]
[-2.134, 0.118, 0.187]
[-2.106, 0.05 , 0.187]
[-2.062,-0.016, 0.187]
[-1.159,-0.046, 0.187]
[-1.12 ,-0.08 , 0.187]
[-1.076,-0.111, 0.187]
[-1.106,-0.149, 0.187]
[-1.048,-0.175, 0.187]
[-1.07 ,-0.214, 0.187]
[-1.058,-0.246, 0.187]
[-1.025,-0.273, 0.187]
[-1.038,-0.312, 0.187]
[-1.016,-0.341, 0.187]
[-1.019,-0.378, 0.187]
[-1.013,-0.413, 0.187]
[-1.015,-0.451, 0.187]
[-1.015,-0.49 , 0.187]
[-1.051,-0.549, 0.187]
[-1.697,-0.956, 0.187]
[-1.636,-0.991, 0.187]
[-0.715,-0.465, 0.187]
[-0.697,-0.485, 0.187]
[-0.66 ,-0.491, 0.187]
[-0.65 ,-0.516, 0.187]
[-0.607,-0.514, 0.187]
[-0.601,-0.542, 0.187]
[-0.568,-0.546, 0.187]
[-0.548,-0.562, 0.187]
[-0.542,-0.591, 0.187]
[-0.513,-0.596, 0.187]
[-0.495,-0.613, 0.187]
[-0.483,-0.64 , 0.187]
[-0.461,-0.651, 0.187]
[-0.438,-0.662, 0.187]
[-0.415,-0.673, 0.187]
[-0.406,-0.708, 0.187]
[-0.389,-0.729, 0.187]
[-0.385,-0.782, 0.187]
[-0.372,-0.82 , 0.187]
[-1.268,-3.044, 0.187]
[-1.148,-3.022, 0.187]
[-1.031,-2.997, 0.187]
[-0.923,-2.986, 0.187]
[-0.813,-2.955, 0.187]
[-0.709,-2.936, 0.187]
[-0.605,-2.907, 0.187]
[-0.506,-2.883, 0.187]
[-0.414,-2.891, 0.187]
[-0.315,-2.841, 0.187]
[-0.221,-2.798, 0.187]
[-0.132,-2.792, 0.187]
[-0.043,-2.752, 0.187]
[ 0.043,-2.706, 0.187]
[ 0.128,-2.699, 0.187]
[ 0.211,-2.673, 0.187]
[ 0.29 ,-2.615, 0.187]
[ 0.369,-2.577, 0.187]
[ 0.446,-2.543, 0.187]
[ 0.521,-2.505, 0.187]
[ 0.596,-2.47 , 0.187]
[ 0.668,-2.428, 0.187]
[ 0.732,-2.366, 0.187]
[ 0.808,-2.348, 0.187]
[ 0.868,-2.284, 0.187]
[ 0.94 ,-2.256, 0.187]
[ 0.998,-2.198, 0.187]
[ 1.064,-2.16 , 0.187]
[ 1.127,-2.116, 0.187]
[ 1.181,-2.058, 0.187]
[ 1.242,-2.014, 0.187]
[ 1.289,-1.95 , 0.187]
[ 1.365,-1.929, 0.187]
[ 1.413,-1.869, 0.187]
[ 1.455,-1.804, 0.187]
[ 1.518,-1.765, 0.187]
[ 1.558,-1.7  , 0.187]
[ 1.598,-1.636, 0.187]
[ 1.661,-1.597, 0.187]
[ 1.703,-1.537, 0.187]
[ 1.731,-1.466, 0.187]
[ 1.799,-1.428, 0.187]
[ 1.829,-1.36 , 0.187]
[ 1.867,-1.299, 0.187]
[ 1.898,-1.233, 0.187]
[ 1.928,-1.168, 0.187]
[ 1.991,-1.122, 0.187]
[ 2.011,-1.051, 0.187]
[ 2.036,-0.983, 0.187]
[ 2.06 ,-0.916, 0.187]
[ 2.1  ,-0.855, 0.187]
[ 2.138,-0.793, 0.187]
[ 2.164,-0.726, 0.187]
[ 2.195,-0.66 , 0.187]
[ 2.232,-0.595, 0.187]
[ 2.252,-0.525, 0.187]
[ 2.287,-0.457, 0.187]
[ 2.298,-0.385, 0.187]
[ 2.32 ,-0.313, 0.187]
[ 2.356,-0.243, 0.187]
[ 2.347,-0.167, 0.187]
[ 2.36 ,-0.093, 0.187]
[ 2.369,-0.019, 0.187]
[2.409,0.057,0.187]
[2.389,0.132,0.187]
[2.4  ,0.209,0.187]
[2.421,0.288,0.187]
[2.421,0.366,0.187]
[2.429,0.446,0.187]
[2.434,0.527,0.187]
[2.424,0.605,0.187]
[2.414,0.685,0.187]
[2.42 ,0.77 ,0.187]
[0.466,0.164,0.187]
[0.45 ,0.175,0.187]
[0.438,0.187,0.187]
[0.412,0.191,0.187]
[0.387,0.194,0.187]
[0.398,0.216,0.187]
[0.373,0.218,0.187]
[0.368,0.231,0.187]
[0.359,0.241,0.187]
[0.343,0.247,0.187]
[0.321,0.247,0.187]
[0.329,0.27 ,0.187]
[0.324,0.284,0.187]
[0.303,0.282,0.187]
[0.288,0.286,0.187]
[0.294,0.311,0.187]
[0.269,0.303,0.187]
[0.261,0.313,0.187]
[0.262,0.335,0.187]
[0.251,0.343,0.187]
[0.231,0.337,0.187]
[0.226,0.354,0.187]
[0.213,0.358,0.187]
[0.211,0.381,0.187]
[0.199,0.388,0.187]
[0.193,0.408,0.187]
[0.184,0.423,0.187]
[0.172,0.432,0.187]
[0.164,0.452,0.187]
[0.147,0.449,0.187]
[0.133,0.456,0.187]
[0.131,0.507,0.187]
[0.523,2.327,0.187]
[0.447,2.333,0.187]
[0.365,2.29 ,0.187]
[0.291,2.293,0.187]
[0.217,2.283,0.187]
[0.145,2.298,0.187]
[0.073,2.319,0.187]
[0.   ,2.389,0.187]
