[-0.033, 1.152, 0.187]
[-0.064, 1.128, 0.187]
[-0.095, 1.117, 0.187]
[-0.123, 1.075, 0.187]
[-0.155, 1.084, 0.187]
[-0.186, 1.078, 0.187]
[-0.212, 1.05 , 0.187]
[-0.247, 1.066, 0.187]
[-0.28 , 1.069, 0.187]
[-0.308, 1.053, 0.187]
[-0.334, 1.034, 0.187]
[-0.373, 1.05 , 0.187]
[-0.413, 1.067, 0.187]
[-0.457, 1.087, 0.187]
[-0.154, 0.34 , 0.187]
[-0.156, 0.319, 0.187]
[-0.161, 0.307, 0.187]
[-0.164, 0.292, 0.187]
[-0.171, 0.286, 0.187]
[-0.171, 0.268, 0.187]
[-0.171, 0.252, 0.187]
[-0.174, 0.241, 0.187]
[-0.181, 0.236, 0.187]
[-0.181, 0.223, 0.187]
[-0.197, 0.229, 0.187]
[-0.194, 0.213, 0.187]
[-0.206, 0.213, 0.187]
[-0.197, 0.192, 0.187]
[-0.204, 0.188, 0.187]
[-0.198, 0.173, 0.187]
[-0.219, 0.181, 0.187]
[-0.225, 0.175, 0.187]
[-0.238, 0.175, 0.187]
[-0.233, 0.161, 0.187]
[-0.232, 0.15 , 0.187]
[-0.241, 0.147, 0.187]
[-0.242, 0.138, 0.187]
[-0.248, 0.132, 0.187]
[-0.247, 0.123, 0.187]
[-0.255, 0.118, 0.187]
[-0.271, 0.116, 0.187]
[-0.26 , 0.103, 0.187]
[-0.28 , 0.102, 0.187]
[-0.282, 0.093, 0.187]
[-0.286, 0.086, 0.187]
[-0.249, 0.067, 0.187]
[-0.287, 0.069, 0.187]
[-0.292, 0.061, 0.187]
[-0.312, 0.056, 0.187]
[-0.309, 0.046, 0.187]
[-0.311, 0.038, 0.187]
[-0.357, 0.033, 0.187]
[-0.342, 0.022, 0.187]
[-0.34 , 0.012, 0.187]
[-0.368, 0.003, 0.187]
[-0.378,-0.008, 0.187]
[-0.859,-0.043, 0.187]
[-0.845,-0.066, 0.187]
[-0.812,-0.087, 0.187]
[-0.8  ,-0.109, 0.187]
[-0.783,-0.129, 0.187]
[-0.789,-0.153, 0.187]
[-0.758,-0.17 , 0.187]
[-0.758,-0.192, 0.187]
[-0.778,-0.221, 0.187]
[-0.726,-0.229, 0.187]
[-0.733,-0.255, 0.187]
[-0.723,-0.274, 0.187]
[-0.729,-0.301, 0.187]
[-0.713,-0.318, 0.187]
[-0.714,-0.343, 0.187]
[-0.693,-0.358, 0.187]
[-0.706,-0.39 , 0.187]
[-0.725,-0.428, 0.187]
[-0.712,-0.448, 0.187]
[-0.773,-0.518, 0.187]
[-2.757,-1.961, 0.187]
[-2.683,-2.026, 0.187]
[-2.603,-2.084, 0.187]
[-2.537,-2.153, 0.187]
[-2.468,-2.218, 0.187]
[-2.382,-2.266, 0.187]
[-2.302,-2.319, 0.187]
[-2.233,-2.38 , 0.187]
[-2.175,-2.455, 0.187]
[-2.084,-2.491, 0.187]
[-2.007,-2.544, 0.187]
[-1.924,-2.586, 0.187]
[-1.85 ,-2.64 , 0.187]
[-1.759,-2.669, 0.187]
[-1.68 ,-2.714, 0.187]
[-1.602,-2.76 , 0.187]
[-1.524,-2.805, 0.187]
[-1.436,-2.834, 0.187]
[-1.359,-2.882, 0.187]
[-1.274,-2.913, 0.187]
[-1.19 ,-2.947, 0.187]
[-1.101,-2.966, 0.187]
[-1.016,-2.995, 0.187]
[-0.93 ,-3.024, 0.187]
[-0.849,-3.067, 0.187]
[-0.762,-3.093, 0.187]
[-0.677,-3.128, 0.187]
[-0.585,-3.127, 0.187]
[-0.498,-3.157, 0.187]
[-0.408,-3.171, 0.187]
[-0.32 ,-3.203, 0.187]
[-0.229,-3.218, 0.187]
[-0.138,-3.227, 0.187]
[-0.046,-3.267, 0.187]
[ 0.047,-3.295, 0.187]
[ 0.141,-3.295, 0.187]
[ 0.235,-3.297, 0.187]
[ 0.331,-3.313, 0.187]
[ 0.427,-3.317, 0.187]
[ 0.524,-3.323, 0.187]
[ 0.622,-3.327, 0.187]
[ 0.722,-3.334, 0.187]
[ 0.824,-3.344, 0.187]
[ 0.917,-3.311, 0.187]
[ 1.025,-3.331, 0.187]
[ 0.427,-1.259, 0.187]
[ 0.453,-1.221, 0.187]
[ 0.485,-1.2  , 0.187]
[ 0.51 ,-1.167, 0.187]
[ 0.543,-1.151, 0.187]
[ 0.571,-1.126, 0.187]
[ 0.6  ,-1.105, 0.187]
[ 0.639,-1.101, 0.187]
[ 0.681,-1.1  , 0.187]
[ 0.724,-1.099, 0.187]
[ 0.771,-1.101, 0.187]
[ 0.809,-1.087, 0.187]
[ 0.305,-0.387, 0.187]
[ 0.305,-0.364, 0.187]
[ 0.295,-0.333, 0.187]
[ 0.301,-0.32 , 0.187]
[ 0.313,-0.316, 0.187]
[ 0.317,-0.302, 0.187]
[ 0.315,-0.283, 0.187]
[ 0.32 ,-0.271, 0.187]
[ 0.335,-0.268, 0.187]
[ 0.327,-0.247, 0.187]
[ 0.333,-0.237, 0.187]
[ 0.332,-0.222, 0.187]
[ 0.318,-0.2  , 0.187]
[ 0.356,-0.21 , 0.187]
[ 0.346,-0.191, 0.187]
[ 0.367,-0.189, 0.187]
[ 0.362,-0.174, 0.187]
[ 0.367,-0.164, 0.187]
[ 0.363,-0.15 , 0.187]
[ 0.393,-0.149, 0.187]
[ 0.366,-0.127, 0.187]
[ 0.383,-0.121, 0.187]
[ 0.39 ,-0.111, 0.187]
[ 0.377,-0.096, 0.187]
[ 0.4  ,-0.09 , 0.187]
[ 0.419,-0.081, 0.187]
[ 0.413,-0.068, 0.187]
[ 0.437,-0.059, 0.187]
[ 0.443,-0.047, 0.187]
[ 0.443,-0.035, 0.187]
[ 0.478,-0.024, 0.187]
[ 0.487,-0.01 , 0.187]
[0.514,0.004,0.187]
[1.015,0.036,0.187]
[0.997,0.064,0.187]
[0.956,0.089,0.187]
[0.954,0.116,0.187]
[0.929,0.14 ,0.187]
[0.919,0.165,0.187]
[0.911,0.191,0.187]
[0.917,0.219,0.187]
[0.919,0.247,0.187]
[0.898,0.269,0.187]
[0.885,0.293,0.187]
[0.884,0.321,0.187]
[0.883,0.349,0.187]
[0.87 ,0.373,0.187]
[0.88 ,0.407,0.187]
[0.884,0.44 ,0.187]
[0.902,0.482,0.187]
[0.606,0.346,0.187]
[0.588,0.358,0.187]
[0.569,0.369,0.187]
[0.548,0.379,0.187]
[0.523,0.384,0.187]
[0.512,0.399,0.187]
[0.502,0.414,0.187]
[0.476,0.416,0.187]
[0.472,0.436,0.187]
[0.456,0.446,0.187]
[0.437,0.452,0.187]
[0.427,0.468,0.187]
[0.41 ,0.477,0.187]
[0.392,0.482,0.187]
[0.378,0.493,0.187]
[0.377,0.522,0.187]
[0.369,0.542,0.187]
[0.343,0.537,0.187]
[0.339,0.566,0.187]
[0.332,0.591,0.187]
[0.314,0.598,0.187]
[0.306,0.626,0.187]
[0.3  ,0.659,0.187]
[0.455,1.083,0.187]
[0.414,1.068,0.187]
[0.375,1.055,0.187]
[0.339,1.049,0.187]
[0.311,1.063,0.187]
[0.279,1.066,0.187]
[0.241,1.043,0.187]
[0.213,1.057,0.187]
[0.187,1.083,0.187]
[0.156,1.087,0.187]
[0.124,1.089,0.187]
[0.097,1.135,0.187]
[0.063,1.099,0.187]
[0.033,1.17 ,0.187]
[0.   ,1.2  ,0.187]
