[-0.057, 1.865, 0.187]
[-0.115, 1.862, 0.187]
[-0.173, 1.863, 0.187]
[-0.239, 1.929, 0.187]
[-0.138, 0.889, 0.187]
[-0.155, 0.832, 0.187]
[-0.181, 0.824, 0.187]
[-0.197, 0.782, 0.187]
[-0.222, 0.779, 0.187]
[-0.239, 0.75 , 0.187]
[-0.264, 0.749, 0.187]
[-0.29 , 0.749, 0.187]
[-0.312, 0.737, 0.187]
[-0.326, 0.708, 0.187]
[-0.346, 0.694, 0.187]
[-0.381, 0.709, 0.187]
[-0.386, 0.668, 0.187]
[-0.408, 0.659, 0.187]
[-0.442, 0.667, 0.187]
[-0.456, 0.644, 0.187]
[-0.487, 0.644, 0.187]
[-0.508, 0.631, 0.187]
[-0.545, 0.636, 0.187]
[-0.597, 0.654, 0.187]
[-0.898, 0.926, 0.187]
[-0.32 , 0.311, 0.187]
[-0.299, 0.273, 0.187]
[-0.299, 0.257, 0.187]
[-0.293, 0.235, 0.187]
[-0.298, 0.225, 0.187]
[-0.305, 0.216, 0.187]
[-0.297, 0.197, 0.187]
[-0.298, 0.184, 0.187]
[-0.307, 0.177, 0.187]
[-0.304, 0.163, 0.187]
[-0.289, 0.144, 0.187]
[-0.296, 0.136, 0.187]
[-0.297, 0.126, 0.187]
[-0.294, 0.114, 0.187]
[-0.313, 0.11 , 0.187]
[-0.306, 0.097, 0.187]
[-0.301, 0.086, 0.187]
[-0.312, 0.079, 0.187]
[-0.304, 0.067, 0.187]
[-0.308, 0.058, 0.187]
[-0.321, 0.05 , 0.187]
[-0.315, 0.039, 0.187]
[-0.304, 0.028, 0.187]
[-0.315, 0.019, 0.187]
[-0.334, 0.01 , 0.187]
[-0.313,-0.   , 0.187]
[-0.326,-0.01 , 0.187]
[-0.334,-0.021, 0.187]
[-0.347,-0.032, 0.187]
[-0.318,-0.039, 0.187]
[-0.338,-0.052, 0.187]
[-0.341,-0.064, 0.187]
[-0.323,-0.071, 0.187]
[-0.358,-0.09 , 0.187]
[-0.355,-0.101, 0.187]
[-0.366,-0.116, 0.187]
[-0.354,-0.125, 0.187]
[-0.386,-0.149, 0.187]
[-0.401,-0.17 , 0.187]
[-1.905,-0.877, 0.187]
[-1.872,-0.932, 0.187]
[-1.817,-0.976, 0.187]
[-1.779,-1.027, 0.187]
[-1.749,-1.083, 0.187]
[-1.737,-1.151, 0.187]
[-1.723,-1.22 , 0.187]
[-1.011,-0.764, 0.187]
[-0.95 ,-0.764, 0.187]
[-0.912,-0.781, 0.187]
[-0.877,-0.799, 0.187]
[-0.837,-0.812, 0.187]
[-0.806,-0.832, 0.187]
[-0.782,-0.858, 0.187]
[-0.759,-0.886, 0.187]
[-0.727,-0.903, 0.187]
[-0.701,-0.928, 0.187]
[-0.686,-0.969, 0.187]
[-0.659,-0.994, 0.187]
[-0.651,-1.051, 0.187]
[-0.628,-1.087, 0.187]
[-1.112,-2.071, 0.187]
[-1.024,-2.056, 0.187]
[-0.954,-2.073, 0.187]
[-0.89 ,-2.103, 0.187]
[-0.825,-2.129, 0.187]
[-0.407,-1.154, 0.187]
[-0.356,-1.118, 0.187]
[-0.316,-1.112, 0.187]
[-0.279,-1.108, 0.187]
[-0.246,-1.122, 0.187]
[-0.206,-1.102, 0.187]
[-0.173,-1.115, 0.187]
[-0.137,-1.107, 0.187]
[-0.104,-1.124, 0.187]
[-0.07 ,-1.128, 0.187]
[-0.036,-1.163, 0.187]
[ 0.   ,-1.153, 0.187]
[ 0.036,-1.166, 0.187]
[ 0.076,-1.229, 0.187]
[ 0.32 ,-3.45 , 0.187]
[ 0.422,-3.406, 0.187]
[ 0.516,-3.324, 0.187]
[ 0.609,-3.258, 0.187]
[ 0.698,-3.186, 0.187]
[ 0.785,-3.12 , 0.187]
[ 0.869,-3.056, 0.187]
[ 0.959,-3.016, 0.187]
[ 1.04 ,-2.952, 0.187]
[ 1.111,-2.868, 0.187]
[ 1.186,-2.801, 0.187]
[ 1.271,-2.763, 0.187]
[ 1.333,-2.677, 0.187]
[ 1.403,-2.614, 0.187]
[ 1.459,-2.528, 0.187]
[ 1.529,-2.469, 0.187]
[ 1.589,-2.399, 0.187]
[ 1.646,-2.325, 0.187]
[ 1.714,-2.27 , 0.187]
[ 1.757,-2.184, 0.187]
[ 1.819,-2.123, 0.187]
[ 1.876,-2.058, 0.187]
[ 1.917,-1.977, 0.187]
[ 1.967,-1.908, 0.187]
[ 2.009,-1.831, 0.187]
[ 2.068,-1.772, 0.187]
[ 2.096,-1.687, 0.187]
[ 2.15 ,-1.624, 0.187]
[ 2.186,-1.547, 0.187]
[ 2.209,-1.464, 0.187]
[ 2.259,-1.399, 0.187]
[ 2.292,-1.323, 0.187]
[ 2.311,-1.241, 0.187]
[ 2.345,-1.168, 0.187]
[ 2.368,-1.09 , 0.187]
[ 2.413,-1.021, 0.187]
[ 2.433,-0.942, 0.187]
[ 2.467,-0.869, 0.187]
[ 2.484,-0.79 , 0.187]
[ 2.497,-0.71 , 0.187]
[ 2.522,-0.634, 0.187]
[ 2.559,-0.56 , 0.187]
[ 2.581,-0.482, 0.187]
[ 2.572,-0.399, 0.187]
[ 2.589,-0.321, 0.187]
[ 2.605,-0.241, 0.187]
[ 2.617,-0.161, 0.187]
[ 2.61 ,-0.08 , 0.187]
[2.644,0.   ,0.187]
[2.63 ,0.081,0.187]
[2.654,0.164,0.187]
[2.631,0.244,0.187]
[2.632,0.326,0.187]
[0.431,0.067,0.187]
[0.406,0.076,0.187]
[0.414,0.091,0.187]
[0.372,0.094,0.187]
[0.355,0.101,0.187]
[0.331,0.105,0.187]
[0.33 ,0.116,0.187]
[0.312,0.121,0.187]
[0.301,0.127,0.187]
[0.313,0.144,0.187]
[0.302,0.151,0.187]
[0.292,0.157,0.187]
[0.292,0.168,0.187]
[0.262,0.162,0.187]
[0.263,0.174,0.187]
[0.268,0.19 ,0.187]
[0.267,0.202,0.187]
[0.261,0.21 ,0.187]
[0.244,0.209,0.187]
[0.243,0.221,0.187]
[0.232,0.225,0.187]
[0.22 ,0.227,0.187]
[0.219,0.24 ,0.187]
[0.206,0.24 ,0.187]
[0.205,0.254,0.187]
[0.207,0.274,0.187]
[0.181,0.256,0.187]
[0.178,0.268,0.187]
[0.175,0.283,0.187]
[0.167,0.29 ,0.187]
[0.161,0.299,0.187]
[0.158,0.318,0.187]
[0.155,0.336,0.187]
[0.144,0.339,0.187]
[0.133,0.342,0.187]
[0.126,0.357,0.187]
[0.117,0.367,0.187]
[0.11 ,0.386,0.187]
[0.107,0.426,0.187]
[0.373,1.702,0.187]
[0.319,1.705,0.187]
[0.294,1.894,0.187]
[0.23 ,1.858,0.187]
[0.171,1.842,0.187]
[0.114,1.842,0.187]
[0.057,1.853,0.187]
[0.   ,1.839,0.187]
