[-0.033, 1.059, 0.187]
[-0.064, 1.031, 0.187]
[-0.098, 1.044, 0.187]
[-0.13 , 1.043, 0.187]
[-0.162, 1.032, 0.187]
[-0.191, 1.011, 0.187]
[-0.227, 1.025, 0.187]
[-0.259, 1.018, 0.187]
[-0.294, 1.023, 0.187]
[-0.329, 1.024, 0.187]
[-0.372, 1.044, 0.187]
[-0.416, 1.062, 0.187]
[-0.744, 1.738, 0.187]
[-0.793, 1.705, 0.187]
[-0.822, 1.632, 0.187]
[-0.882, 1.623, 0.187]
[-0.929, 1.591, 0.187]
[-0.985, 1.571, 0.187]
[-1.058, 1.577, 0.187]
[-1.12 , 1.562, 0.187]
[-1.528, 1.997, 0.187]
[-1.548, 1.897, 0.187]
[-1.587, 1.827, 0.187]
[-1.633, 1.765, 0.187]
[-1.681, 1.707, 0.187]
[-1.748, 1.669, 0.187]
[-1.833, 1.643, 0.187]
[-1.914, 1.612, 0.187]
[-1.029, 0.813, 0.187]
[-1.032, 0.765, 0.187]
[-1.053, 0.731, 0.187]
[-1.065, 0.691, 0.187]
[-1.066, 0.645, 0.187]
[-1.075, 0.606, 0.187]
[-1.123, 0.588, 0.187]
[-1.102, 0.534, 0.187]
[-1.123, 0.501, 0.187]
[-1.16 , 0.475, 0.187]
[-1.17 , 0.437, 0.187]
[-1.21 , 0.41 , 0.187]
[-1.261, 0.384, 0.187]
[-2.251, 0.609, 0.187]
[-0.749, 0.178, 0.187]
[-0.735, 0.151, 0.187]
[-0.71 , 0.123, 0.187]
[-0.696, 0.098, 0.187]
[-0.696, 0.076, 0.187]
[-0.68 , 0.053, 0.187]
[-0.688, 0.032, 0.187]
[-0.68 , 0.011, 0.187]
[-0.678,-0.011, 0.187]
[-0.68 ,-0.032, 0.187]
[-0.667,-0.052, 0.187]
[-0.691,-0.076, 0.187]
[-0.672,-0.095, 0.187]
[-0.679,-0.117, 0.187]
[-0.681,-0.14 , 0.187]
[-0.663,-0.158, 0.187]
[-0.67 ,-0.181, 0.187]
[-0.662,-0.202, 0.187]
[-0.691,-0.234, 0.187]
[-0.694,-0.259, 0.187]
[-0.707,-0.29 , 0.187]
[-0.73 ,-0.326, 0.187]
[-1.719,-0.832, 0.187]
[-1.64 ,-0.858, 0.187]
[-1.567,-0.883, 0.187]
[-1.553,-0.94 , 0.187]
[-1.502,-0.974, 0.187]
[-1.467,-1.018, 0.187]
[-1.444,-1.07 , 0.187]
[-1.434,-1.133, 0.187]
[-1.408,-1.185, 0.187]
[-1.411,-1.265, 0.187]
[-2.459,-2.347, 0.187]
[-2.282,-2.318, 0.187]
[-1.927,-2.083, 0.187]
[-1.814,-2.088, 0.187]
[-1.712,-2.099, 0.187]
[-1.619,-2.115, 0.187]
[-1.532,-2.136, 0.187]
[-1.434,-2.137, 0.187]
[-1.34 ,-2.138, 0.187]
[-1.259,-2.154, 0.187]
[-1.174,-2.16 , 0.187]
[-1.099,-2.183, 0.187]
[-1.003,-2.155, 0.187]
[-0.93 ,-2.174, 0.187]
[-0.848,-2.167, 0.187]
[-0.77 ,-2.162, 0.187]
[-0.693,-2.155, 0.187]
[-0.62 ,-2.156, 0.187]
[-0.547,-2.151, 0.187]
[-0.477,-2.155, 0.187]
[-0.4  ,-2.116, 0.187]
[-0.333,-2.124, 0.187]
[-0.264,-2.11 , 0.187]
[-0.196,-2.089, 0.187]
[-0.13 ,-2.085, 0.187]
[-0.065,-2.076, 0.187]
[ 0.   ,-2.059, 0.187]
[ 0.063,-2.032, 0.187]
[ 0.126,-2.025, 0.187]
[ 0.187,-1.994, 0.187]
[ 0.245,-1.962, 0.187]
[ 0.308,-1.964, 0.187]
[ 0.365,-1.931, 0.187]
[ 0.425,-1.919, 0.187]
[ 0.484,-1.904, 0.187]
[ 0.534,-1.859, 0.187]
[ 0.592,-1.842, 0.187]
[ 0.638,-1.793, 0.187]
[ 0.701,-1.791, 0.187]
[ 0.756,-1.767, 0.187]
[ 0.812,-1.744, 0.187]
[ 0.853,-1.694, 0.187]
[ 0.897,-1.651, 0.187]
[ 0.945,-1.617, 0.187]
[ 1.   ,-1.595, 0.187]
[ 1.044,-1.556, 0.187]
[ 1.087,-1.516, 0.187]
[ 1.141,-1.49 , 0.187]
[ 1.175,-1.441, 0.187]
[ 1.227,-1.412, 0.187]
[ 1.27 ,-1.373, 0.187]
[ 1.304,-1.324, 0.187]
[ 1.337,-1.276, 0.187]
[ 1.386,-1.243, 0.187]
[ 1.418,-1.194, 0.187]
[ 1.462,-1.155, 0.187]
[ 1.505,-1.115, 0.187]
[ 1.533,-1.064, 0.187]
[ 1.579,-1.025, 0.187]
[ 1.607,-0.973, 0.187]
[ 1.639,-0.924, 0.187]
[ 1.685,-0.882, 0.187]
[ 1.717,-0.832, 0.187]
[ 1.739,-0.777, 0.187]
[ 1.767,-0.724, 0.187]
[ 1.787,-0.668, 0.187]
[ 1.825,-0.618, 0.187]
[ 1.872,-0.57 , 0.187]
[ 1.91 ,-0.517, 0.187]
[ 1.939,-0.461, 0.187]
[ 1.968,-0.403, 0.187]
[ 1.985,-0.343, 0.187]
[ 2.005,-0.282, 0.187]
[ 2.03 ,-0.222, 0.187]
[ 2.056,-0.16 , 0.187]
[ 2.074,-0.097, 0.187]
[ 2.079,-0.032, 0.187]
[2.097,0.033,0.187]
[2.121,0.099,0.187]
[2.146,0.167,0.187]
[2.141,0.234,0.187]
[2.17 ,0.306,0.187]
[2.174,0.376,0.187]
[2.207,0.452,0.187]
[2.185,0.519,0.187]
[2.208,0.598,0.187]
[2.212,0.673,0.187]
[2.22 ,0.752,0.187]
[2.086,0.78 ,0.187]
[0.771,0.316,0.187]
[0.741,0.331,0.187]
[0.699,0.338,0.187]
[0.683,0.358,0.187]
[0.661,0.373,0.187]
[0.644,0.39 ,0.187]
[0.635,0.412,0.187]
[0.62 ,0.43 ,0.187]
[0.591,0.438,0.187]
[0.577,0.456,0.187]
[0.558,0.47 ,0.187]
[0.535,0.48 ,0.187]
[0.534,0.509,0.187]
[0.527,0.535,0.187]
[0.506,0.547,0.187]
[0.493,0.567,0.187]
[0.488,0.599,0.187]
[0.472,0.616,0.187]
[0.474,0.661,0.187]
[0.459,0.684,0.187]
[1.521,2.427,0.187]
[1.416,2.424,0.187]
[1.328,2.445,0.187]
[1.258,2.498,0.187]
[1.175,2.526,0.187]
[1.116,2.608,0.187]
[1.055,2.693,0.187]
[0.587,1.648,0.187]
[0.523,1.628,0.187]
[0.474,1.65 ,0.187]
[0.414,1.628,0.187]
[0.369,1.669,0.187]
[0.312,1.652,0.187]
[0.264,1.682,0.187]
[0.212,1.695,0.187]
[0.103,1.096,0.187]
[0.068,1.092,0.187]
[0.034,1.081,0.187]
[0.   ,1.04 ,0.187]
