[-0.053, 1.673, 0.187]
[-0.102, 1.603, 0.187]
[-0.152, 1.592, 0.187]
[-0.199, 1.561, 0.187]
[-0.245, 1.53 , 0.187]
[-0.294, 1.524, 0.187]
[-0.347, 1.536, 0.187]
[-0.393, 1.516, 0.187]
[-0.435, 1.483, 0.187]
[-0.307, 0.934, 0.187]
[-0.335, 0.92 , 0.187]
[-0.35 , 0.875, 0.187]
[-0.372, 0.851, 0.187]
[-0.395, 0.83 , 0.187]
[-0.415, 0.805, 0.187]
[-0.44 , 0.79 , 0.187]
[-0.469, 0.783, 0.187]
[-0.489, 0.762, 0.187]
[-0.507, 0.736, 0.187]
[-0.532, 0.723, 0.187]
[-0.568, 0.723, 0.187]
[-0.59 , 0.703, 0.187]
[-0.613, 0.685, 0.187]
[-0.634, 0.665, 0.187]
[-0.69 , 0.679, 0.187]
[-0.728, 0.672, 0.187]
[-1.317, 1.142, 0.187]
[-1.338, 1.087, 0.187]
[-1.36 , 1.035, 0.187]
[-1.415, 1.008, 0.187]
[-1.412, 0.939, 0.187]
[-1.471, 0.913, 0.187]
[-1.515, 0.875, 0.187]
[-1.584, 0.849, 0.187]
[-2.162, 1.071, 0.187]
[-2.116, 0.966, 0.187]
[-2.127, 0.891, 0.187]
[-2.137, 0.816, 0.187]
[-2.178, 0.754, 0.187]
[-2.189, 0.681, 0.187]
[-2.242, 0.62 , 0.187]
[-2.285, 0.554, 0.187]
[-1.193, 0.25 , 0.187]
[-1.171, 0.206, 0.187]
[-1.18 , 0.17 , 0.187]
[-1.172, 0.131, 0.187]
[-1.154, 0.092, 0.187]
[-1.17 , 0.056, 0.187]
[-1.151, 0.018, 0.187]
[-1.134,-0.018, 0.187]
[-1.164,-0.055, 0.187]
[-1.174,-0.093, 0.187]
[-1.175,-0.131, 0.187]
[-1.203,-0.173, 0.187]
[-1.209,-0.213, 0.187]
[-1.251,-0.262, 0.187]
[-0.765,-0.186, 0.187]
[-0.73 ,-0.202, 0.187]
[-0.677,-0.21 , 0.187]
[-0.655,-0.227, 0.187]
[-0.64 ,-0.244, 0.187]
[-0.623,-0.261, 0.187]
[-0.618,-0.282, 0.187]
[-0.612,-0.303, 0.187]
[-0.587,-0.315, 0.187]
[-0.57 ,-0.329, 0.187]
[-0.569,-0.353, 0.187]
[-0.543,-0.361, 0.187]
[-0.545,-0.388, 0.187]
[-0.535,-0.407, 0.187]
[-0.511,-0.415, 0.187]
[-0.506,-0.438, 0.187]
[-0.492,-0.454, 0.187]
[-0.475,-0.468, 0.187]
[-0.475,-0.498, 0.187]
[-0.468,-0.523, 0.187]
[-0.467,-0.557, 0.187]
[-0.459,-0.584, 0.187]
[-0.451,-0.613, 0.187]
[-1.027,-1.492, 0.187]
[-0.974,-1.516, 0.187]
[-0.93 ,-1.554, 0.187]
[-0.901,-1.619, 0.187]
[-0.858,-1.664, 0.187]
[-1.396,-2.933, 0.187]
[-1.344,-3.071, 0.187]
[-1.09 ,-2.723, 0.187]
[-0.982,-2.698, 0.187]
[-0.878,-2.672, 0.187]
[-0.778,-2.648, 0.187]
[-0.688,-2.651, 0.187]
[-0.595,-2.636, 0.187]
[-0.5  ,-2.594, 0.187]
[-0.409,-2.558, 0.187]
[-0.325,-2.543, 0.187]
[-0.239,-2.508, 0.187]
[-0.158,-2.483, 0.187]
[-0.078,-2.459, 0.187]
[ 0.   ,-2.433, 0.187]
[ 0.077,-2.414, 0.187]
[ 0.151,-2.38 , 0.187]
[ 0.225,-2.356, 0.187]
[ 0.294,-2.304, 0.187]
[ 0.364,-2.274, 0.187]
[ 0.431,-2.236, 0.187]
[ 0.498,-2.204, 0.187]
[ 0.563,-2.17 , 0.187]
[ 0.625,-2.13 , 0.187]
[ 0.687,-2.093, 0.187]
[ 0.749,-2.057, 0.187]
[ 0.806,-2.013, 0.187]
[ 0.862,-1.971, 0.187]
[ 0.923,-1.94 , 0.187]
[ 0.969,-1.88 , 0.187]
[ 1.022,-1.836, 0.187]
[ 1.078,-1.801, 0.187]
[ 1.137,-1.769, 0.187]
[ 1.167,-1.696, 0.187]
[ 1.217,-1.653, 0.187]
[ 1.266,-1.61 , 0.187]
[ 1.313,-1.564, 0.187]
[ 1.365,-1.526, 0.187]
[ 1.401,-1.469, 0.187]
[ 1.44 ,-1.418, 0.187]
[ 1.477,-1.364, 0.187]
[ 1.517,-1.314, 0.187]
[ 1.556,-1.264, 0.187]
[ 1.597,-1.215, 0.187]
[ 1.626,-1.158, 0.187]
[ 1.678,-1.116, 0.187]
[ 1.689,-1.048, 0.187]
[ 1.727,-0.997, 0.187]
[ 1.757,-0.941, 0.187]
[ 1.783,-0.884, 0.187]
[ 1.818,-0.83 , 0.187]
[ 1.841,-0.771, 0.187]
[ 1.874,-0.716, 0.187]
[ 1.875,-0.649, 0.187]
[ 1.903,-0.592, 0.187]
[ 1.938,-0.536, 0.187]
[ 1.947,-0.472, 0.187]
[ 1.954,-0.409, 0.187]
[ 1.978,-0.349, 0.187]
[ 2.002,-0.288, 0.187]
[ 2.032,-0.227, 0.187]
[ 2.026,-0.161, 0.187]
[ 2.03 ,-0.097, 0.187]
[ 2.098,-0.033, 0.187]
[2.095,0.033,0.187]
[2.109,0.1  ,0.187]
[2.102,0.167,0.187]
[2.101,0.234,0.187]
[2.103,0.302,0.187]
[2.102,0.371,0.187]
[2.094,0.438,0.187]
[2.111,0.512,0.187]
[2.122,0.587,0.187]
[2.1  ,0.653,0.187]
[2.114,0.731,0.187]
[2.086,0.797,0.187]
[2.085,0.873,0.187]
[2.073,0.947,0.187]
[2.053,1.018,0.187]
[2.05 ,1.099,0.187]
[2.019,1.165,0.187]
[2.012,1.248,0.187]
[1.998,1.329,0.187]
[1.764,1.256,0.187]
[0.598,0.455,0.187]
[0.552,0.449,0.187]
[0.527,0.457,0.187]
[0.505,0.466,0.187]
[0.464,0.456,0.187]
[0.458,0.48 ,0.187]
[0.43 ,0.481,0.187]
[0.42 ,0.5  ,0.187]
[0.406,0.516,0.187]
[0.375,0.509,0.187]
[0.358,0.521,0.187]
[0.35 ,0.545,0.187]
[0.332,0.555,0.187]
[0.312,0.56 ,0.187]
[0.299,0.579,0.187]
[0.271,0.57 ,0.187]
[0.266,0.608,0.187]
[0.249,0.622,0.187]
[0.225,0.617,0.187]
[0.211,0.641,0.187]
[0.196,0.666,0.187]
[0.177,0.681,0.187]
[0.157,0.697,0.187]
[0.527,2.735,0.187]
[0.426,2.661,0.187]
[0.336,2.633,0.187]
[0.25 ,2.621,0.187]
[0.169,2.654,0.187]
[0.085,2.669,0.187]
[0.   ,2.706,0.187]
