[-0.043, 1.256, 0.187]
[-0.085, 1.24 , 0.187]
[-0.125, 1.214, 0.187]
[-0.164, 1.195, 0.187]
[-0.203, 1.177, 0.187]
[-0.241, 1.162, 0.187]
[-0.282, 1.157, 0.187]
[-0.325, 1.158, 0.187]
[-0.359, 1.131, 0.187]
[-0.404, 1.138, 0.187]
[-0.445, 1.128, 0.187]
[-0.49 , 1.127, 0.187]
[-0.545, 1.147, 0.187]
[-1.068, 2.061, 0.187]
[-1.142, 2.032, 0.187]
[-1.202, 1.977, 0.187]
[-1.281, 1.953, 0.187]
[-1.363, 1.932, 0.187]
[-1.481, 1.953, 0.187]
[-2.002, 2.461, 0.187]
[-2.034, 2.333, 0.187]
[-2.051, 2.196, 0.187]
[-2.069, 2.069, 0.187]
[-2.106, 1.967, 0.187]
[-2.129, 1.856, 0.187]
[-2.129, 1.732, 0.187]
[-2.152, 1.632, 0.187]
[-2.169, 1.531, 0.187]
[-2.184, 1.432, 0.187]
[-2.185, 1.329, 0.187]
[-2.194, 1.234, 0.187]
[-2.175, 1.127, 0.187]
[-2.194, 1.044, 0.187]
[-2.204, 0.958, 0.187]
[-2.188, 0.863, 0.187]
[-2.168, 0.77 , 0.187]
[-2.182, 0.693, 0.187]
[-2.164, 0.606, 0.187]
[-2.163, 0.527, 0.187]
[-2.138, 0.444, 0.187]
[-2.132, 0.368, 0.187]
[-2.118, 0.291, 0.187]
[-2.103, 0.216, 0.187]
[-2.079, 0.142, 0.187]
[-2.062, 0.07 , 0.187]
[-2.052,-0.   , 0.187]
[-2.035,-0.07 , 0.187]
[-2.006,-0.137, 0.187]
[-2.   ,-0.206, 0.187]
[-1.959,-0.269, 0.187]
[-1.937,-0.334, 0.187]
[-1.912,-0.397, 0.187]
[-1.89 ,-0.461, 0.187]
[-1.853,-0.519, 0.187]
[-1.839,-0.584, 0.187]
[-1.799,-0.64 , 0.187]
[-1.755,-0.692, 0.187]
[-1.728,-0.751, 0.187]
[-1.678,-0.798, 0.187]
[-1.628,-0.844, 0.187]
[-1.602,-0.901, 0.187]
[-1.575,-0.958, 0.187]
[-1.521,-0.997, 0.187]
[-1.484,-1.048, 0.187]
[-1.456,-1.104, 0.187]
[-1.407,-1.145, 0.187]
[-1.379,-1.202, 0.187]
[-1.305,-1.219, 0.187]
[-1.26 ,-1.26 , 0.187]
[-1.222,-1.309, 0.187]
[-1.182,-1.356, 0.187]
[-1.122,-1.379, 0.187]
[-1.076,-1.419, 0.187]
[-1.022,-1.448, 0.187]
[-0.977,-1.489, 0.187]
[-0.935,-1.537, 0.187]
[-0.89 ,-1.583, 0.187]
[-0.831,-1.603, 0.187]
[-0.775,-1.63 , 0.187]
[-0.715,-1.647, 0.187]
[-0.664,-1.683, 0.187]
[-0.602,-1.695, 0.187]
[-0.553,-1.744, 0.187]
[-0.49 ,-1.749, 0.187]
[-0.433,-1.776, 0.187]
[-0.376,-1.808, 0.187]
[-0.314,-1.818, 0.187]
[-0.253,-1.838, 0.187]
[-0.189,-1.834, 0.187]
[-0.127,-1.861, 0.187]
[-0.064,-1.875, 0.187]
[ 0.   ,-1.865, 0.187]
[ 0.065,-1.9  , 0.187]
[ 0.129,-1.891, 0.187]
[ 0.199,-1.936, 0.187]
[ 0.264,-1.921, 0.187]
[ 0.329,-1.91 , 0.187]
[ 0.393,-1.889, 0.187]
[ 0.467,-1.918, 0.187]
[ 0.537,-1.916, 0.187]
[ 0.606,-1.908, 0.187]
[ 0.57 ,-1.605, 0.187]
[ 0.621,-1.574, 0.187]
[ 0.172,-0.396, 0.187]
[ 0.176,-0.371, 0.187]
[ 0.189,-0.364, 0.187]
[ 0.192,-0.341, 0.187]
[ 0.192,-0.316, 0.187]
[ 0.192,-0.293, 0.187]
[ 0.213,-0.302, 0.187]
[ 0.215,-0.284, 0.187]
[ 0.209,-0.257, 0.187]
[ 0.223,-0.256, 0.187]
[ 0.238,-0.255, 0.187]
[ 0.24 ,-0.24 , 0.187]
[ 0.252,-0.235, 0.187]
[ 0.244,-0.213, 0.187]
[ 0.266,-0.217, 0.187]
[ 0.252,-0.191, 0.187]
[ 0.275,-0.194, 0.187]
[ 0.28 ,-0.184, 0.187]
[ 0.28 ,-0.17 , 0.187]
[ 0.3  ,-0.168, 0.187]
[ 0.282,-0.146, 0.187]
[ 0.307,-0.146, 0.187]
[ 0.297,-0.129, 0.187]
[ 0.303,-0.12 , 0.187]
[ 0.312,-0.111, 0.187]
[ 0.321,-0.102, 0.187]
[ 0.325,-0.091, 0.187]
[ 0.338,-0.082, 0.187]
[ 0.344,-0.072, 0.187]
[ 0.331,-0.057, 0.187]
[ 0.35 ,-0.048, 0.187]
[ 0.354,-0.036, 0.187]
[ 0.383,-0.026, 0.187]
[ 0.374,-0.013, 0.187]
[0.394,0.   ,0.187]
[0.401,0.014,0.187]
[0.446,0.031,0.187]
[1.649,0.169,0.187]
[1.617,0.222,0.187]
[1.577,0.272,0.187]
[1.557,0.324,0.187]
[1.535,0.374,0.187]
[1.514,0.424,0.187]
[1.508,0.479,0.187]
[1.514,0.538,0.187]
[1.519,0.599,0.187]
[1.521,0.661,0.187]
[1.058,0.503,0.187]
[1.007,0.522,0.187]
[0.967,0.543,0.187]
[0.943,0.574,0.187]
[0.907,0.595,0.187]
[0.886,0.625,0.187]
[0.866,0.657,0.187]
[0.84 ,0.683,0.187]
[0.807,0.703,0.187]
[0.792,0.74 ,0.187]
[0.769,0.769,0.187]
[0.756,0.809,0.187]
[0.736,0.844,0.187]
[0.732,0.899,0.187]
[0.712,0.939,0.187]
[1.499,2.123,0.187]
[1.423,2.17 ,0.187]
[1.361,2.238,0.187]
[1.293,2.3  ,0.187]
[1.245,2.404,0.187]
[0.732,1.54 ,0.187]
[0.66 ,1.52 ,0.187]
[0.6  ,1.522,0.187]
[0.538,1.513,0.187]
[0.484,1.526,0.187]
[0.434,1.551,0.187]
[0.382,1.568,0.187]
[0.328,1.579,0.187]
[0.281,1.629,0.187]
[0.224,1.627,0.187]
[0.175,1.705,0.187]
[0.164,2.4  ,0.187]
[0.045,1.303,0.187]
[0.   ,1.257,0.187]
