[-0.09 , 2.219, 0.187]
[-0.179, 2.204, 0.187]
[-0.267, 2.188, 0.187]
[-0.354, 2.166, 0.187]
[-0.436, 2.122, 0.187]
[-0.518, 2.086, 0.187]
[-0.607, 2.083, 0.187]
[-0.682, 2.028, 0.187]
[-0.764, 2.001, 0.187]
[-0.845, 1.969, 0.187]
[-0.911, 1.905, 0.187]
[-0.986, 1.864, 0.187]
[-1.065, 1.831, 0.187]
[-1.137, 1.784, 0.187]
[-1.198, 1.721, 0.187]
[-1.275, 1.683, 0.187]
[-1.332, 1.616, 0.187]
[-1.393, 1.557, 0.187]
[-1.466, 1.511, 0.187]
[-1.517, 1.442, 0.187]
[-1.585, 1.389, 0.187]
[-1.64 , 1.323, 0.187]
[-1.678, 1.245, 0.187]
[-1.74 , 1.185, 0.187]
[-0.828, 0.516, 0.187]
[-0.854, 0.486, 0.187]
[-1.794, 0.926, 0.187]
[-1.747, 0.814, 0.187]
[-1.755, 0.732, 0.187]
[-1.772, 0.656, 0.187]
[-1.794, 0.583, 0.187]
[-1.832, 0.514, 0.187]
[-1.842, 0.437, 0.187]
[-1.88 , 0.366, 0.187]
[-1.935, 0.296, 0.187]
[-1.423, 0.159, 0.187]
[-1.374, 0.098, 0.187]
[-1.334, 0.041, 0.187]
[-1.353,-0.014, 0.187]
[-1.334,-0.068, 0.187]
[-1.314,-0.12 , 0.187]
[-1.28 ,-0.17 , 0.187]
[-1.292,-0.225, 0.187]
[-1.287,-0.278, 0.187]
[-1.293,-0.335, 0.187]
[-1.306,-0.395, 0.187]
[-1.305,-0.454, 0.187]
[-1.842,-0.725, 0.187]
[-1.782,-0.786, 0.187]
[-1.737,-0.852, 0.187]
[-1.666,-0.903, 0.187]
[-1.639,-0.976, 0.187]
[-1.59 ,-1.037, 0.187]
[-1.566,-1.114, 0.187]
[-1.543,-1.194, 0.187]
[-1.548,-1.302, 0.187]
[-1.997,-1.823, 0.187]
[-1.968,-1.948, 0.187]
[-0.822,-0.883, 0.187]
[-0.766,-0.892, 0.187]
[-0.73 ,-0.924, 0.187]
[-0.683,-0.94 , 0.187]
[-0.64 ,-0.96 , 0.187]
[-0.584,-0.958, 0.187]
[-0.547,-0.985, 0.187]
[-0.513,-1.019, 0.187]
[-0.468,-1.033, 0.187]
[-0.435,-1.074, 0.187]
[-0.394,-1.098, 0.187]
[-0.352,-1.121, 0.187]
[-0.311,-1.153, 0.187]
[-0.274,-1.208, 0.187]
[-0.528,-2.862, 0.187]
[-0.412,-2.884, 0.187]
[-0.296,-2.906, 0.187]
[-0.023,-0.382, 0.187]
[-0.007,-0.355, 0.187]
[ 0.007,-0.334, 0.187]
[ 0.02 ,-0.321, 0.187]
[ 0.031,-0.305, 0.187]
[ 0.045,-0.316, 0.187]
[ 0.053,-0.287, 0.187]
[ 0.066,-0.291, 0.187]
[ 0.073,-0.272, 0.187]
[ 0.086,-0.275, 0.187]
[ 0.094,-0.261, 0.187]
[ 0.103,-0.254, 0.187]
[ 0.109,-0.241, 0.187]
[ 0.115,-0.229, 0.187]
[ 0.123,-0.221, 0.187]
[ 0.131,-0.216, 0.187]
[ 0.159,-0.239, 0.187]
[ 0.164,-0.225, 0.187]
[ 0.159,-0.201, 0.187]
[ 0.169,-0.197, 0.187]
[ 0.183,-0.197, 0.187]
[ 0.176,-0.175, 0.187]
[ 0.205,-0.187, 0.187]
[ 0.198,-0.167, 0.187]
[ 0.218,-0.169, 0.187]
[ 0.207,-0.148, 0.187]
[ 0.229,-0.149, 0.187]
[ 0.239,-0.142, 0.187]
[ 0.251,-0.136, 0.187]
[ 0.228,-0.112, 0.187]
[ 0.261,-0.115, 0.187]
[ 0.245,-0.097, 0.187]
[ 0.256,-0.089, 0.187]
[ 0.249,-0.075, 0.187]
[ 0.275,-0.071, 0.187]
[ 0.278,-0.06 , 0.187]
[ 0.271,-0.047, 0.187]
[ 0.293,-0.039, 0.187]
[ 0.291,-0.027, 0.187]
[ 0.315,-0.016, 0.187]
[ 0.312,-0.003, 0.187]
[0.326,0.01 ,0.187]
[0.316,0.022,0.187]
[0.336,0.038,0.187]
[0.385,0.059,0.187]
[3.416,0.666,0.187]
[3.293,0.782,0.187]
[3.189,0.895,0.187]
[3.077,1.   ,0.187]
[3.005,1.113,0.187]
[2.89 ,1.206,0.187]
[2.767,1.288,0.187]
[2.685,1.385,0.187]
[2.562,1.456,0.187]
[2.484,1.548,0.187]
[2.357,1.606,0.187]
[2.262,1.679,0.187]
[2.151,1.736,0.187]
[2.047,1.793,0.187]
[1.947,1.851,0.187]
[1.846,1.903,0.187]
[1.74 ,1.945,0.187]
[1.638,1.988,0.187]
[1.55 ,2.045,0.187]
[1.438,2.066,0.187]
[1.336,2.096,0.187]
[1.24 ,2.131,0.187]
[1.141,2.157,0.187]
[1.033,2.162,0.187]
[0.934,2.178,0.187]
[0.846,2.214,0.187]
[0.742,2.207,0.187]
[0.649,2.224,0.187]
[0.554,2.233,0.187]
[0.457,2.226,0.187]
[0.365,2.234,0.187]
[0.272,2.222,0.187]
[0.18 ,2.212,0.187]
[0.09 ,2.22 ,0.187]
[0.   ,2.2  ,0.187]
