[-0.061, 1.978, 0.187]
[-0.122, 1.984, 0.187]
[-0.185, 1.998, 0.187]
[-0.251, 2.027, 0.187]
[-0.316, 2.035, 0.187]
[-0.49 , 2.621, 0.187]
[-0.553, 2.526, 0.187]
[-0.628, 2.495, 0.187]
[-0.698, 2.454, 0.187]
[-0.78 , 2.451, 0.187]
[-0.852, 2.419, 0.187]
[-0.941, 2.429, 0.187]
[-0.564, 1.332, 0.187]
[-0.589, 1.28 , 0.187]
[-0.618, 1.242, 0.187]
[-0.652, 1.215, 0.187]
[-0.69 , 1.196, 0.187]
[-0.713, 1.152, 0.187]
[-0.747, 1.128, 0.187]
[-0.792, 1.12 , 0.187]
[-0.834, 1.105, 0.187]
[-0.87 , 1.081, 0.187]
[-0.922, 1.076, 0.187]
[-0.975, 1.07 , 0.187]
[-1.649, 1.701, 0.187]
[-1.71 , 1.658, 0.187]
[-0.645, 0.588, 0.187]
[-0.624, 0.534, 0.187]
[-0.617, 0.496, 0.187]
[-0.641, 0.484, 0.187]
[-0.628, 0.445, 0.187]
[-0.641, 0.425, 0.187]
[-0.649, 0.402, 0.187]
[-0.654, 0.378, 0.187]
[-0.652, 0.35 , 0.187]
[-0.682, 0.34 , 0.187]
[-0.688, 0.317, 0.187]
[-0.7  , 0.296, 0.187]
[-0.722, 0.28 , 0.187]
[-0.725, 0.256, 0.187]
[-0.736, 0.234, 0.187]
[-0.725, 0.206, 0.187]
[-0.78 , 0.196, 0.187]
[-0.788, 0.172, 0.187]
[-0.808, 0.151, 0.187]
[-0.824, 0.128, 0.187]
[-1.884, 0.233, 0.187]
[-1.831, 0.17 , 0.187]
[-1.825, 0.113, 0.187]
[-1.819, 0.056, 0.187]
[-1.823,-0.   , 0.187]
[-1.815,-0.056, 0.187]
[-1.819,-0.112, 0.187]
[-1.845,-0.171, 0.187]
[-1.861,-0.23 , 0.187]
[-3.066,-0.476, 0.187]
[-3.433,-0.642, 0.187]
[-3.411,-0.747, 0.187]
[-3.394,-0.854, 0.187]
[-3.311,-0.942, 0.187]
[-3.048,-0.97 , 0.187]
[-2.553,-0.9  , 0.187]
[-2.454,-0.951, 0.187]
[-2.398,-1.015, 0.187]
[-2.319,-1.067, 0.187]
[-2.233,-1.112, 0.187]
[-2.145,-1.152, 0.187]
[-2.081,-1.201, 0.187]
[-2.013,-1.246, 0.187]
[-1.942,-1.287, 0.187]
[-1.861,-1.318, 0.187]
[-1.796,-1.356, 0.187]
[-1.73 ,-1.392, 0.187]
[-1.656,-1.419, 0.187]
[-1.596,-1.455, 0.187]
[-1.528,-1.482, 0.187]
[-1.471,-1.517, 0.187]
[-1.411,-1.548, 0.187]
[-1.333,-1.556, 0.187]
[-1.266,-1.573, 0.187]
[-1.208,-1.6  , 0.187]
[-1.151,-1.626, 0.187]
[-1.095,-1.653, 0.187]
[-1.025,-1.655, 0.187]
[-0.971,-1.681, 0.187]
[-0.911,-1.696, 0.187]
[-0.847,-1.7  , 0.187]
[-0.792,-1.721, 0.187]
[-0.726,-1.715, 0.187]
[-0.672,-1.734, 0.187]
[-0.61 ,-1.732, 0.187]
[-0.559,-1.758, 0.187]
[-0.5  ,-1.756, 0.187]
[-0.444,-1.767, 0.187]
[-0.388,-1.77 , 0.187]
[-0.331,-1.768, 0.187]
[-0.272,-1.755, 0.187]
[-0.217,-1.754, 0.187]
[-0.163,-1.76 , 0.187]
[-0.108,-1.747, 0.187]
[-0.054,-1.742, 0.187]
[ 0.   ,-1.741, 0.187]
[ 0.054,-1.75 , 0.187]
[ 0.108,-1.747, 0.187]
[ 0.16 ,-1.726, 0.187]
[ 0.211,-1.701, 0.187]
[ 0.267,-1.717, 0.187]
[ 0.316,-1.689, 0.187]
[ 0.368,-1.679, 0.187]
[ 0.42 ,-1.671, 0.187]
[ 0.472,-1.658, 0.187]
[ 0.527,-1.657, 0.187]
[ 0.574,-1.629, 0.187]
[ 0.622,-1.607, 0.187]
[ 0.665,-1.572, 0.187]
[ 0.718,-1.56 , 0.187]
[ 0.768,-1.542, 0.187]
[ 0.801,-1.492, 0.187]
[ 0.86 ,-1.489, 0.187]
[ 0.909,-1.468, 0.187]
[ 0.951,-1.435, 0.187]
[ 0.994,-1.404, 0.187]
[ 1.059,-1.402, 0.187]
[ 1.09 ,-1.354, 0.187]
[ 1.147,-1.339, 0.187]
[ 1.193,-1.309, 0.187]
[ 1.227,-1.265, 0.187]
[ 1.279,-1.24 , 0.187]
[ 1.325,-1.208, 0.187]
[ 1.359,-1.164, 0.187]
[ 1.427,-1.148, 0.187]
[ 1.466,-1.107, 0.187]
[ 1.518,-1.074, 0.187]
[ 1.557,-1.031, 0.187]
[ 1.594,-0.987, 0.187]
[ 1.641,-0.947, 0.187]
[ 1.702,-0.914, 0.187]
[ 1.736,-0.864, 0.187]
[ 1.758,-0.809, 0.187]
[ 1.782,-0.754, 0.187]
[ 1.845,-0.715, 0.187]
[ 1.889,-0.666, 0.187]
[ 1.939,-0.617, 0.187]
[ 1.961,-0.558, 0.187]
[ 1.999,-0.503, 0.187]
[ 2.036,-0.446, 0.187]
[ 2.08 ,-0.389, 0.187]
[ 2.097,-0.325, 0.187]
[ 2.148,-0.266, 0.187]
[ 2.193,-0.203, 0.187]
[ 2.236,-0.138, 0.187]
[ 2.261,-0.07 , 0.187]
[2.293,0.   ,0.187]
[2.27 ,0.07 ,0.187]
[0.929,0.057,0.187]
[0.875,0.081,0.187]
[0.855,0.106,0.187]
[0.851,0.132,0.187]
[0.831,0.155,0.187]
[0.82 ,0.18 ,0.187]
[0.807,0.203,0.187]
[0.799,0.227,0.187]
[0.796,0.253,0.187]
[0.786,0.277,0.187]
[0.775,0.3  ,0.187]
[0.759,0.321,0.187]
[0.756,0.348,0.187]
[0.75 ,0.373,0.187]
[0.737,0.396,0.187]
[0.752,0.434,0.187]
[0.742,0.46 ,0.187]
[0.738,0.489,0.187]
[0.746,0.528,0.187]
[2.372,1.791,0.187]
[2.263,1.821,0.187]
[2.197,1.883,0.187]
[2.155,1.965,0.187]
[2.096,2.032,0.187]
[2.068,2.132,0.187]
[1.305,1.431,0.187]
[1.217,1.421,0.187]
[1.169,1.452,0.187]
[1.112,1.473,0.187]
[1.063,1.501,0.187]
[1.013,1.529,0.187]
[0.964,1.558,0.187]
[0.923,1.599,0.187]
[0.612,1.14 ,0.187]
[0.554,1.112,0.187]
[0.508,1.103,0.187]
[0.473,1.118,0.187]
[0.429,1.107,0.187]
[0.396,1.124,0.187]
[0.362,1.138,0.187]
[0.324,1.138,0.187]
[0.294,1.168,0.187]
[0.258,1.179,0.187]
[0.221,1.182,0.187]
[0.189,1.216,0.187]
[0.151,1.223,0.187]
[0.118,1.277,0.187]
[0.124,2.018,0.187]
[0.061,1.989,0.187]
[0.   ,2.   ,0.187]
