[-0.046, 1.139, 0.187]
[-0.093, 1.15 , 0.187]
[-0.143, 1.168, 0.187]
[-0.267, 1.632, 0.187]
[-0.324, 1.576, 0.187]
[-0.38 , 1.53 , 0.187]
[-0.44 , 1.509, 0.187]
[-0.492, 1.463, 0.187]
[-0.569, 1.491, 0.187]
[-0.618, 1.439, 0.187]
[-0.679, 1.421, 0.187]
[-0.747, 1.413, 0.187]
[-0.813, 1.397, 0.187]
[-0.906, 1.421, 0.187]
[-0.595, 0.855, 0.187]
[-0.586, 0.773, 0.187]
[-0.617, 0.749, 0.187]
[-0.637, 0.712, 0.187]
[-0.659, 0.679, 0.187]
[-0.673, 0.64 , 0.187]
[-0.703, 0.616, 0.187]
[-0.729, 0.588, 0.187]
[-0.75 , 0.557, 0.187]
[-0.771, 0.525, 0.187]
[-0.802, 0.5  , 0.187]
[-0.818, 0.465, 0.187]
[-0.84 , 0.433, 0.187]
[-0.878, 0.409, 0.187]
[-0.893, 0.373, 0.187]
[-0.939, 0.348, 0.187]
[-0.97 , 0.315, 0.187]
[-1.544, 0.433, 0.187]
[-1.539, 0.365, 0.187]
[-1.53 , 0.298, 0.187]
[-1.544, 0.236, 0.187]
[-1.526, 0.171, 0.187]
[-1.542, 0.11 , 0.187]
[-1.558, 0.047, 0.187]
[-1.568,-0.016, 0.187]
[-1.588,-0.081, 0.187]
[-1.622,-0.148, 0.187]
[-2.36 ,-0.313, 0.187]
[-0.906,-0.158, 0.187]
[-0.876,-0.189, 0.187]
[-0.854,-0.221, 0.187]
[-0.808,-0.245, 0.187]
[-0.813,-0.283, 0.187]
[-0.773,-0.304, 0.187]
[-0.761,-0.336, 0.187]
[-0.759,-0.372, 0.187]
[-0.733,-0.397, 0.187]
[-0.721,-0.429, 0.187]
[-0.706,-0.46 , 0.187]
[-0.681,-0.484, 0.187]
[-0.673,-0.521, 0.187]
[-0.656,-0.552, 0.187]
[-0.633,-0.578, 0.187]
[-0.637,-0.63 , 0.187]
[-0.612,-0.657, 0.187]
[-0.599,-0.698, 0.187]
[-1.126,-1.425, 0.187]
[-1.062,-1.462, 0.187]
[-0.978,-1.468, 0.187]
[-0.924,-1.516, 0.187]
[-0.863,-1.555, 0.187]
[-0.8  ,-1.591, 0.187]
[-0.74 ,-1.632, 0.187]
[-0.681,-1.679, 0.187]
[-0.982,-2.735, 0.187]
[-0.864,-2.754, 0.187]
[-0.466,-1.729, 0.187]
[-0.388,-1.709, 0.187]
[-0.307,-1.664, 0.187]
[-0.242,-1.697, 0.187]
[-0.172,-1.687, 0.187]
[-0.103,-1.694, 0.187]
[-0.035,-1.725, 0.187]
[ 0.035,-1.722, 0.187]
[ 0.107,-1.754, 0.187]
[ 0.041,-0.406, 0.187]
[ 0.053,-0.368, 0.187]
[ 0.063,-0.343, 0.187]
[ 0.079,-0.351, 0.187]
[ 0.088,-0.325, 0.187]
[ 0.094,-0.299, 0.187]
[ 0.114,-0.318, 0.187]
[ 0.126,-0.31 , 0.187]
[ 0.135,-0.298, 0.187]
[ 0.14 ,-0.279, 0.187]
[ 0.156,-0.282, 0.187]
[ 0.168,-0.276, 0.187]
[ 0.17 ,-0.255, 0.187]
[ 0.174,-0.239, 0.187]
[ 0.181,-0.229, 0.187]
[ 0.184,-0.215, 0.187]
[ 0.208,-0.224, 0.187]
[ 0.212,-0.21 , 0.187]
[ 0.21 ,-0.192, 0.187]
[ 0.236,-0.198, 0.187]
[ 0.237,-0.184, 0.187]
[ 0.243,-0.173, 0.187]
[ 0.241,-0.157, 0.187]
[ 0.236,-0.141, 0.187]
[ 0.263,-0.143, 0.187]
[ 0.277,-0.136, 0.187]
[ 0.275,-0.121, 0.187]
[ 0.296,-0.117, 0.187]
[ 0.299,-0.104, 0.187]
[ 0.319,-0.097, 0.187]
[ 0.3  ,-0.078, 0.187]
[ 0.311,-0.067, 0.187]
[ 0.322,-0.056, 0.187]
[ 0.3  ,-0.04 , 0.187]
[ 0.313,-0.029, 0.187]
[ 0.322,-0.016, 0.187]
[ 0.34 ,-0.003, 0.187]
[0.335,0.01 ,0.187]
[0.357,0.025,0.187]
[0.389,0.044,0.187]
[0.387,0.059,0.187]
[2.778,0.542,0.187]
[2.738,0.65 ,0.187]
[2.66 ,0.746,0.187]
[2.631,0.855,0.187]
[2.563,0.949,0.187]
[2.496,1.041,0.187]
[2.437,1.134,0.187]
[2.37 ,1.223,0.187]
[2.293,1.303,0.187]
[2.219,1.383,0.187]
[2.172,1.479,0.187]
[2.09 ,1.551,0.187]
[2.015,1.626,0.187]
[1.931,1.692,0.187]
[1.853,1.761,0.187]
[1.806,1.862,0.187]
[1.698,1.898,0.187]
[1.622,1.969,0.187]
[1.533,2.022,0.187]
[1.449,2.081,0.187]
[1.356,2.127,0.187]
[1.263,2.17 ,0.187]
[1.179,2.229,0.187]
[1.088,2.276,0.187]
[0.986,2.298,0.187]
[0.891,2.333,0.187]
[0.797,2.372,0.187]
[0.702,2.408,0.187]
[0.601,2.424,0.187]
[0.505,2.457,0.187]
[0.403,2.462,0.187]
[0.303,2.477,0.187]
[0.202,2.48 ,0.187]
[0.102,2.507,0.187]
[0.   ,2.506,0.187]
