[-0.067, 2.157, 0.187]
[-0.133, 2.141, 0.187]
[-0.202, 2.163, 0.187]
[-0.27 , 2.163, 0.187]
[-0.347, 2.213, 0.187]
[-0.516, 2.735, 0.187]
[-0.589, 2.663, 0.187]
[-0.665, 2.616, 0.187]
[-0.754, 2.621, 0.187]
[-0.831, 2.583, 0.187]
[-0.927, 2.604, 0.187]
[-1.025, 2.617, 0.187]
[-0.618, 1.443, 0.187]
[-0.65 , 1.397, 0.187]
[-0.68 , 1.349, 0.187]
[-0.713, 1.313, 0.187]
[-0.756, 1.294, 0.187]
[-0.803, 1.281, 0.187]
[-0.846, 1.26 , 0.187]
[-0.882, 1.23 , 0.187]
[-0.922, 1.205, 0.187]
[-0.981, 1.202, 0.187]
[-1.058, 1.217, 0.187]
[-1.699, 1.837, 0.187]
[-1.747, 1.774, 0.187]
[-0.71 , 0.678, 0.187]
[-0.695, 0.624, 0.187]
[-0.705, 0.593, 0.187]
[-0.703, 0.556, 0.187]
[-0.718, 0.532, 0.187]
[-0.721, 0.501, 0.187]
[-0.732, 0.475, 0.187]
[-0.768, 0.465, 0.187]
[-0.762, 0.429, 0.187]
[-0.759, 0.397, 0.187]
[-0.784, 0.38 , 0.187]
[-0.795, 0.355, 0.187]
[-0.822, 0.337, 0.187]
[-0.844, 0.315, 0.187]
[-0.849, 0.288, 0.187]
[-0.849, 0.259, 0.187]
[-0.904, 0.245, 0.187]
[-0.935, 0.222, 0.187]
[-1.912, 0.392, 0.187]
[-1.875, 0.324, 0.187]
[-1.847, 0.26 , 0.187]
[-1.866, 0.204, 0.187]
[-1.878, 0.146, 0.187]
[-1.882, 0.088, 0.187]
[-1.889, 0.029, 0.187]
[-1.905,-0.03 , 0.187]
[-1.97 ,-0.092, 0.187]
[-3.105,-0.242, 0.187]
[-3.478,-0.38 , 0.187]
[-3.466,-0.488, 0.187]
[-3.44 ,-0.594, 0.187]
[-3.127,-0.641, 0.187]
[-3.087,-0.734, 0.187]
[-2.454,-0.664, 0.187]
[-2.401,-0.731, 0.187]
[-2.32 ,-0.786, 0.187]
[-2.254,-0.843, 0.187]
[-2.179,-0.893, 0.187]
[-2.094,-0.935, 0.187]
[-2.03 ,-0.983, 0.187]
[-1.957,-1.024, 0.187]
[-1.895,-1.068, 0.187]
[-1.843,-1.115, 0.187]
[-1.769,-1.148, 0.187]
[-1.698,-1.178, 0.187]
[-1.637,-1.213, 0.187]
[-1.576,-1.246, 0.187]
[-1.51 ,-1.271, 0.187]
[-1.468,-1.317, 0.187]
[-1.393,-1.329, 0.187]
[-1.336,-1.357, 0.187]
[-1.278,-1.382, 0.187]
[-1.236,-1.422, 0.187]
[-1.165,-1.428, 0.187]
[-1.109,-1.45 , 0.187]
[-1.056,-1.473, 0.187]
[-1.007,-1.501, 0.187]
[-0.931,-1.486, 0.187]
[-0.886,-1.516, 0.187]
[-0.828,-1.525, 0.187]
[-0.782,-1.552, 0.187]
[-0.716,-1.539, 0.187]
[-0.667,-1.558, 0.187]
[-0.616,-1.574, 0.187]
[-0.555,-1.558, 0.187]
[-0.509,-1.583, 0.187]
[-0.458,-1.594, 0.187]
[-0.404,-1.589, 0.187]
[-0.351,-1.587, 0.187]
[-0.302,-1.6  , 0.187]
[-0.249,-1.59 , 0.187]
[-0.199,-1.593, 0.187]
[-0.15 ,-1.601, 0.187]
[-0.099,-1.591, 0.187]
[-0.05 ,-1.595, 0.187]
[ 0.   ,-1.59 , 0.187]
[ 0.049,-1.58 , 0.187]
[ 0.099,-1.586, 0.187]
[ 0.146,-1.562, 0.187]
[ 0.194,-1.551, 0.187]
[ 0.241,-1.538, 0.187]
[ 0.289,-1.529, 0.187]
[ 0.336,-1.519, 0.187]
[ 0.386,-1.517, 0.187]
[ 0.43 ,-1.497, 0.187]
[ 0.471,-1.466, 0.187]
[ 0.521,-1.464, 0.187]
[ 0.568,-1.449, 0.187]
[ 0.616,-1.439, 0.187]
[ 0.657,-1.412, 0.187]
[ 0.702,-1.395, 0.187]
[ 0.745,-1.371, 0.187]
[ 0.783,-1.34 , 0.187]
[ 0.837,-1.336, 0.187]
[ 0.875,-1.304, 0.187]
[ 0.92 ,-1.283, 0.187]
[ 0.963,-1.259, 0.187]
[ 0.995,-1.22 , 0.187]
[ 1.046,-1.204, 0.187]
[ 1.084,-1.171, 0.187]
[ 1.139,-1.157, 0.187]
[ 1.158,-1.105, 0.187]
[ 1.194,-1.071, 0.187]
[ 1.256,-1.058, 0.187]
[ 1.28 ,-1.011, 0.187]
[ 1.319,-0.978, 0.187]
[ 1.399,-0.971, 0.187]
[ 1.431,-0.929, 0.187]
[ 1.459,-0.883, 0.187]
[ 1.514,-0.853, 0.187]
[ 1.538,-0.805, 0.187]
[ 1.58 ,-0.765, 0.187]
[ 1.627,-0.726, 0.187]
[ 1.64 ,-0.672, 0.187]
[ 1.682,-0.629, 0.187]
[ 1.73 ,-0.586, 0.187]
[ 1.755,-0.534, 0.187]
[ 1.79 ,-0.484, 0.187]
[ 1.826,-0.434, 0.187]
[ 1.839,-0.377, 0.187]
[ 1.879,-0.325, 0.187]
[ 1.912,-0.269, 0.187]
[ 1.966,-0.215, 0.187]
[ 1.992,-0.155, 0.187]
[ 2.012,-0.094, 0.187]
[ 2.062,-0.032, 0.187]
[2.086,0.032,0.187]
[2.106,0.098,0.187]
[2.148,0.167,0.187]
[2.296,0.251,0.187]
[2.294,0.323,0.187]
[1.011,0.175,0.187]
[0.973,0.199,0.187]
[0.954,0.227,0.187]
[0.917,0.248,0.187]
[0.901,0.274,0.187]
[0.867,0.294,0.187]
[0.867,0.324,0.187]
[0.844,0.346,0.187]
[0.839,0.375,0.187]
[0.82 ,0.397,0.187]
[0.811,0.425,0.187]
[0.803,0.453,0.187]
[0.805,0.487,0.187]
[0.805,0.522,0.187]
[0.777,0.539,0.187]
[0.798,0.592,0.187]
[0.788,0.623,0.187]
[2.365,1.992,0.187]
[2.276,2.04 ,0.187]
[2.187,2.087,0.187]
[2.131,2.165,0.187]
[2.08 ,2.248,0.187]
[2.071,2.383,0.187]
[1.308,1.604,0.187]
[1.235,1.613,0.187]
[1.164,1.623,0.187]
[1.111,1.656,0.187]
[1.046,1.668,0.187]
[1.002,1.715,0.187]
[0.962,1.772,0.187]
[0.91 ,1.807,0.187]
[0.611,1.313,0.187]
[0.548,1.281,0.187]
[0.494,1.262,0.187]
[0.459,1.288,0.187]
[0.411,1.279,0.187]
[0.368,1.282,0.187]
[0.33 ,1.299,0.187]
[0.291,1.317,0.187]
[0.251,1.328,0.187]
[0.214,1.368,0.187]
[0.174,1.392,0.187]
[0.133,1.422,0.187]
[0.137,2.194,0.187]
[0.067,2.16 ,0.187]
[0.   ,2.167,0.187]
