[-0.044, 1.376, 0.187]
[-0.085, 1.338, 0.187]
[-0.127, 1.326, 0.187]
[-0.165, 1.294, 0.187]
[-0.206, 1.29 , 0.187]
[-0.245, 1.27 , 0.187]
[-0.285, 1.262, 0.187]
[-0.331, 1.274, 0.187]
[-0.371, 1.263, 0.187]
[-0.415, 1.264, 0.187]
[-0.459, 1.262, 0.187]
[-0.292, 0.729, 0.187]
[-0.3  , 0.685, 0.187]
[-0.31 , 0.652, 0.187]
[-0.335, 0.649, 0.187]
[-0.344, 0.618, 0.187]
[-0.339, 0.566, 0.187]
[-0.37 , 0.575, 0.187]
[-0.38 , 0.552, 0.187]
[-0.4  , 0.543, 0.187]
[-0.419, 0.533, 0.187]
[-0.432, 0.514, 0.187]
[-0.451, 0.504, 0.187]
[-0.459, 0.482, 0.187]
[-0.487, 0.48 , 0.187]
[-0.5  , 0.462, 0.187]
[-0.514, 0.445, 0.187]
[-0.536, 0.435, 0.187]
[-0.548, 0.417, 0.187]
[-0.584, 0.416, 0.187]
[-0.605, 0.402, 0.187]
[-0.62 , 0.385, 0.187]
[-0.643, 0.371, 0.187]
[-1.337, 0.716, 0.187]
[-1.362, 0.675, 0.187]
[-1.374, 0.628, 0.187]
[-1.422, 0.595, 0.187]
[-1.478, 0.565, 0.187]
[-2.13 , 0.737, 0.187]
[-2.068, 0.643, 0.187]
[-2.056, 0.568, 0.187]
[-2.057, 0.499, 0.187]
[-2.069, 0.433, 0.187]
[-2.109, 0.372, 0.187]
[-2.119, 0.305, 0.187]
[-2.156, 0.24 , 0.187]
[-2.243, 0.178, 0.187]
[-1.16 , 0.055, 0.187]
[-1.136, 0.018, 0.187]
[-1.113,-0.018, 0.187]
[-1.086,-0.052, 0.187]
[-1.084,-0.086, 0.187]
[-1.069,-0.119, 0.187]
[-1.058,-0.152, 0.187]
[-1.072,-0.189, 0.187]
[-1.065,-0.223, 0.187]
[-1.045,-0.254, 0.187]
[-1.056,-0.292, 0.187]
[-1.057,-0.329, 0.187]
[-1.059,-0.367, 0.187]
[-1.078,-0.412, 0.187]
[-1.124,-0.471, 0.187]
[-1.754,-0.801, 0.187]
[-1.724,-0.854, 0.187]
[-0.759,-0.407, 0.187]
[-0.707,-0.408, 0.187]
[-0.678,-0.421, 0.187]
[-0.645,-0.429, 0.187]
[-0.603,-0.429, 0.187]
[-0.596,-0.454, 0.187]
[-0.579,-0.47 , 0.187]
[-0.56 ,-0.486, 0.187]
[-0.533,-0.492, 0.187]
[-0.522,-0.514, 0.187]
[-0.512,-0.537, 0.187]
[-0.49 ,-0.548, 0.187]
[-0.475,-0.566, 0.187]
[-0.458,-0.582, 0.187]
[-0.447,-0.607, 0.187]
[-0.426,-0.618, 0.187]
[-0.409,-0.636, 0.187]
[-0.395,-0.66 , 0.187]
[-0.381,-0.685, 0.187]
[-0.367,-0.711, 0.187]
[-0.362,-0.76 , 0.187]
[-1.323,-3.023, 0.187]
[-1.175,-2.936, 0.187]
[-1.06 ,-2.914, 0.187]
[-0.952,-2.898, 0.187]
[-0.845,-2.878, 0.187]
[-0.74 ,-2.853, 0.187]
[-0.639,-2.829, 0.187]
[-0.542,-2.812, 0.187]
[-0.449,-2.805, 0.187]
[-0.352,-2.762, 0.187]
[-0.259,-2.708, 0.187]
[-0.171,-2.692, 0.187]
[-0.085,-2.665, 0.187]
[ 0.   ,-2.648, 0.187]
[ 0.084,-2.631, 0.187]
[ 0.164,-2.586, 0.187]
[ 0.241,-2.528, 0.187]
[ 0.322,-2.522, 0.187]
[ 0.396,-2.473, 0.187]
[ 0.47 ,-2.437, 0.187]
[ 0.542,-2.401, 0.187]
[ 0.611,-2.354, 0.187]
[ 0.679,-2.312, 0.187]
[ 0.745,-2.267, 0.187]
[ 0.814,-2.237, 0.187]
[ 0.875,-2.186, 0.187]
[ 0.932,-2.131, 0.187]
[ 1.   ,-2.1  , 0.187]
[ 1.06 ,-2.056, 0.187]
[ 1.116,-2.007, 0.187]
[ 1.179,-1.969, 0.187]
[ 1.244,-1.936, 0.187]
[ 1.282,-1.862, 0.187]
[ 1.33 ,-1.806, 0.187]
[ 1.398,-1.778, 0.187]
[ 1.451,-1.729, 0.187]
[ 1.484,-1.658, 0.187]
[ 1.531,-1.606, 0.187]
[ 1.572,-1.547, 0.187]
[ 1.631,-1.507, 0.187]
[ 1.682,-1.458, 0.187]
[ 1.722,-1.399, 0.187]
[ 1.757,-1.337, 0.187]
[ 1.781,-1.268, 0.187]
[ 1.835,-1.221, 0.187]
[ 1.874,-1.163, 0.187]
[ 1.9  ,-1.097, 0.187]
[ 1.913,-1.025, 0.187]
[ 1.964,-0.973, 0.187]
[ 1.989,-0.908, 0.187]
[ 2.007,-0.841, 0.187]
[ 2.058,-0.786, 0.187]
[ 2.091,-0.724, 0.187]
[ 2.108,-0.656, 0.187]
[ 2.129,-0.589, 0.187]
[ 2.15 ,-0.522, 0.187]
[ 2.18 ,-0.456, 0.187]
[ 2.215,-0.391, 0.187]
[ 2.226,-0.32 , 0.187]
[ 2.257,-0.252, 0.187]
[ 2.262,-0.18 , 0.187]
[ 2.288,-0.109, 0.187]
[ 2.297,-0.036, 0.187]
[2.307,0.037,0.187]
[2.326,0.111,0.187]
[2.308,0.183,0.187]
[2.329,0.26 ,0.187]
[2.344,0.337,0.187]
[2.336,0.412,0.187]
[2.342,0.49 ,0.187]
[2.33 ,0.565,0.187]
[2.337,0.646,0.187]
[2.338,0.727,0.187]
[2.339,0.809,0.187]
[2.329,0.89 ,0.187]
[2.319,0.972,0.187]
[0.544,0.248,0.187]
[0.506,0.251,0.187]
[0.474,0.254,0.187]
[0.451,0.26 ,0.187]
[0.43 ,0.267,0.187]
[0.43 ,0.286,0.187]
[0.399,0.284,0.187]
[0.409,0.311,0.187]
[0.385,0.313,0.187]
[0.368,0.319,0.187]
[0.353,0.326,0.187]
[0.33 ,0.324,0.187]
[0.331,0.347,0.187]
[0.33 ,0.369,0.187]
[0.313,0.373,0.187]
[0.297,0.378,0.187]
[0.287,0.39 ,0.187]
[0.271,0.393,0.187]
[0.259,0.403,0.187]
[0.231,0.386,0.187]
[0.22 ,0.395,0.187]
[0.226,0.438,0.187]
[0.21 ,0.441,0.187]
[0.201,0.46 ,0.187]
[0.19 ,0.475,0.187]
[0.177,0.487,0.187]
[0.162,0.493,0.187]
[0.15 ,0.512,0.187]
[0.14 ,0.539,0.187]
[0.548,2.425,0.187]
[0.461,2.39 ,0.187]
[0.382,2.384,0.187]
[0.303,2.371,0.187]
[0.229,2.397,0.187]
[0.154,2.424,0.187]
[0.078,2.443,0.187]
[0.   ,2.555,0.187]
