[-0.051, 1.649, 0.187]
[-0.102, 1.65 , 0.187]
[-0.099, 1.06 , 0.187]
[-0.131, 1.052, 0.187]
[-0.156, 1.   , 0.187]
[-0.186, 0.989, 0.187]
[-0.217, 0.988, 0.187]
[-0.244, 0.963, 0.187]
[-0.269, 0.941, 0.187]
[-0.303, 0.948, 0.187]
[-0.332, 0.937, 0.187]
[-0.364, 0.934, 0.187]
[-0.386, 0.907, 0.187]
[-0.424, 0.916, 0.187]
[-0.451, 0.9  , 0.187]
[-0.488, 0.903, 0.187]
[-0.521, 0.897, 0.187]
[-0.569, 0.913, 0.187]
[-1.022, 1.532, 0.187]
[-1.055, 1.481, 0.187]
[-1.093, 1.437, 0.187]
[-1.127, 1.391, 0.187]
[-1.191, 1.38 , 0.187]
[-1.235, 1.345, 0.187]
[-1.276, 1.306, 0.187]
[-1.332, 1.281, 0.187]
[-1.877, 1.697, 0.187]
[-1.849, 1.57 , 0.187]
[-1.865, 1.487, 0.187]
[-1.888, 1.412, 0.187]
[-1.931, 1.353, 0.187]
[-1.984, 1.301, 0.187]
[-2.038, 1.248, 0.187]
[-2.117, 1.208, 0.187]
[-1.141, 0.605, 0.187]
[-1.126, 0.553, 0.187]
[-1.133, 0.513, 0.187]
[-1.132, 0.471, 0.187]
[-1.123, 0.428, 0.187]
[-1.137, 0.393, 0.187]
[-1.15 , 0.358, 0.187]
[-1.156, 0.321, 0.187]
[-1.189, 0.291, 0.187]
[-1.189, 0.252, 0.187]
[-1.213, 0.218, 0.187]
[-1.244, 0.184, 0.187]
[-1.26 , 0.147, 0.187]
[-0.793, 0.068, 0.187]
[-0.743, 0.04 , 0.187]
[-0.743, 0.017, 0.187]
[-0.72 ,-0.006, 0.187]
[-0.677,-0.026, 0.187]
[-0.692,-0.048, 0.187]
[-0.693,-0.07 , 0.187]
[-0.661,-0.088, 0.187]
[-0.644,-0.106, 0.187]
[-0.651,-0.128, 0.187]
[-0.649,-0.148, 0.187]
[-0.654,-0.171, 0.187]
[-0.63 ,-0.185, 0.187]
[-0.623,-0.205, 0.187]
[-0.615,-0.223, 0.187]
[-0.623,-0.248, 0.187]
[-0.627,-0.273, 0.187]
[-0.632,-0.299, 0.187]
[-0.62 ,-0.316, 0.187]
[-0.613,-0.338, 0.187]
[-0.614,-0.363, 0.187]
[-0.616,-0.39 , 0.187]
[-0.63 ,-0.427, 0.187]
[-1.503,-1.089, 0.187]
[-1.437,-1.11 , 0.187]
[-1.396,-1.149, 0.187]
[-1.337,-1.172, 0.187]
[-1.3  ,-1.213, 0.187]
[-1.271,-1.261, 0.187]
[-1.26 ,-1.33 , 0.187]
[-1.209,-1.358, 0.187]
[-1.202,-1.438, 0.187]
[-1.922,-2.448, 0.187]
[-2.073,-2.817, 0.187]
[-1.876,-2.721, 0.187]
[-1.559,-2.419, 0.187]
[-1.459,-2.425, 0.187]
[-1.355,-2.418, 0.187]
[-1.268,-2.438, 0.187]
[-1.155,-2.398, 0.187]
[-1.064,-2.397, 0.187]
[-0.978,-2.399, 0.187]
[-0.888,-2.389, 0.187]
[-0.807,-2.395, 0.187]
[-0.717,-2.367, 0.187]
[-0.63 ,-2.341, 0.187]
[-0.55 ,-2.326, 0.187]
[-0.475,-2.33 , 0.187]
[-0.398,-2.316, 0.187]
[-0.321,-2.292, 0.187]
[-0.247,-2.275, 0.187]
[-0.175,-2.253, 0.187]
[-0.103,-2.222, 0.187]
[-0.034,-2.201, 0.187]
[ 0.034,-2.195, 0.187]
[ 0.101,-2.173, 0.187]
[ 0.166,-2.142, 0.187]
[ 0.229,-2.108, 0.187]
[ 0.296,-2.109, 0.187]
[ 0.355,-2.066, 0.187]
[ 0.413,-2.025, 0.187]
[ 0.475,-2.008, 0.187]
[ 0.534,-1.982, 0.187]
[ 0.587,-1.94 , 0.187]
[ 0.647,-1.92 , 0.187]
[ 0.699,-1.881, 0.187]
[ 0.758,-1.861, 0.187]
[ 0.806,-1.815, 0.187]
[ 0.852,-1.769, 0.187]
[ 0.909,-1.747, 0.187]
[ 0.967,-1.725, 0.187]
[ 1.007,-1.674, 0.187]
[ 1.05 ,-1.629, 0.187]
[ 1.11 ,-1.61 , 0.187]
[ 1.156,-1.571, 0.187]
[ 1.201,-1.53 , 0.187]
[ 1.24 ,-1.483, 0.187]
[ 1.27 ,-1.427, 0.187]
[ 1.322,-1.395, 0.187]
[ 1.356,-1.346, 0.187]
[ 1.406,-1.311, 0.187]
[ 1.448,-1.269, 0.187]
[ 1.486,-1.223, 0.187]
[ 1.511,-1.167, 0.187]
[ 1.553,-1.125, 0.187]
[ 1.585,-1.075, 0.187]
[ 1.606,-1.018, 0.187]
[ 1.644,-0.972, 0.187]
[ 1.663,-0.915, 0.187]
[ 1.691,-0.863, 0.187]
[ 1.736,-0.82 , 0.187]
[ 1.777,-0.773, 0.187]
[ 1.788,-0.712, 0.187]
[ 1.826,-0.663, 0.187]
[ 1.843,-0.605, 0.187]
[ 1.887,-0.555, 0.187]
[ 1.911,-0.499, 0.187]
[ 1.918,-0.438, 0.187]
[ 1.929,-0.378, 0.187]
[ 1.974,-0.324, 0.187]
[ 1.984,-0.262, 0.187]
[ 2.014,-0.203, 0.187]
[ 2.035,-0.142, 0.187]
[ 2.067,-0.08 , 0.187]
[ 2.087,-0.016, 0.187]
[2.08 ,0.048,0.187]
[2.103,0.114,0.187]
[2.116,0.181,0.187]
[2.104,0.245,0.187]
[2.122,0.314,0.187]
[2.131,0.383,0.187]
[2.149,0.456,0.187]
[2.156,0.527,0.187]
[2.141,0.594,0.187]
[2.141,0.666,0.187]
[2.146,0.742,0.187]
[2.138,0.814,0.187]
[2.143,0.892,0.187]
[2.148,0.973,0.187]
[2.13 ,1.046,0.187]
[1.947,1.032,0.187]
[0.707,0.403,0.187]
[0.655,0.401,0.187]
[0.631,0.413,0.187]
[0.604,0.423,0.187]
[0.587,0.439,0.187]
[0.55 ,0.439,0.187]
[0.532,0.452,0.187]
[0.531,0.48 ,0.187]
[0.521,0.501,0.187]
[0.493,0.505,0.187]
[0.474,0.516,0.187]
[0.464,0.537,0.187]
[0.45 ,0.555,0.187]
[0.434,0.571,0.187]
[0.436,0.613,0.187]
[0.404,0.606,0.187]
[0.385,0.618,0.187]
[0.38 ,0.654,0.187]
[0.363,0.672,0.187]
[0.346,0.69 ,0.187]
[0.339,0.733,0.187]
[1.124,2.641,0.187]
[1.008,2.588,0.187]
[0.918,2.59 ,0.187]
[0.835,2.612,0.187]
[0.754,2.638,0.187]
[0.68 ,2.689,0.187]
[0.605,2.748,0.187]
[0.319,1.696,0.187]
[0.26 ,1.668,0.187]
[0.205,1.648,0.187]
[0.152,1.637,0.187]
[0.102,1.639,0.187]
[0.051,1.646,0.187]
[0.   ,1.645,0.187]
