[-0.057, 1.852, 0.187]
[-0.109, 1.771, 0.187]
[-0.08 , 0.872, 0.187]
[-0.106, 0.858, 0.187]
[-0.128, 0.827, 0.187]
[-0.156, 0.837, 0.187]
[-0.178, 0.819, 0.187]
[-0.202, 0.808, 0.187]
[-0.219, 0.774, 0.187]
[-0.241, 0.76 , 0.187]
[-0.266, 0.758, 0.187]
[-0.289, 0.749, 0.187]
[-0.313, 0.744, 0.187]
[-0.338, 0.738, 0.187]
[-0.362, 0.731, 0.187]
[-0.385, 0.722, 0.187]
[-0.417, 0.726, 0.187]
[-0.439, 0.714, 0.187]
[-0.476, 0.722, 0.187]
[-0.508, 0.722, 0.187]
[-0.549, 0.732, 0.187]
[-1.056, 1.322, 0.187]
[-1.118, 1.314, 0.187]
[-1.241, 1.371, 0.187]
[-0.518, 0.538, 0.187]
[-0.493, 0.482, 0.187]
[-0.506, 0.465, 0.187]
[-0.482, 0.417, 0.187]
[-0.5  , 0.406, 0.187]
[-0.517, 0.394, 0.187]
[-0.516, 0.369, 0.187]
[-0.522, 0.349, 0.187]
[-0.536, 0.335, 0.187]
[-0.527, 0.308, 0.187]
[-0.544, 0.296, 0.187]
[-0.553, 0.279, 0.187]
[-0.557, 0.26 , 0.187]
[-0.583, 0.251, 0.187]
[-0.583, 0.23 , 0.187]
[-0.578, 0.208, 0.187]
[-0.586, 0.19 , 0.187]
[-0.622, 0.181, 0.187]
[-0.633, 0.164, 0.187]
[-0.596, 0.135, 0.187]
[-0.634, 0.123, 0.187]
[-0.671, 0.109, 0.187]
[-0.662, 0.087, 0.187]
[-0.703, 0.07 , 0.187]
[-3.301, 0.228, 0.187]
[-3.258, 0.125, 0.187]
[-3.2  , 0.025, 0.187]
[-3.162,-0.073, 0.187]
[-3.101,-0.167, 0.187]
[-3.078,-0.26 , 0.187]
[-3.031,-0.35 , 0.187]
[-2.973,-0.436, 0.187]
[-2.929,-0.522, 0.187]
[-2.87 ,-0.602, 0.187]
[-2.821,-0.683, 0.187]
[-2.77 ,-0.761, 0.187]
[-2.735,-0.843, 0.187]
[-2.642,-0.903, 0.187]
[-2.637,-0.993, 0.187]
[-2.578,-1.062, 0.187]
[-2.516,-1.128, 0.187]
[-2.462,-1.196, 0.187]
[-2.393,-1.254, 0.187]
[-2.343,-1.321, 0.187]
[-2.273,-1.375, 0.187]
[-2.223,-1.44 , 0.187]
[-2.173,-1.504, 0.187]
[-2.09 ,-1.543, 0.187]
[-2.044,-1.608, 0.187]
[-1.979,-1.658, 0.187]
[-1.914,-1.706, 0.187]
[-1.862,-1.765, 0.187]
[-1.793,-1.806, 0.187]
[-1.723,-1.846, 0.187]
[-1.667,-1.9  , 0.187]
[-1.591,-1.929, 0.187]
[-1.545,-1.995, 0.187]
[-1.473,-2.027, 0.187]
[-1.417,-2.082, 0.187]
[-1.346,-2.114, 0.187]
[-1.275,-2.144, 0.187]
[-1.201,-2.168, 0.187]
[-1.129,-2.194, 0.187]
[-1.061,-2.228, 0.187]
[-0.999,-2.275, 0.187]
[-0.927,-2.301, 0.187]
[-0.858,-2.333, 0.187]
[-0.788,-2.365, 0.187]
[-0.713,-2.378, 0.187]
[-0.642,-2.41 , 0.187]
[-0.566,-2.42 , 0.187]
[-0.491,-2.432, 0.187]
[-0.417,-2.452, 0.187]
[-0.344,-2.478, 0.187]
[-0.268,-2.484, 0.187]
[-0.192,-2.505, 0.187]
[-0.117,-2.543, 0.187]
[-0.039,-2.547, 0.187]
[ 0.039,-2.563, 0.187]
[ 0.118,-2.554, 0.187]
[ 0.198,-2.574, 0.187]
[ 0.275,-2.553, 0.187]
[ 0.358,-2.582, 0.187]
[ 0.441,-2.592, 0.187]
[ 0.523,-2.592, 0.187]
[ 0.602,-2.572, 0.187]
[ 0.69 ,-2.59 , 0.187]
[ 0.769,-2.566, 0.187]
[ 0.853,-2.559, 0.187]
[ 0.943,-2.563, 0.187]
[ 1.018,-2.527, 0.187]
[ 1.108,-2.524, 0.187]
[ 1.204,-2.527, 0.187]
[ 1.288,-2.504, 0.187]
[ 0.381,-0.688, 0.187]
[ 0.369,-0.62 , 0.187]
[ 0.375,-0.589, 0.187]
[ 0.383,-0.563, 0.187]
[ 0.399,-0.549, 0.187]
[ 0.394,-0.509, 0.187]
[ 0.421,-0.511, 0.187]
[ 0.431,-0.491, 0.187]
[ 0.446,-0.478, 0.187]
[ 0.442,-0.445, 0.187]
[ 0.452,-0.429, 0.187]
[ 0.456,-0.406, 0.187]
[ 0.5  ,-0.419, 0.187]
[ 0.505,-0.397, 0.187]
[ 0.525,-0.388, 0.187]
[ 0.53 ,-0.367, 0.187]
[ 0.55 ,-0.356, 0.187]
[ 0.568,-0.343, 0.187]
[ 0.569,-0.321, 0.187]
[ 0.585,-0.307, 0.187]
[ 0.623,-0.303, 0.187]
[ 0.656,-0.294, 0.187]
[ 0.669,-0.276, 0.187]
[ 2.245,-0.846, 0.187]
[ 2.221,-0.76 , 0.187]
[ 2.214,-0.682, 0.187]
[ 2.229,-0.613, 0.187]
[ 2.247,-0.544, 0.187]
[ 2.28 ,-0.479, 0.187]
[ 2.315,-0.412, 0.187]
[ 2.379,-0.349, 0.187]
[ 1.201,-0.139, 0.187]
[ 1.167,-0.099, 0.187]
[ 1.15 ,-0.062, 0.187]
[ 0.522,-0.012, 0.187]
[0.5  ,0.004,0.187]
[0.471,0.018,0.187]
[0.488,0.034,0.187]
[0.453,0.045,0.187]
[0.454,0.059,0.187]
[0.447,0.073,0.187]
[0.425,0.082,0.187]
[0.435,0.098,0.187]
[0.443,0.114,0.187]
[0.403,0.117,0.187]
[0.417,0.135,0.187]
[0.383,0.138,0.187]
[0.402,0.158,0.187]
[0.385,0.166,0.187]
[0.39 ,0.182,0.187]
[0.386,0.195,0.187]
[0.384,0.209,0.187]
[0.373,0.218,0.187]
[0.38 ,0.238,0.187]
[0.37 ,0.248,0.187]
[0.353,0.252,0.187]
[0.349,0.266,0.187]
[0.346,0.281,0.187]
[0.34 ,0.293,0.187]
[0.346,0.318,0.187]
[0.334,0.327,0.187]
[0.324,0.337,0.187]
[0.332,0.367,0.187]
[0.321,0.377,0.187]
[0.325,0.406,0.187]
[0.755,1.007,0.187]
[0.72 ,1.024,0.187]
[0.678,1.029,0.187]
[0.646,1.049,0.187]
[0.611,1.064,0.187]
[0.579,1.085,0.187]
[0.548,1.107,0.187]
[0.507,1.107,0.187]
[0.478,1.136,0.187]
[0.456,1.182,0.187]
[0.427,1.218,0.187]
[0.395,1.249,0.187]
[0.532,1.88 ,0.187]
[0.458,1.83 ,0.187]
[0.395,1.811,0.187]
[0.333,1.791,0.187]
[0.278,1.797,0.187]
[0.225,1.824,0.187]
[0.168,1.827,0.187]
[0.113,1.839,0.187]
[0.057,1.856,0.187]
[0.   ,1.905,0.187]
