[-0.027, 0.931, 0.187]
[-0.054, 0.92 , 0.187]
[-0.081, 0.908, 0.187]
[-0.104, 0.879, 0.187]
[-0.13 , 0.873, 0.187]
[-0.153, 0.856, 0.187]
[-0.176, 0.84 , 0.187]
[-0.199, 0.829, 0.187]
[-0.223, 0.821, 0.187]
[-0.251, 0.827, 0.187]
[-0.274, 0.816, 0.187]
[-0.302, 0.818, 0.187]
[-0.321, 0.795, 0.187]
[-0.354, 0.807, 0.187]
[-0.387, 0.817, 0.187]
[-0.404, 0.792, 0.187]
[-0.435, 0.794, 0.187]
[-0.471, 0.803, 0.187]
[-1.567, 2.496, 0.187]
[-1.534, 2.292, 0.187]
[-1.829, 2.565, 0.187]
[-1.907, 2.514, 0.187]
[-0.728, 0.903, 0.187]
[-0.742, 0.866, 0.187]
[-0.769, 0.847, 0.187]
[-2.237, 2.321, 0.187]
[-2.308, 2.258, 0.187]
[-2.389, 2.202, 0.187]
[-2.468, 2.145, 0.187]
[-2.557, 2.093, 0.187]
[-2.649, 2.04 , 0.187]
[-2.706, 1.96 , 0.187]
[-2.809, 1.911, 0.187]
[-2.828, 1.804, 0.187]
[-2.781, 1.661, 0.187]
[-0.346, 0.193, 0.187]
[-0.317, 0.165, 0.187]
[-0.321, 0.155, 0.187]
[-0.312, 0.14 , 0.187]
[-0.313, 0.129, 0.187]
[-0.295, 0.112, 0.187]
[-0.309, 0.106, 0.187]
[-0.281, 0.087, 0.187]
[-0.295, 0.083, 0.187]
[-0.286, 0.071, 0.187]
[-0.304, 0.066, 0.187]
[-0.293, 0.055, 0.187]
[-0.308, 0.048, 0.187]
[-0.288, 0.036, 0.187]
[-0.289, 0.028, 0.187]
[-0.29 , 0.019, 0.187]
[-0.295, 0.011, 0.187]
[-0.279, 0.002, 0.187]
[-0.287,-0.006, 0.187]
[-0.293,-0.015, 0.187]
[-0.288,-0.023, 0.187]
[-0.27 ,-0.03 , 0.187]
[-0.266,-0.038, 0.187]
[-0.274,-0.047, 0.187]
[-0.285,-0.058, 0.187]
[-0.287,-0.067, 0.187]
[-0.286,-0.075, 0.187]
[-0.295,-0.087, 0.187]
[-0.282,-0.092, 0.187]
[-0.293,-0.106, 0.187]
[-0.282,-0.111, 0.187]
[-0.272,-0.117, 0.187]
[-0.293,-0.136, 0.187]
[-0.277,-0.139, 0.187]
[-0.283,-0.153, 0.187]
[-0.278,-0.16 , 0.187]
[-0.283,-0.175, 0.187]
[-0.284,-0.187, 0.187]
[-0.276,-0.194, 0.187]
[-0.296,-0.221, 0.187]
[-0.286,-0.227, 0.187]
[-0.291,-0.245, 0.187]
[-0.745,-0.667, 0.187]
[-0.704,-0.669, 0.187]
[-0.691,-0.697, 0.187]
[-0.663,-0.709, 0.187]
[-0.639,-0.725, 0.187]
[-0.608,-0.731, 0.187]
[-0.594,-0.76 , 0.187]
[-0.576,-0.783, 0.187]
[-0.552,-0.798, 0.187]
[-0.536,-0.826, 0.187]
[-0.512,-0.843, 0.187]
[-0.493,-0.869, 0.187]
[-0.468,-0.885, 0.187]
[-0.461,-0.936, 0.187]
[-1.452,-3.185, 0.187]
[-1.344,-3.195, 0.187]
[-1.252,-3.241, 0.187]
[-1.154,-3.27 , 0.187]
[-1.056,-3.299, 0.187]
[-0.956,-3.322, 0.187]
[-0.851,-3.324, 0.187]
[-0.759,-3.373, 0.187]
[-0.652,-3.36 , 0.187]
[-0.556,-3.396, 0.187]
[-0.454,-3.398, 0.187]
[-0.354,-3.416, 0.187]
[-0.253,-3.422, 0.187]
[-0.153,-3.445, 0.187]
[-0.051,-3.442, 0.187]
[ 0.051,-3.449, 0.187]
[ 0.152,-3.431, 0.187]
[ 0.253,-3.429, 0.187]
[ 0.357,-3.441, 0.187]
[ 0.459,-3.439, 0.187]
[ 0.56 ,-3.422, 0.187]
[ 0.661,-3.403, 0.187]
[ 0.766,-3.405, 0.187]
[ 0.395,-1.544, 0.187]
[ 0.432,-1.5  , 0.187]
[ 0.472,-1.474, 0.187]
[ 0.51 ,-1.445, 0.187]
[ 0.553,-1.431, 0.187]
[ 0.596,-1.416, 0.187]
[ 0.638,-1.399, 0.187]
[ 0.687,-1.397, 0.187]
[ 0.337,-0.638, 0.187]
[ 0.337,-0.593, 0.187]
[ 0.35 ,-0.576, 0.187]
[ 0.35 ,-0.54 , 0.187]
[ 0.359,-0.52 , 0.187]
[ 0.364,-0.495, 0.187]
[ 0.399,-0.51 , 0.187]
[ 0.402,-0.484, 0.187]
[ 0.397,-0.45 , 0.187]
[ 0.419,-0.447, 0.187]
[ 0.436,-0.439, 0.187]
[ 0.44 ,-0.418, 0.187]
[ 0.464,-0.415, 0.187]
[ 0.468,-0.395, 0.187]
[ 0.48 ,-0.381, 0.187]
[ 0.509,-0.38 , 0.187]
[ 0.497,-0.349, 0.187]
[ 0.529,-0.348, 0.187]
[ 0.553,-0.341, 0.187]
[ 0.565,-0.326, 0.187]
[ 0.582,-0.314, 0.187]
[ 0.584,-0.292, 0.187]
[ 0.619,-0.288, 0.187]
[ 0.672,-0.289, 0.187]
[ 1.012,-0.4  , 0.187]
[ 0.992,-0.358, 0.187]
[ 0.981,-0.322, 0.187]
[ 0.993,-0.294, 0.187]
[ 0.987,-0.261, 0.187]
[ 0.987,-0.23 , 0.187]
[ 0.974,-0.196, 0.187]
[ 0.975,-0.167, 0.187]
[ 0.985,-0.139, 0.187]
[ 0.988,-0.11 , 0.187]
[ 1.008,-0.082, 0.187]
[ 0.997,-0.052, 0.187]
[ 1.017,-0.022, 0.187]
[1.027,0.008,0.187]
[1.058,0.039,0.187]
[1.092,0.073,0.187]
[2.258,0.217,0.187]
[2.28 ,0.287,0.187]
[2.274,0.355,0.187]
[2.299,0.429,0.187]
[0.593,0.129,0.187]
[0.577,0.143,0.187]
[0.544,0.152,0.187]
[0.534,0.166,0.187]
[0.491,0.169,0.187]
[0.512,0.194,0.187]
[0.477,0.197,0.187]
[0.467,0.209,0.187]
[0.445,0.215,0.187]
[0.438,0.228,0.187]
[0.431,0.241,0.187]
[0.435,0.26 ,0.187]
[0.416,0.266,0.187]
[0.421,0.286,0.187]
[0.408,0.295,0.187]
[0.394,0.303,0.187]
[0.398,0.326,0.187]
[0.388,0.337,0.187]
[0.36 ,0.332,0.187]
[0.364,0.356,0.187]
[0.348,0.361,0.187]
[0.356,0.392,0.187]
[0.337,0.393,0.187]
[0.325,0.403,0.187]
[0.325,0.429,0.187]
[0.319,0.447,0.187]
[0.316,0.471,0.187]
[0.318,0.506,0.187]
[0.471,0.803,0.187]
[0.433,0.789,0.187]
[0.405,0.793,0.187]
[0.367,0.775,0.187]
[0.336,0.767,0.187]
[0.311,0.771,0.187]
[0.288,0.779,0.187]
[0.274,0.815,0.187]
[0.244,0.804,0.187]
[0.218,0.801,0.187]
[0.191,0.795,0.187]
[0.172,0.822,0.187]
[0.147,0.821,0.187]
[0.124,0.832,0.187]
[0.101,0.854,0.187]
[0.075,0.846,0.187]
[0.052,0.884,0.187]
[0.026,0.894,0.187]
[0.   ,0.927,0.187]
