[-0.136, 3.399, 0.187]
[-0.265, 3.308, 0.187]
[-0.389, 3.221, 0.187]
[-0.505, 3.13 , 0.187]
[-0.612, 3.017, 0.187]
[-0.709, 2.895, 0.187]
[-0.803, 2.792, 0.187]
[-0.897, 2.706, 0.187]
[-0.975, 2.588, 0.187]
[-1.064, 2.516, 0.187]
[-1.14 , 2.42 , 0.187]
[-1.206, 2.315, 0.187]
[-1.27 , 2.217, 0.187]
[-1.341, 2.137, 0.187]
[-1.394, 2.036, 0.187]
[-1.44 , 1.932, 0.187]
[-1.488, 1.839, 0.187]
[-1.552, 1.768, 0.187]
[-1.588, 1.67 , 0.187]
[-1.638, 1.59 , 0.187]
[-1.669, 1.495, 0.187]
[-1.706, 1.409, 0.187]
[-1.739, 1.323, 0.187]
[-1.757, 1.229, 0.187]
[-1.778, 1.14 , 0.187]
[-1.811, 1.062, 0.187]
[-1.817, 0.97 , 0.187]
[-1.853, 0.896, 0.187]
[-1.868, 0.812, 0.187]
[-1.862, 0.722, 0.187]
[-1.892, 0.648, 0.187]
[-1.885, 0.563, 0.187]
[-1.873, 0.478, 0.187]
[-1.906, 0.406, 0.187]
[-1.862, 0.32 , 0.187]
[-1.885, 0.247, 0.187]
[-1.863, 0.168, 0.187]
[-1.865, 0.093, 0.187]
[-1.854, 0.019, 0.187]
[-1.846,-0.055, 0.187]
[-1.819,-0.128, 0.187]
[-1.802,-0.199, 0.187]
[-1.78 ,-0.269, 0.187]
[-1.758,-0.338, 0.187]
[-1.745,-0.409, 0.187]
[-1.721,-0.476, 0.187]
[-1.691,-0.542, 0.187]
[-1.644,-0.601, 0.187]
[-1.616,-0.665, 0.187]
[-1.618,-0.743, 0.187]
[-1.583,-0.804, 0.187]
[-1.546,-0.865, 0.187]
[-1.495,-0.917, 0.187]
[-1.464,-0.981, 0.187]
[-1.426,-1.04 , 0.187]
[-1.365,-1.082, 0.187]
[-1.314,-1.13 , 0.187]
[-1.275,-1.189, 0.187]
[-1.235,-1.248, 0.187]
[-1.177,-1.288, 0.187]
[-1.122,-1.331, 0.187]
[-1.071,-1.378, 0.187]
[-1.011,-1.415, 0.187]
[-0.96 ,-1.464, 0.187]
[-0.896,-1.495, 0.187]
[-0.839,-1.535, 0.187]
[-0.779,-1.571, 0.187]
[-0.713,-1.595, 0.187]
[-0.652,-1.633, 0.187]
[-0.588,-1.663, 0.187]
[-0.525,-1.697, 0.187]
[-0.451,-1.695, 0.187]
[-0.386,-1.727, 0.187]
[-0.323,-1.772, 0.187]
[-0.251,-1.781, 0.187]
[-0.179,-1.781, 0.187]
[-0.108,-1.796, 0.187]
[-0.036,-1.814, 0.187]
[ 0.027,-1.36 , 0.187]
[ 0.082,-1.36 , 0.187]
[ 0.243,-2.419, 0.187]
[ 0.335,-2.377, 0.187]
[ 0.428,-2.349, 0.187]
[ 0.52 ,-2.322, 0.187]
[ 0.614,-2.308, 0.187]
[ 0.72 ,-2.327, 0.187]
[ 0.818,-2.311, 0.187]
[ 0.141,-0.353, 0.187]
[ 0.153,-0.342, 0.187]
[ 0.162,-0.326, 0.187]
[ 0.173,-0.317, 0.187]
[ 0.174,-0.29 , 0.187]
[ 0.184,-0.281, 0.187]
[ 0.191,-0.267, 0.187]
[ 0.198,-0.255, 0.187]
[ 0.206,-0.244, 0.187]
[ 0.223,-0.243, 0.187]
[ 0.236,-0.239, 0.187]
[ 0.239,-0.223, 0.187]
[ 0.233,-0.2  , 0.187]
[ 0.23 ,-0.183, 0.187]
[ 0.255,-0.186, 0.187]
[ 0.244,-0.164, 0.187]
[ 0.247,-0.152, 0.187]
[ 0.268,-0.15 , 0.187]
[ 0.273,-0.139, 0.187]
[ 0.276,-0.127, 0.187]
[ 0.279,-0.115, 0.187]
[ 0.287,-0.105, 0.187]
[ 0.305,-0.098, 0.187]
[ 0.309,-0.085, 0.187]
[ 0.296,-0.069, 0.187]
[ 0.31 ,-0.06 , 0.187]
[ 0.293,-0.044, 0.187]
[ 0.299,-0.033, 0.187]
[ 0.311,-0.022, 0.187]
[ 0.32 ,-0.01 , 0.187]
[0.319,0.003,0.187]
[0.309,0.015,0.187]
[0.3  ,0.027,0.187]
[0.328,0.043,0.187]
[0.337,0.058,0.187]
[0.341,0.073,0.187]
[0.342,0.087,0.187]
[0.328,0.098,0.187]
[0.376,0.129,0.187]
[0.37 ,0.143,0.187]
[1.158,0.504,0.187]
[1.149,0.555,0.187]
[1.165,0.622,0.187]
[2.493,1.461,0.187]
[2.427,1.556,0.187]
[1.626,1.137,0.187]
[1.54 ,1.172,0.187]
[1.475,1.218,0.187]
[1.411,1.264,0.187]
[1.355,1.315,0.187]
[1.305,1.372,0.187]
[1.257,1.432,0.187]
[1.218,1.505,0.187]
[1.18 ,1.583,0.187]
[1.542,2.252,0.187]
[0.861,1.373,0.187]
[0.78 ,1.361,0.187]
[0.712,1.366,0.187]
[0.653,1.385,0.187]
[0.591,1.397,0.187]
[0.532,1.412,0.187]
[0.482,1.453,0.187]
[0.421,1.462,0.187]
[0.366,1.494,0.187]
[0.312,1.537,0.187]
[0.253,1.566,0.187]
[0.319,2.641,0.187]
[0.215,2.675,0.187]
[0.107,2.673,0.187]
[0.   ,2.719,0.187]
