[-0.044, 1.255, 0.187]
[-0.088, 1.259, 0.187]
[-0.133, 1.268, 0.187]
[-0.178, 1.273, 0.187]
[-0.225, 1.284, 0.187]
[-0.279, 1.319, 0.187]
[-0.575, 2.321, 0.187]
[-0.654, 2.296, 0.187]
[-0.738, 2.283, 0.187]
[-0.815, 2.254, 0.187]
[-0.916, 2.281, 0.187]
[-1.298, 2.933, 0.187]
[-1.363, 2.813, 0.187]
[-1.414, 2.677, 0.187]
[-1.471, 2.565, 0.187]
[-1.533, 2.47 , 0.187]
[-1.584, 2.366, 0.187]
[-1.618, 2.243, 0.187]
[-1.659, 2.139, 0.187]
[-1.7  , 2.042, 0.187]
[-1.737, 1.945, 0.187]
[-1.77 , 1.848, 0.187]
[-1.795, 1.749, 0.187]
[-1.836, 1.669, 0.187]
[-1.842, 1.561, 0.187]
[-1.882, 1.486, 0.187]
[-1.889, 1.388, 0.187]
[-1.915, 1.307, 0.187]
[-1.937, 1.225, 0.187]
[-1.955, 1.144, 0.187]
[-1.947, 1.05 , 0.187]
[-1.961, 0.972, 0.187]
[-1.972, 0.893, 0.187]
[-1.964, 0.808, 0.187]
[-1.994, 0.741, 0.187]
[-1.996, 0.664, 0.187]
[-1.979, 0.583, 0.187]
[-1.982, 0.51 , 0.187]
[-1.982, 0.437, 0.187]
[-1.973, 0.364, 0.187]
[-1.973, 0.293, 0.187]
[-1.961, 0.222, 0.187]
[-1.958, 0.153, 0.187]
[-1.938, 0.084, 0.187]
[-1.932, 0.017, 0.187]
[-1.913,-0.05 , 0.187]
[-1.9  ,-0.116, 0.187]
[-1.877,-0.18 , 0.187]
[-1.865,-0.244, 0.187]
[-1.836,-0.306, 0.187]
[-1.797,-0.363, 0.187]
[-1.784,-0.426, 0.187]
[-1.762,-0.486, 0.187]
[-1.749,-0.548, 0.187]
[-1.7  ,-0.598, 0.187]
[-1.68 ,-0.658, 0.187]
[-1.651,-0.713, 0.187]
[-1.633,-0.774, 0.187]
[-1.583,-0.819, 0.187]
[-1.542,-0.867, 0.187]
[-1.513,-0.921, 0.187]
[-1.479,-0.972, 0.187]
[-1.439,-1.019, 0.187]
[-1.412,-1.075, 0.187]
[-1.364,-1.116, 0.187]
[-1.313,-1.152, 0.187]
[-1.283,-1.207, 0.187]
[-1.25 ,-1.261, 0.187]
[-1.206,-1.305, 0.187]
[-1.166,-1.352, 0.187]
[-1.132,-1.408, 0.187]
[-1.063,-1.421, 0.187]
[-1.012,-1.455, 0.187]
[-0.969,-1.503, 0.187]
[-0.912,-1.528, 0.187]
[-0.865,-1.572, 0.187]
[-0.818,-1.617, 0.187]
[-0.758,-1.635, 0.187]
[-0.696,-1.65 , 0.187]
[-0.648,-1.699, 0.187]
[-0.593,-1.732, 0.187]
[-0.535,-1.759, 0.187]
[-0.475,-1.784, 0.187]
[-0.412,-1.796, 0.187]
[-0.353,-1.828, 0.187]
[-0.291,-1.848, 0.187]
[-0.23 ,-1.882, 0.187]
[-0.163,-1.878, 0.187]
[-0.099,-1.893, 0.187]
[-0.033,-1.901, 0.187]
[ 0.033,-1.908, 0.187]
[ 0.101,-1.937, 0.187]
[ 0.169,-1.938, 0.187]
[ 0.2  ,-1.638, 0.187]
[ 0.254,-1.613, 0.187]
[ 0.081,-0.418, 0.187]
[ 0.093,-0.407, 0.187]
[ 0.098,-0.37 , 0.187]
[ 0.107,-0.351, 0.187]
[ 0.122,-0.356, 0.187]
[ 0.132,-0.346, 0.187]
[ 0.129,-0.305, 0.187]
[ 0.142,-0.306, 0.187]
[ 0.152,-0.301, 0.187]
[ 0.158,-0.287, 0.187]
[ 0.177,-0.297, 0.187]
[ 0.18 ,-0.278, 0.187]
[ 0.186,-0.267, 0.187]
[ 0.2  ,-0.268, 0.187]
[ 0.211,-0.262, 0.187]
[ 0.22 ,-0.256, 0.187]
[ 0.224,-0.242, 0.187]
[ 0.233,-0.235, 0.187]
[ 0.221,-0.208, 0.187]
[ 0.253,-0.222, 0.187]
[ 0.264,-0.216, 0.187]
[ 0.263,-0.201, 0.187]
[ 0.263,-0.186, 0.187]
[ 0.282,-0.185, 0.187]
[ 0.273,-0.166, 0.187]
[ 0.265,-0.149, 0.187]
[ 0.289,-0.149, 0.187]
[ 0.312,-0.148, 0.187]
[ 0.293,-0.127, 0.187]
[ 0.32 ,-0.125, 0.187]
[ 0.313,-0.11 , 0.187]
[ 0.321,-0.101, 0.187]
[ 0.335,-0.092, 0.187]
[ 0.342,-0.082, 0.187]
[ 0.34 ,-0.069, 0.187]
[ 0.371,-0.062, 0.187]
[ 0.388,-0.051, 0.187]
[ 0.389,-0.037, 0.187]
[ 0.418,-0.025, 0.187]
[ 1.577,-0.041, 0.187]
[1.608,0.014,0.187]
[1.607,0.07 ,0.187]
[1.611,0.126,0.187]
[1.623,0.184,0.187]
[1.661,0.247,0.187]
[1.709,0.315,0.187]
[1.176,0.259,0.187]
[1.15 ,0.296,0.187]
[1.083,0.319,0.187]
[1.072,0.357,0.187]
[1.073,0.399,0.187]
[1.05 ,0.432,0.187]
[1.032,0.468,0.187]
[1.011,0.501,0.187]
[0.976,0.526,0.187]
[0.967,0.566,0.187]
[0.962,0.609,0.187]
[0.946,0.645,0.187]
[0.946,0.695,0.187]
[0.938,0.74 ,0.187]
[2.013,1.706,0.187]
[1.962,1.783,0.187]
[1.92 ,1.871,0.187]
[1.91 ,1.995,0.187]
[1.844,2.064,0.187]
[1.149,1.38 ,0.187]
[1.045,1.348,0.187]
[0.986,1.367,0.187]
[0.937,1.399,0.187]
[0.887,1.43 ,0.187]
[0.838,1.461,0.187]
[0.782,1.48 ,0.187]
[0.732,1.511,0.187]
[0.69 ,1.559,0.187]
[0.647,1.612,0.187]
[0.617,1.707,0.187]
[0.758,2.346,0.187]
[0.682,2.391,0.187]
[0.326,1.314,0.187]
[0.27 ,1.277,0.187]
[0.221,1.263,0.187]
[0.175,1.251,0.187]
[0.132,1.263,0.187]
[0.087,1.257,0.187]
[0.043,1.237,0.187]
[0.   ,1.262,0.187]
