[-0.046, 1.632, 0.187]
[-0.09 , 1.593, 0.187]
[-0.135, 1.587, 0.187]
[-0.179, 1.578, 0.187]
[-0.101, 0.707, 0.187]
[-0.117, 0.682, 0.187]
[-0.129, 0.641, 0.187]
[-0.144, 0.625, 0.187]
[-0.161, 0.618, 0.187]
[-0.175, 0.601, 0.187]
[-0.19 , 0.591, 0.187]
[-0.208, 0.589, 0.187]
[-0.227, 0.588, 0.187]
[-0.24 , 0.574, 0.187]
[-0.261, 0.577, 0.187]
[-0.266, 0.548, 0.187]
[-0.269, 0.515, 0.187]
[-0.3  , 0.537, 0.187]
[-0.316, 0.529, 0.187]
[-0.333, 0.524, 0.187]
[-0.353, 0.522, 0.187]
[-0.368, 0.512, 0.187]
[-0.382, 0.502, 0.187]
[-0.397, 0.491, 0.187]
[-0.44 , 0.515, 0.187]
[-0.441, 0.487, 0.187]
[-0.489, 0.51 , 0.187]
[-0.527, 0.52 , 0.187]
[-1.098, 1.023, 0.187]
[-1.131, 0.996, 0.187]
[-2.637, 2.191, 0.187]
[-2.685, 2.106, 0.187]
[-2.748, 2.033, 0.187]
[-2.803, 1.953, 0.187]
[-2.863, 1.876, 0.187]
[-2.917, 1.796, 0.187]
[-2.954, 1.706, 0.187]
[-1.539, 0.831, 0.187]
[-1.53 , 0.772, 0.187]
[-1.531, 0.718, 0.187]
[-1.541, 0.67 , 0.187]
[-1.542, 0.62 , 0.187]
[-1.571, 0.58 , 0.187]
[-1.6  , 0.54 , 0.187]
[-1.636, 0.501, 0.187]
[-1.661, 0.458, 0.187]
[-1.697, 0.416, 0.187]
[-0.675, 0.145, 0.187]
[-0.645, 0.12 , 0.187]
[-0.627, 0.098, 0.187]
[-0.625, 0.08 , 0.187]
[-0.596, 0.059, 0.187]
[-0.572, 0.041, 0.187]
[-0.579, 0.025, 0.187]
[-0.568, 0.008, 0.187]
[-0.574,-0.008, 0.187]
[-0.585,-0.025, 0.187]
[-0.567,-0.04 , 0.187]
[-0.564,-0.056, 0.187]
[-0.553,-0.071, 0.187]
[-0.573,-0.09 , 0.187]
[-0.554,-0.103, 0.187]
[-0.564,-0.122, 0.187]
[-0.553,-0.136, 0.187]
[-0.54 ,-0.149, 0.187]
[-0.569,-0.174, 0.187]
[-0.557,-0.188, 0.187]
[-0.555,-0.205, 0.187]
[-0.553,-0.222, 0.187]
[-0.551,-0.24 , 0.187]
[-0.582,-0.273, 0.187]
[-0.579,-0.292, 0.187]
[-0.614,-0.332, 0.187]
[-2.966,-1.713, 0.187]
[-2.85 ,-1.755, 0.187]
[-2.785,-1.825, 0.187]
[-2.68 ,-1.867, 0.187]
[-2.6  ,-1.923, 0.187]
[-2.518,-1.975, 0.187]
[-2.419,-2.01 , 0.187]
[-2.339,-2.058, 0.187]
[-2.269,-2.114, 0.187]
[-2.173,-2.143, 0.187]
[-2.099,-2.19 , 0.187]
[-2.018,-2.228, 0.187]
[-1.929,-2.256, 0.187]
[-1.851,-2.293, 0.187]
[-1.766,-2.319, 0.187]
[-1.691,-2.355, 0.187]
[-1.613,-2.387, 0.187]
[-1.536,-2.417, 0.187]
[-1.452,-2.435, 0.187]
[-1.375,-2.461, 0.187]
[-1.299,-2.489, 0.187]
[-1.222,-2.511, 0.187]
[-1.142,-2.526, 0.187]
[-1.065,-2.545, 0.187]
[-0.986,-2.559, 0.187]
[-0.914,-2.588, 0.187]
[-0.832,-2.585, 0.187]
[-0.76 ,-2.613, 0.187]
[-0.678,-2.605, 0.187]
[-0.605,-2.627, 0.187]
[-0.527,-2.623, 0.187]
[-0.454,-2.647, 0.187]
[-0.38 ,-2.666, 0.187]
[-0.303,-2.662, 0.187]
[-0.228,-2.675, 0.187]
[-0.151,-2.658, 0.187]
[-0.075,-2.664, 0.187]
[ 0.   ,-2.657, 0.187]
[ 0.075,-2.658, 0.187]
[ 0.15 ,-2.653, 0.187]
[ 0.227,-2.67 , 0.187]
[ 0.3  ,-2.641, 0.187]
[ 0.376,-2.64 , 0.187]
[ 0.451,-2.628, 0.187]
[ 0.527,-2.625, 0.187]
[ 0.605,-2.625, 0.187]
[ 0.676,-2.595, 0.187]
[ 0.752,-2.587, 0.187]
[ 0.822,-2.554, 0.187]
[ 0.902,-2.554, 0.187]
[ 0.988,-2.562, 0.187]
[ 1.056,-2.523, 0.187]
[ 1.131,-2.502, 0.187]
[ 1.211,-2.489, 0.187]
[ 1.287,-2.465, 0.187]
[ 1.372,-2.455, 0.187]
[ 1.435,-2.406, 0.187]
[ 1.508,-2.374, 0.187]
[ 1.607,-2.378, 0.187]
[ 1.672,-2.329, 0.187]
[ 1.746,-2.292, 0.187]
[ 1.821,-2.255, 0.187]
[ 1.9  ,-2.221, 0.187]
[ 1.983,-2.19 , 0.187]
[ 2.048,-2.137, 0.187]
[ 2.128,-2.098, 0.187]
[ 2.21 ,-2.059, 0.187]
[ 0.659,-0.58 , 0.187]
[ 0.653,-0.543, 0.187]
[ 0.659,-0.517, 0.187]
[ 0.668,-0.494, 0.187]
[ 0.684,-0.477, 0.187]
[ 0.672,-0.441, 0.187]
[ 0.688,-0.424, 0.187]
[ 0.718,-0.415, 0.187]
[ 0.707,-0.382, 0.187]
[ 0.724,-0.365, 0.187]
[ 0.736,-0.345, 0.187]
[ 0.725,-0.315, 0.187]
[ 0.756,-0.304, 0.187]
[ 0.766,-0.283, 0.187]
[ 0.785,-0.265, 0.187]
[ 0.821,-0.251, 0.187]
[ 0.834,-0.23 , 0.187]
[ 0.892,-0.219, 0.187]
[ 2.251,-0.485, 0.187]
[ 0.435,-0.081, 0.187]
[ 0.436,-0.068, 0.187]
[ 0.381,-0.049, 0.187]
[ 0.392,-0.039, 0.187]
[ 0.378,-0.027, 0.187]
[ 0.362,-0.015, 0.187]
[ 0.363,-0.005, 0.187]
[0.367,0.005,0.187]
[0.352,0.015,0.187]
[0.352,0.025,0.187]
[0.335,0.033,0.187]
[0.314,0.04 ,0.187]
[0.347,0.054,0.187]
[0.33 ,0.061,0.187]
[0.333,0.072,0.187]
[0.343,0.084,0.187]
[0.322,0.089,0.187]
[0.33 ,0.101,0.187]
[0.331,0.112,0.187]
[0.31 ,0.114,0.187]
[0.325,0.131,0.187]
[0.307,0.134,0.187]
[0.303,0.142,0.187]
[0.325,0.164,0.187]
[0.315,0.17 ,0.187]
[0.298,0.172,0.187]
[0.302,0.186,0.187]
[0.3  ,0.196,0.187]
[0.285,0.198,0.187]
[0.283,0.21 ,0.187]
[0.288,0.226,0.187]
[0.275,0.229,0.187]
[0.276,0.243,0.187]
[0.289,0.269,0.187]
[0.28 ,0.276,0.187]
[0.287,0.299,0.187]
[0.29 ,0.32 ,0.187]
[0.751,0.878,0.187]
[0.717,0.888,0.187]
[0.661,0.868,0.187]
[0.645,0.898,0.187]
[0.589,0.872,0.187]
[0.573,0.902,0.187]
[0.557,0.934,0.187]
[0.514,0.921,0.187]
[0.485,0.929,0.187]
[0.463,0.951,0.187]
[0.433,0.957,0.187]
[0.412,0.984,0.187]
[0.389,1.008,0.187]
[0.365,1.033,0.187]
[0.343,1.066,0.187]
[0.476,1.637,0.187]
[0.421,1.616,0.187]
[0.37 ,1.608,0.187]
[0.322,1.606,0.187]
[0.273,1.591,0.187]
[0.229,1.611,0.187]
[0.183,1.609,0.187]
[0.139,1.634,0.187]
[0.093,1.637,0.187]
[0.048,1.684,0.187]
[0.   ,1.763,0.187]
