[-0.028, 0.843, 0.187]
[-0.053, 0.787, 0.187]
[-0.076, 0.753, 0.187]
[-0.101, 0.75 , 0.187]
[-0.123, 0.728, 0.187]
[-0.147, 0.725, 0.187]
[-0.167, 0.7  , 0.187]
[-0.187, 0.681, 0.187]
[-0.212, 0.683, 0.187]
[-0.229, 0.66 , 0.187]
[-0.251, 0.65 , 0.187]
[-0.275, 0.648, 0.187]
[-0.293, 0.631, 0.187]
[-0.313, 0.618, 0.187]
[-0.342, 0.624, 0.187]
[-0.363, 0.613, 0.187]
[-0.399, 0.625, 0.187]
[-0.415, 0.604, 0.187]
[-0.435, 0.59 , 0.187]
[-0.48 , 0.608, 0.187]
[-0.507, 0.6  , 0.187]
[-0.551, 0.61 , 0.187]
[-1.992, 2.06 , 0.187]
[-1.953, 1.889, 0.187]
[-2.26 , 2.044, 0.187]
[-2.344, 1.982, 0.187]
[-2.413, 1.906, 0.187]
[-2.503, 1.844, 0.187]
[-2.557, 1.755, 0.187]
[-2.649, 1.691, 0.187]
[-2.744, 1.626, 0.187]
[-0.951, 0.521, 0.187]
[-0.951, 0.481, 0.187]
[-0.98 , 0.455, 0.187]
[-3.02 , 1.28 , 0.187]
[-3.098, 1.193, 0.187]
[-3.152, 1.095, 0.187]
[-3.143, 0.975, 0.187]
[-3.076, 0.843, 0.187]
[-3.019, 0.719, 0.187]
[-2.968, 0.603, 0.187]
[-1.715, 0.289, 0.187]
[-1.647, 0.222, 0.187]
[-1.642, 0.165, 0.187]
[-1.61 , 0.108, 0.187]
[-1.603, 0.054, 0.187]
[-1.595,-0.   , 0.187]
[-1.628,-0.054, 0.187]
[-1.603,-0.107, 0.187]
[-1.633,-0.164, 0.187]
[-1.65 ,-0.222, 0.187]
[-1.681,-0.284, 0.187]
[-0.42 ,-0.085, 0.187]
[-0.381,-0.091, 0.187]
[-0.383,-0.105, 0.187]
[-0.37 ,-0.115, 0.187]
[-0.349,-0.121, 0.187]
[-0.327,-0.126, 0.187]
[-0.325,-0.138, 0.187]
[-0.311,-0.145, 0.187]
[-0.327,-0.165, 0.187]
[-0.294,-0.161, 0.187]
[-0.289,-0.171, 0.187]
[-0.277,-0.177, 0.187]
[-0.273,-0.187, 0.187]
[-0.27 ,-0.199, 0.187]
[-0.262,-0.207, 0.187]
[-0.254,-0.215, 0.187]
[-0.24 ,-0.217, 0.187]
[-0.237,-0.23 , 0.187]
[-0.227,-0.235, 0.187]
[-0.221,-0.245, 0.187]
[-0.204,-0.241, 0.187]
[-0.207,-0.262, 0.187]
[-0.2  ,-0.271, 0.187]
[-0.197,-0.288, 0.187]
[-0.181,-0.284, 0.187]
[-0.166,-0.28 , 0.187]
[-0.162,-0.296, 0.187]
[-0.15 ,-0.297, 0.187]
[-0.149,-0.32 , 0.187]
[-0.138,-0.325, 0.187]
[-0.13 ,-0.338, 0.187]
[-0.116,-0.334, 0.187]
[-0.106,-0.343, 0.187]
[-0.095,-0.347, 0.187]
[-0.09 ,-0.376, 0.187]
[-0.082,-0.406, 0.187]
[-0.068,-0.404, 0.187]
[-0.058,-0.432, 0.187]
[-0.11 ,-1.093, 0.187]
[-0.076,-1.128, 0.187]
[-0.06 ,-1.781, 0.187]
[ 0.   ,-1.726, 0.187]
[ 0.057,-1.715, 0.187]
[ 0.114,-1.703, 0.187]
[ 0.171,-1.697, 0.187]
[ 0.225,-1.673, 0.187]
[ 0.284,-1.682, 0.187]
[ 0.174,-0.855, 0.187]
[ 0.192,-0.806, 0.187]
[ 0.215,-0.786, 0.187]
[ 0.238,-0.767, 0.187]
[ 0.265,-0.763, 0.187]
[ 0.281,-0.73 , 0.187]
[ 0.306,-0.721, 0.187]
[ 0.325,-0.701, 0.187]
[ 0.347,-0.687, 0.187]
[ 0.375,-0.685, 0.187]
[ 0.392,-0.662, 0.187]
[ 0.418,-0.655, 0.187]
[ 0.447,-0.651, 0.187]
[ 0.474,-0.644, 0.187]
[ 0.49 ,-0.621, 0.187]
[ 0.514,-0.608, 0.187]
[ 0.546,-0.604, 0.187]
[ 0.577,-0.597, 0.187]
[ 0.601,-0.581, 0.187]
[ 0.644,-0.583, 0.187]
[ 0.918,-0.776, 0.187]
[ 0.924,-0.729, 0.187]
[ 0.903,-0.665, 0.187]
[ 0.914,-0.627, 0.187]
[ 0.95 ,-0.606, 0.187]
[ 0.942,-0.558, 0.187]
[ 0.96 ,-0.526, 0.187]
[ 0.993,-0.502, 0.187]
[ 0.995,-0.462, 0.187]
[ 1.017,-0.431, 0.187]
[ 1.047,-0.403, 0.187]
[ 1.063,-0.369, 0.187]
[ 1.103,-0.342, 0.187]
[ 1.116,-0.306, 0.187]
[ 2.371,-0.565, 0.187]
[ 2.343,-0.476, 0.187]
[ 2.351,-0.397, 0.187]
[ 2.333,-0.314, 0.187]
[ 2.359,-0.237, 0.187]
[ 2.375,-0.159, 0.187]
[ 2.412,-0.081, 0.187]
[0.618,0.   ,0.187]
[0.583,0.019,0.187]
[0.568,0.038,0.187]
[0.558,0.056,0.187]
[0.544,0.073,0.187]
[0.539,0.091,0.187]
[0.519,0.105,0.187]
[0.527,0.125,0.187]
[0.503,0.138,0.187]
[0.495,0.154,0.187]
[0.501,0.174,0.187]
[0.496,0.191,0.187]
[0.48 ,0.204,0.187]
[0.463,0.215,0.187]
[0.452,0.229,0.187]
[0.475,0.26 ,0.187]
[0.461,0.273,0.187]
[0.447,0.285,0.187]
[0.437,0.3  ,0.187]
[0.432,0.318,0.187]
[0.411,0.325,0.187]
[0.394,0.333,0.187]
[0.423,0.382,0.187]
[0.426,0.412,0.187]
[0.41 ,0.424,0.187]
[0.393,0.434,0.187]
[0.4  ,0.473,0.187]
[0.487,0.617,0.187]
[0.467,0.634,0.187]
[0.426,0.621,0.187]
[0.392,0.614,0.187]
[0.38 ,0.642,0.187]
[0.348,0.635,0.187]
[0.322,0.638,0.187]
[0.301,0.648,0.187]
[0.272,0.642,0.187]
[0.251,0.652,0.187]
[0.228,0.658,0.187]
[0.21 ,0.677,0.187]
[0.189,0.69 ,0.187]
[0.165,0.693,0.187]
[0.141,0.695,0.187]
[0.12 ,0.714,0.187]
[0.099,0.736,0.187]
[0.074,0.731,0.187]
[0.051,0.767,0.187]
[0.026,0.773,0.187]
[0.   ,0.814,0.187]
