[-0.028, 0.829, 0.187]
[-0.052, 0.787, 0.187]
[-0.077, 0.768, 0.187]
[-0.099, 0.741, 0.187]
[-0.122, 0.728, 0.187]
[-0.144, 0.711, 0.187]
[-0.167, 0.703, 0.187]
[-0.187, 0.687, 0.187]
[-0.209, 0.677, 0.187]
[-0.234, 0.678, 0.187]
[-0.253, 0.661, 0.187]
[-0.277, 0.658, 0.187]
[-0.296, 0.642, 0.187]
[-0.315, 0.627, 0.187]
[-0.342, 0.629, 0.187]
[-0.363, 0.617, 0.187]
[-0.393, 0.62 , 0.187]
[-0.401, 0.588, 0.187]
[-0.442, 0.605, 0.187]
[-0.466, 0.594, 0.187]
[-0.504, 0.601, 0.187]
[-0.528, 0.589, 0.187]
[-1.998, 2.083, 0.187]
[-1.94 , 1.892, 0.187]
[-2.255, 2.058, 0.187]
[-2.336, 1.993, 0.187]
[-2.404, 1.917, 0.187]
[-2.495, 1.858, 0.187]
[-2.574, 1.787, 0.187]
[-2.652, 1.713, 0.187]
[-2.716, 1.629, 0.187]
[-0.947, 0.526, 0.187]
[-0.971, 0.498, 0.187]
[-0.973, 0.459, 0.187]
[-3.025, 1.305, 0.187]
[-3.079, 1.208, 0.187]
[-3.152, 1.117, 0.187]
[-3.132, 0.995, 0.187]
[-3.07 , 0.864, 0.187]
[-3.016, 0.741, 0.187]
[-2.97 , 0.626, 0.187]
[-1.685, 0.297, 0.187]
[-1.628, 0.232, 0.187]
[-1.623, 0.176, 0.187]
[-1.628, 0.122, 0.187]
[-1.622, 0.067, 0.187]
[-1.622, 0.013, 0.187]
[-1.593,-0.04 , 0.187]
[-1.614,-0.094, 0.187]
[-1.614,-0.148, 0.187]
[-1.636,-0.205, 0.187]
[-1.692,-0.269, 0.187]
[-0.412,-0.08 , 0.187]
[-0.382,-0.087, 0.187]
[-0.383,-0.101, 0.187]
[-0.36 ,-0.108, 0.187]
[-0.36 ,-0.121, 0.187]
[-0.336,-0.126, 0.187]
[-0.318,-0.131, 0.187]
[-0.322,-0.145, 0.187]
[-0.29 ,-0.143, 0.187]
[-0.304,-0.162, 0.187]
[-0.302,-0.175, 0.187]
[-0.299,-0.186, 0.187]
[-0.282,-0.189, 0.187]
[-0.268,-0.193, 0.187]
[-0.252,-0.194, 0.187]
[-0.257,-0.212, 0.187]
[-0.255,-0.225, 0.187]
[-0.251,-0.237, 0.187]
[-0.216,-0.218, 0.187]
[-0.217,-0.234, 0.187]
[-0.21 ,-0.242, 0.187]
[-0.205,-0.252, 0.187]
[-0.199,-0.262, 0.187]
[-0.186,-0.264, 0.187]
[-0.19 ,-0.288, 0.187]
[-0.169,-0.277, 0.187]
[-0.163,-0.288, 0.187]
[-0.16 ,-0.305, 0.187]
[-0.156,-0.323, 0.187]
[-0.139,-0.316, 0.187]
[-0.132,-0.329, 0.187]
[-0.119,-0.327, 0.187]
[-0.118,-0.36 , 0.187]
[-0.107,-0.37 , 0.187]
[-0.09 ,-0.353, 0.187]
[-0.081,-0.37 , 0.187]
[-0.074,-0.398, 0.187]
[-0.065,-0.43 , 0.187]
[-0.127,-1.089, 0.187]
[-0.093,-1.113, 0.187]
[-0.089,-1.777, 0.187]
[-0.029,-1.741, 0.187]
[ 0.028,-1.704, 0.187]
[ 0.084,-1.692, 0.187]
[ 0.14 ,-1.676, 0.187]
[ 0.198,-1.694, 0.187]
[ 0.253,-1.676, 0.187]
[ 0.159,-0.858, 0.187]
[ 0.179,-0.816, 0.187]
[ 0.203,-0.797, 0.187]
[ 0.223,-0.769, 0.187]
[ 0.249,-0.762, 0.187]
[ 0.27 ,-0.742, 0.187]
[ 0.289,-0.718, 0.187]
[ 0.31 ,-0.703, 0.187]
[ 0.337,-0.699, 0.187]
[ 0.357,-0.682, 0.187]
[ 0.383,-0.676, 0.187]
[ 0.395,-0.646, 0.187]
[ 0.432,-0.657, 0.187]
[ 0.45 ,-0.636, 0.187]
[ 0.471,-0.621, 0.187]
[ 0.505,-0.623, 0.187]
[ 0.528,-0.609, 0.187]
[ 0.555,-0.598, 0.187]
[ 0.585,-0.59 , 0.187]
[ 0.644,-0.608, 0.187]
[ 0.888,-0.784, 0.187]
[ 0.885,-0.73 , 0.187]
[ 0.903,-0.696, 0.187]
[ 0.905,-0.651, 0.187]
[ 0.931,-0.623, 0.187]
[ 0.943,-0.587, 0.187]
[ 0.959,-0.554, 0.187]
[ 0.972,-0.519, 0.187]
[ 0.992,-0.488, 0.187]
[ 0.999,-0.451, 0.187]
[ 1.027,-0.423, 0.187]
[ 1.056,-0.394, 0.187]
[ 1.069,-0.359, 0.187]
[ 1.119,-0.335, 0.187]
[ 1.191,-0.314, 0.187]
[ 2.341,-0.534, 0.187]
[ 2.341,-0.453, 0.187]
[ 2.327,-0.371, 0.187]
[ 2.335,-0.293, 0.187]
[ 2.354,-0.216, 0.187]
[ 2.375,-0.138, 0.187]
[ 2.423,-0.06 , 0.187]
[0.605,0.005,0.187]
[0.585,0.024,0.187]
[0.566,0.042,0.187]
[0.559,0.061,0.187]
[0.542,0.077,0.187]
[0.518,0.091,0.187]
[0.523,0.11 ,0.187]
[0.509,0.125,0.187]
[0.494,0.139,0.187]
[0.497,0.158,0.187]
[0.5  ,0.177,0.187]
[0.491,0.193,0.187]
[0.472,0.204,0.187]
[0.463,0.218,0.187]
[0.466,0.239,0.187]
[0.456,0.253,0.187]
[0.462,0.277,0.187]
[0.434,0.28 ,0.187]
[0.432,0.3  ,0.187]
[0.424,0.315,0.187]
[0.423,0.337,0.187]
[0.395,0.337,0.187]
[0.4  ,0.365,0.187]
[0.403,0.393,0.187]
[0.398,0.414,0.187]
[0.401,0.447,0.187]
[0.401,0.478,0.187]
[0.488,0.623,0.187]
[0.442,0.604,0.187]
[0.423,0.62 ,0.187]
[0.398,0.628,0.187]
[0.37 ,0.629,0.187]
[0.34 ,0.625,0.187]
[0.325,0.646,0.187]
[0.303,0.658,0.187]
[0.273,0.647,0.187]
[0.251,0.656,0.187]
[0.226,0.656,0.187]
[0.209,0.679,0.187]
[0.19 ,0.697,0.187]
[0.166,0.702,0.187]
[0.144,0.712,0.187]
[0.118,0.704,0.187]
[0.099,0.74 ,0.187]
[0.074,0.737,0.187]
[0.05 ,0.754,0.187]
[0.026,0.79 ,0.187]
[0.   ,0.815,0.187]
