[-0.089, 2.252, 0.187]
[-0.176, 2.221, 0.187]
[-0.265, 2.222, 0.187]
[-0.353, 2.213, 0.187]
[-0.196, 0.978, 0.187]
[-0.232, 0.959, 0.187]
[-0.494, 1.741, 0.187]
[-0.553, 1.691, 0.187]
[-0.612, 1.649, 0.187]
[-0.669, 1.603, 0.187]
[-0.732, 1.577, 0.187]
[-0.795, 1.55 , 0.187]
[-0.867, 1.537, 0.187]
[-0.948, 1.534, 0.187]
[-1.034, 1.535, 0.187]
[-0.752, 1.027, 0.187]
[-0.768, 0.966, 0.187]
[-0.799, 0.927, 0.187]
[-0.824, 0.883, 0.187]
[-0.842, 0.834, 0.187]
[-0.88 , 0.805, 0.187]
[-0.907, 0.766, 0.187]
[-0.931, 0.725, 0.187]
[-0.981, 0.704, 0.187]
[-1.017, 0.671, 0.187]
[-1.051, 0.635, 0.187]
[-1.097, 0.605, 0.187]
[-1.141, 0.571, 0.187]
[-1.69 , 0.764, 0.187]
[-1.696, 0.688, 0.187]
[-1.718, 0.619, 0.187]
[-1.696, 0.536, 0.187]
[-1.736, 0.474, 0.187]
[-1.768, 0.409, 0.187]
[-1.783, 0.339, 0.187]
[-1.823, 0.272, 0.187]
[-1.856, 0.202, 0.187]
[-2.577, 0.179, 0.187]
[-1.16 , 0.034, 0.187]
[-1.115,-0.011, 0.187]
[-1.091,-0.054, 0.187]
[-1.069,-0.095, 0.187]
[-1.05 ,-0.136, 0.187]
[-1.048,-0.178, 0.187]
[-1.017,-0.214, 0.187]
[-1.026,-0.259, 0.187]
[-0.996,-0.293, 0.187]
[-1.007,-0.34 , 0.187]
[-0.987,-0.378, 0.187]
[-0.972,-0.417, 0.187]
[-0.968,-0.461, 0.187]
[-0.98 ,-0.515, 0.187]
[-0.997,-0.575, 0.187]
[-2.411,-1.522, 0.187]
[-2.425,-1.669, 0.187]
[-1.608,-1.203, 0.187]
[-1.52 ,-1.233, 0.187]
[-1.469,-1.291, 0.187]
[-1.398,-1.33 , 0.187]
[-1.354,-1.395, 0.187]
[-1.305,-1.455, 0.187]
[-1.253,-1.514, 0.187]
[-1.194,-1.564, 0.187]
[-1.64 ,-2.334, 0.187]
[-0.212,-0.329, 0.187]
[-0.173,-0.293, 0.187]
[-0.153,-0.284, 0.187]
[-0.139,-0.285, 0.187]
[-0.128,-0.29 , 0.187]
[-0.108,-0.273, 0.187]
[-0.094,-0.27 , 0.187]
[-0.089,-0.292, 0.187]
[-0.077,-0.293, 0.187]
[-0.06 ,-0.271, 0.187]
[-0.047,-0.259, 0.187]
[-0.038,-0.271, 0.187]
[-0.027,-0.268, 0.187]
[-0.015,-0.261, 0.187]
[-0.006,-0.286, 0.187]
[ 0.006,-0.283, 0.187]
[ 0.016,-0.264, 0.187]
[ 0.025,-0.255, 0.187]
[ 0.035,-0.253, 0.187]
[ 0.05 ,-0.276, 0.187]
[ 0.056,-0.252, 0.187]
[ 0.068,-0.26 , 0.187]
[ 0.083,-0.27 , 0.187]
[ 0.089,-0.255, 0.187]
[ 0.103,-0.261, 0.187]
[ 0.109,-0.248, 0.187]
[ 0.124,-0.254, 0.187]
[ 0.13 ,-0.241, 0.187]
[ 0.14 ,-0.236, 0.187]
[ 0.147,-0.229, 0.187]
[ 0.152,-0.216, 0.187]
[ 0.169,-0.221, 0.187]
[ 0.187,-0.225, 0.187]
[ 0.179,-0.2  , 0.187]
[ 0.203,-0.209, 0.187]
[ 0.213,-0.202, 0.187]
[ 0.23 ,-0.202, 0.187]
[ 0.244,-0.198, 0.187]
[ 0.242,-0.181, 0.187]
[ 0.241,-0.166, 0.187]
[ 0.259,-0.164, 0.187]
[ 0.274,-0.158, 0.187]
[ 0.307,-0.162, 0.187]
[ 0.299,-0.143, 0.187]
[ 3.177,-1.362, 0.187]
[ 3.162,-1.21 , 0.187]
[ 3.149,-1.065, 0.187]
[ 3.127,-0.921, 0.187]
[ 3.12 ,-0.787, 0.187]
[ 3.076,-0.647, 0.187]
[ 3.047,-0.517, 0.187]
[ 3.017,-0.39 , 0.187]
[ 2.968,-0.265, 0.187]
[ 2.957,-0.146, 0.187]
[ 2.902,-0.029, 0.187]
[2.831,0.084,0.187]
[2.805,0.194,0.187]
[2.763,0.301,0.187]
[2.713,0.405,0.187]
[2.668,0.507,0.187]
[2.622,0.606,0.187]
[2.567,0.702,0.187]
[2.509,0.793,0.187]
[2.458,0.885,0.187]
[2.389,0.969,0.187]
[2.319,1.049,0.187]
[2.237,1.12 ,0.187]
[2.188,1.206,0.187]
[2.099,1.268,0.187]
[2.048,1.35 ,0.187]
[1.969,1.413,0.187]
[1.908,1.486,0.187]
[1.815,1.534,0.187]
[1.745,1.596,0.187]
[1.685,1.669,0.187]
[1.606,1.721,0.187]
[1.532,1.778,0.187]
[1.467,1.844,0.187]
[1.378,1.881,0.187]
[1.289,1.914,0.187]
[1.211,1.961,0.187]
[1.131,2.005,0.187]
[1.042,2.031,0.187]
[0.96 ,2.067,0.187]
[0.881,2.111,0.187]
[0.797,2.144,0.187]
[0.707,2.16 ,0.187]
[0.621,2.186,0.187]
[0.529,2.188,0.187]
[0.44 ,2.196,0.187]
[0.355,2.229,0.187]
[0.266,2.23 ,0.187]
[0.177,2.234,0.187]
[0.089,2.256,0.187]
[0.   ,2.245,0.187]
