[-0.077, 2.317, 0.187]
[-0.159, 2.376, 0.187]
[-0.121, 1.202, 0.187]
[-0.155, 1.153, 0.187]
[-0.188, 1.115, 0.187]
[-0.224, 1.1  , 0.187]
[-0.262, 1.1  , 0.187]
[-0.295, 1.076, 0.187]
[-0.328, 1.059, 0.187]
[-0.367, 1.057, 0.187]
[-0.406, 1.054, 0.187]
[-0.437, 1.03 , 0.187]
[-0.477, 1.029, 0.187]
[-0.522, 1.034, 0.187]
[-0.561, 1.023, 0.187]
[-0.606, 1.023, 0.187]
[-1.221, 1.913, 0.187]
[-1.281, 1.866, 0.187]
[-1.336, 1.813, 0.187]
[-1.405, 1.779, 0.187]
[-1.496, 1.77 , 0.187]
[-1.6  , 1.769, 0.187]
[-2.225, 2.301, 0.187]
[-2.235, 2.162, 0.187]
[-2.255, 2.04 , 0.187]
[-2.262, 1.912, 0.187]
[-2.291, 1.809, 0.187]
[-2.277, 1.678, 0.187]
[-2.289, 1.571, 0.187]
[-2.293, 1.464, 0.187]
[-2.308, 1.367, 0.187]
[-2.313, 1.268, 0.187]
[-2.288, 1.156, 0.187]
[-2.298, 1.066, 0.187]
[-2.293, 0.972, 0.187]
[-2.288, 0.881, 0.187]
[-2.269, 0.788, 0.187]
[-2.28 , 0.707, 0.187]
[-2.28 , 0.625, 0.187]
[-2.231, 0.532, 0.187]
[-2.239, 0.455, 0.187]
[-2.237, 0.377, 0.187]
[-2.201, 0.296, 0.187]
[-2.193, 0.221, 0.187]
[-2.151, 0.144, 0.187]
[-2.132, 0.071, 0.187]
[-2.136,-0.   , 0.187]
[-2.103,-0.07 , 0.187]
[-2.064,-0.138, 0.187]
[-2.049,-0.206, 0.187]
[-2.03 ,-0.273, 0.187]
[-1.991,-0.336, 0.187]
[-1.972,-0.401, 0.187]
[-1.943,-0.463, 0.187]
[-1.924,-0.527, 0.187]
[-1.862,-0.578, 0.187]
[-1.858,-0.645, 0.187]
[-1.81 ,-0.697, 0.187]
[-1.778,-0.754, 0.187]
[-1.759,-0.816, 0.187]
[-1.702,-0.86 , 0.187]
[-1.682,-0.922, 0.187]
[-1.615,-0.957, 0.187]
[-1.568,-1.001, 0.187]
[-1.549,-1.063, 0.187]
[-1.514,-1.115, 0.187]
[-1.458,-1.151, 0.187]
[-1.415,-1.197, 0.187]
[-1.355,-1.226, 0.187]
[-1.322,-1.278, 0.187]
[-1.284,-1.327, 0.187]
[-1.23 ,-1.36 , 0.187]
[-1.189,-1.406, 0.187]
[-1.123,-1.421, 0.187]
[-1.098,-1.49 , 0.187]
[-1.042,-1.518, 0.187]
[-0.978,-1.532, 0.187]
[-0.921,-1.555, 0.187]
[-0.874,-1.596, 0.187]
[-0.837,-1.657, 0.187]
[-0.776,-1.672, 0.187]
[-0.717,-1.692, 0.187]
[-0.665,-1.727, 0.187]
[-0.614,-1.768, 0.187]
[-0.553,-1.783, 0.187]
[-0.487,-1.778, 0.187]
[-0.434,-1.82 , 0.187]
[-0.37 ,-1.823, 0.187]
[-0.315,-1.869, 0.187]
[-0.25 ,-1.862, 0.187]
[-0.189,-1.88 , 0.187]
[-0.128,-1.905, 0.187]
[-0.064,-1.919, 0.187]
[ 0.   ,-1.915, 0.187]
[ 0.065,-1.932, 0.187]
[ 0.13 ,-1.935, 0.187]
[ 0.195,-1.938, 0.187]
[ 0.262,-1.947, 0.187]
[ 0.329,-1.951, 0.187]
[ 0.394,-1.939, 0.187]
[ 0.464,-1.947, 0.187]
[ 0.53 ,-1.934, 0.187]
[ 0.604,-1.947, 0.187]
[ 0.669,-1.926, 0.187]
[ 0.624,-1.619, 0.187]
[ 0.681,-1.605, 0.187]
[ 0.193,-0.417, 0.187]
[ 0.195,-0.386, 0.187]
[ 0.196,-0.357, 0.187]
[ 0.201,-0.34 , 0.187]
[ 0.204,-0.32 , 0.187]
[ 0.215,-0.313, 0.187]
[ 0.226,-0.306, 0.187]
[ 0.231,-0.292, 0.187]
[ 0.232,-0.274, 0.187]
[ 0.235,-0.26 , 0.187]
[ 0.254,-0.263, 0.187]
[ 0.236,-0.228, 0.187]
[ 0.265,-0.239, 0.187]
[ 0.26 ,-0.22 , 0.187]
[ 0.266,-0.21 , 0.187]
[ 0.275,-0.203, 0.187]
[ 0.276,-0.19 , 0.187]
[ 0.303,-0.193, 0.187]
[ 0.288,-0.171, 0.187]
[ 0.304,-0.166, 0.187]
[ 0.323,-0.163, 0.187]
[ 0.308,-0.143, 0.187]
[ 0.328,-0.139, 0.187]
[ 0.339,-0.13 , 0.187]
[ 0.324,-0.113, 0.187]
[ 0.35 ,-0.109, 0.187]
[ 0.348,-0.095, 0.187]
[ 0.343,-0.082, 0.187]
[ 0.334,-0.068, 0.187]
[ 0.36 ,-0.061, 0.187]
[ 0.351,-0.047, 0.187]
[ 0.366,-0.037, 0.187]
[ 0.383,-0.026, 0.187]
[ 0.395,-0.013, 0.187]
[0.395,0.   ,0.187]
[0.422,0.014,0.187]
[0.423,0.028,0.187]
[1.635,0.165,0.187]
[1.602,0.216,0.187]
[1.561,0.263,0.187]
[1.553,0.316,0.187]
[1.513,0.361,0.187]
[1.495,0.41 ,0.187]
[1.488,0.462,0.187]
[1.482,0.515,0.187]
[1.49 ,0.574,0.187]
[1.515,0.642,0.187]
[1.519,0.705,0.187]
[1.022,0.517,0.187]
[0.976,0.535,0.187]
[0.928,0.55 ,0.187]
[0.881,0.562,0.187]
[0.863,0.593,0.187]
[0.845,0.622,0.187]
[0.826,0.652,0.187]
[0.792,0.67 ,0.187]
[0.777,0.702,0.187]
[0.744,0.719,0.187]
[0.72 ,0.745,0.187]
[0.706,0.781,0.187]
[0.681,0.806,0.187]
[0.663,0.839,0.187]
[0.646,0.877,0.187]
[0.636,0.927,0.187]
[1.391,2.178,0.187]
[1.302,2.198,0.187]
[1.224,2.233,0.187]
[1.146,2.267,0.187]
[1.082,2.331,0.187]
[1.019,2.404,0.187]
[0.958,2.487,0.187]
[0.53 ,1.525,0.187]
[0.464,1.496,0.187]
[0.411,1.499,0.187]
[0.36 ,1.509,0.187]
[0.31 ,1.524,0.187]
[0.256,1.516,0.187]
[0.207,1.541,0.187]
[0.156,1.548,0.187]
[0.106,1.586,0.187]
[0.053,1.588,0.187]
[0.   ,1.653,0.187]
