[-0.093, 2.166, 0.187]
[-0.184, 2.146, 0.187]
[-0.274, 2.123, 0.187]
[-0.361, 2.093, 0.187]
[-0.454, 2.091, 0.187]
[-0.541, 2.063, 0.187]
[-0.623, 2.019, 0.187]
[-0.706, 1.982, 0.187]
[-0.787, 1.945, 0.187]
[-0.873, 1.917, 0.187]
[-0.946, 1.862, 0.187]
[-1.026, 1.822, 0.187]
[-1.095, 1.763, 0.187]
[-1.159, 1.7  , 0.187]
[-1.227, 1.644, 0.187]
[-1.296, 1.589, 0.187]
[-1.363, 1.533, 0.187]
[-1.429, 1.476, 0.187]
[-1.471, 1.394, 0.187]
[-1.537, 1.337, 0.187]
[-1.6  , 1.276, 0.187]
[-1.646, 1.201, 0.187]
[-1.683, 1.121, 0.187]
[-1.722, 1.044, 0.187]
[-1.78 , 0.978, 0.187]
[-1.819, 0.9  , 0.187]
[-1.856, 0.822, 0.187]
[-1.903, 0.747, 0.187]
[-0.923, 0.317, 0.187]
[-0.965, 0.286, 0.187]
[-1.963, 0.492, 0.187]
[-1.946, 0.401, 0.187]
[-1.935, 0.313, 0.187]
[-1.953, 0.231, 0.187]
[-1.95 , 0.146, 0.187]
[-1.969, 0.063, 0.187]
[-1.997,-0.021, 0.187]
[-1.991,-0.106, 0.187]
[-1.501,-0.145, 0.187]
[-1.436,-0.201, 0.187]
[-1.383,-0.254, 0.187]
[-1.365,-0.311, 0.187]
[-1.315,-0.36 , 0.187]
[-1.318,-0.422, 0.187]
[-1.3  ,-0.478, 0.187]
[-1.293,-0.54 , 0.187]
[-1.259,-0.59 , 0.187]
[-1.262,-0.658, 0.187]
[-1.24 ,-0.716, 0.187]
[-1.244,-0.791, 0.187]
[-1.674,-1.168, 0.187]
[-1.576,-1.202, 0.187]
[-1.523,-1.268, 0.187]
[-1.44 ,-1.307, 0.187]
[-1.388,-1.373, 0.187]
[-1.333,-1.436, 0.187]
[-1.277,-1.5  , 0.187]
[-1.235,-1.583, 0.187]
[-1.566,-2.195, 0.187]
[-1.484,-2.279, 0.187]
[-0.63 ,-1.064, 0.187]
[-0.576,-1.076, 0.187]
[-0.52 ,-1.079, 0.187]
[-0.471,-1.096, 0.187]
[-0.418,-1.1  , 0.187]
[-0.366,-1.102, 0.187]
[-0.316,-1.108, 0.187]
[-0.269,-1.124, 0.187]
[-0.224,-1.151, 0.187]
[-0.177,-1.177, 0.187]
[-0.04 ,-0.377, 0.187]
[-0.022,-0.349, 0.187]
[-0.007,-0.323, 0.187]
[ 0.007,-0.331, 0.187]
[ 0.02 ,-0.316, 0.187]
[ 0.034,-0.32 , 0.187]
[ 0.044,-0.293, 0.187]
[ 0.054,-0.278, 0.187]
[ 0.065,-0.27 , 0.187]
[ 0.075,-0.261, 0.187]
[ 0.088,-0.266, 0.187]
[ 0.101,-0.267, 0.187]
[ 0.105,-0.243, 0.187]
[ 0.123,-0.255, 0.187]
[ 0.128,-0.239, 0.187]
[ 0.138,-0.233, 0.187]
[ 0.139,-0.214, 0.187]
[ 0.149,-0.208, 0.187]
[ 0.164,-0.21 , 0.187]
[ 0.168,-0.197, 0.187]
[ 0.18 ,-0.194, 0.187]
[ 0.184,-0.182, 0.187]
[ 0.192,-0.174, 0.187]
[ 0.201,-0.167, 0.187]
[ 0.203,-0.155, 0.187]
[ 0.211,-0.147, 0.187]
[ 0.223,-0.142, 0.187]
[ 0.224,-0.129, 0.187]
[ 0.236,-0.123, 0.187]
[ 0.26 ,-0.122, 0.187]
[ 0.25 ,-0.104, 0.187]
[ 0.27 ,-0.099, 0.187]
[ 0.276,-0.089, 0.187]
[ 0.267,-0.073, 0.187]
[ 0.284,-0.065, 0.187]
[ 0.301,-0.055, 0.187]
[ 0.275,-0.039, 0.187]
[ 0.303,-0.029, 0.187]
[ 0.297,-0.016, 0.187]
[ 0.311,-0.003, 0.187]
[0.315,0.01 ,0.187]
[0.323,0.024,0.187]
[0.326,0.039,0.187]
[0.331,0.053,0.187]
[3.397,0.699,0.187]
[3.272,0.821,0.187]
[3.168,0.94 ,0.187]
[3.043,1.047,0.187]
[2.961,1.162,0.187]
[2.849,1.261,0.187]
[2.719,1.345,0.187]
[2.603,1.429,0.187]
[2.508,1.52 ,0.187]
[2.377,1.584,0.187]
[2.281,1.665,0.187]
[2.177,1.736,0.187]
[2.05 ,1.783,0.187]
[1.931,1.831,0.187]
[1.835,1.895,0.187]
[1.745,1.963,0.187]
[1.618,1.985,0.187]
[1.518,2.034,0.187]
[1.411,2.07 ,0.187]
[1.298,2.09 ,0.187]
[1.201,2.133,0.187]
[1.094,2.152,0.187]
[0.983,2.158,0.187]
[0.886,2.188,0.187]
[0.778,2.187,0.187]
[0.679,2.201,0.187]
[0.58 ,2.213,0.187]
[0.48 ,2.21 ,0.187]
[0.381,2.208,0.187]
[0.285,2.208,0.187]
[0.187,2.185,0.187]
[0.093,2.181,0.187]
[0.   ,2.196,0.187]
