[-0.063, 1.641, 0.187]
[-0.123, 1.598, 0.187]
[-0.182, 1.574, 0.187]
[-0.242, 1.565, 0.187]
[-0.299, 1.54 , 0.187]
[-0.359, 1.533, 0.187]
[-0.416, 1.515, 0.187]
[-0.481, 1.521, 0.187]
[-0.546, 1.52 , 0.187]
[-0.612, 1.517, 0.187]
[-0.696, 1.553, 0.187]
[-0.31 , 0.627, 0.187]
[-0.322, 0.593, 0.187]
[-0.327, 0.55 , 0.187]
[-0.35 , 0.541, 0.187]
[-0.369, 0.525, 0.187]
[-0.389, 0.511, 0.187]
[-0.388, 0.47 , 0.187]
[-0.404, 0.453, 0.187]
[-0.421, 0.438, 0.187]
[-0.444, 0.427, 0.187]
[-0.461, 0.411, 0.187]
[-0.467, 0.385, 0.187]
[-0.475, 0.362, 0.187]
[-0.508, 0.357, 0.187]
[-0.513, 0.332, 0.187]
[-0.531, 0.316, 0.187]
[-0.539, 0.293, 0.187]
[-0.557, 0.276, 0.187]
[-0.552, 0.248, 0.187]
[-0.573, 0.231, 0.187]
[-0.616, 0.221, 0.187]
[-0.642, 0.203, 0.187]
[-0.654, 0.18 , 0.187]
[-0.697, 0.163, 0.187]
[-1.223, 0.237, 0.187]
[-1.194, 0.184, 0.187]
[-1.17 , 0.135, 0.187]
[-1.137, 0.087, 0.187]
[-1.139, 0.044, 0.187]
[-1.155,-0.   , 0.187]
[-1.134,-0.043, 0.187]
[-1.131,-0.087, 0.187]
[-1.123,-0.13 , 0.187]
[-1.14 ,-0.176, 0.187]
[-1.121,-0.217, 0.187]
[-1.108,-0.259, 0.187]
[-1.132,-0.311, 0.187]
[-1.138,-0.36 , 0.187]
[-1.79 ,-0.643, 0.187]
[-1.799,-0.725, 0.187]
[-1.818,-0.815, 0.187]
[-0.462,-0.229, 0.187]
[-0.412,-0.224, 0.187]
[-0.399,-0.237, 0.187]
[-0.374,-0.242, 0.187]
[-0.35 ,-0.246, 0.187]
[-0.355,-0.271, 0.187]
[-0.335,-0.276, 0.187]
[-0.31 ,-0.276, 0.187]
[-0.31 ,-0.298, 0.187]
[-0.298,-0.309, 0.187]
[-0.279,-0.313, 0.187]
[-0.265,-0.322, 0.187]
[-0.238,-0.312, 0.187]
[-0.232,-0.33 , 0.187]
[-0.221,-0.341, 0.187]
[-0.202,-0.339, 0.187]
[-0.192,-0.353, 0.187]
[-0.177,-0.358, 0.187]
[-0.163,-0.363, 0.187]
[-0.15 ,-0.373, 0.187]
[-0.139,-0.388, 0.187]
[-0.127,-0.402, 0.187]
[-0.108,-0.394, 0.187]
[-0.091,-0.389, 0.187]
[-0.081,-0.416, 0.187]
[-0.066,-0.425, 0.187]
[-0.049,-0.422, 0.187]
[-0.033,-0.431, 0.187]
[-0.017,-0.452, 0.187]
[-0.   ,-0.447, 0.187]
[ 0.018,-0.47 , 0.187]
[ 0.037,-0.481, 0.187]
[ 0.06 ,-0.523, 0.187]
[ 0.21 ,-1.363, 0.187]
[ 0.266,-1.371, 0.187]
[ 0.319,-1.365, 0.187]
[ 0.383,-1.394, 0.187]
[ 0.784,-2.476, 0.187]
[ 0.864,-2.405, 0.187]
[ 0.948,-2.352, 0.187]
[ 1.036,-2.312, 0.187]
[ 1.127,-2.277, 0.187]
[ 1.229,-2.261, 0.187]
[ 0.773,-1.3  , 0.187]
[ 0.796,-1.229, 0.187]
[ 0.828,-1.176, 0.187]
[ 0.846,-1.11 , 0.187]
[ 0.886,-1.074, 0.187]
[ 0.923,-1.036, 0.187]
[ 0.961,-0.998, 0.187]
[ 1.002,-0.964, 0.187]
[ 1.061,-0.946, 0.187]
[ 1.099,-0.906, 0.187]
[ 1.145,-0.873, 0.187]
[ 1.201,-0.845, 0.187]
[ 2.931,-1.898, 0.187]
[ 2.96 ,-1.76 , 0.187]
[ 2.971,-1.615, 0.187]
[ 2.988,-1.479, 0.187]
[ 3.002,-1.346, 0.187]
[ 3.032,-1.222, 0.187]
[ 3.031,-1.088, 0.187]
[ 3.062,-0.969, 0.187]
[ 3.069,-0.843, 0.187]
[ 3.058,-0.716, 0.187]
[ 3.057,-0.593, 0.187]
[ 3.027,-0.468, 0.187]
[ 3.031,-0.35 , 0.187]
[ 3.02 ,-0.232, 0.187]
[ 2.988,-0.115, 0.187]
[ 2.961,-0.   , 0.187]
[2.954,0.113,0.187]
[2.93 ,0.225,0.187]
[2.915,0.337,0.187]
[2.862,0.442,0.187]
[2.828,0.548,0.187]
[2.78 ,0.651,0.187]
[0.48 ,0.132,0.187]
[0.435,0.138,0.187]
[0.419,0.15 ,0.187]
[0.412,0.166,0.187]
[0.395,0.177,0.187]
[0.38 ,0.188,0.187]
[0.388,0.211,0.187]
[0.349,0.208,0.187]
[0.335,0.217,0.187]
[0.34 ,0.239,0.187]
[0.318,0.243,0.187]
[0.306,0.252,0.187]
[0.301,0.268,0.187]
[0.283,0.272,0.187]
[0.265,0.276,0.187]
[0.274,0.308,0.187]
[0.244,0.296,0.187]
[0.246,0.322,0.187]
[0.23 ,0.327,0.187]
[0.224,0.346,0.187]
[0.208,0.351,0.187]
[0.196,0.361,0.187]
[0.175,0.354,0.187]
[0.165,0.368,0.187]
[0.157,0.39 ,0.187]
[0.135,0.376,0.187]
[0.129,0.408,0.187]
[0.114,0.414,0.187]
[0.1  ,0.428,0.187]
[0.085,0.437,0.187]
[0.072,0.463,0.187]
[0.056,0.482,0.187]
[0.038,0.492,0.187]
[0.06 ,1.56 ,0.187]
[0.   ,1.565,0.187]
