[-0.036, 1.192, 0.187]
[-0.069, 1.128, 0.187]
[-0.102, 1.11 , 0.187]
[-0.129, 1.055, 0.187]
[-0.162, 1.051, 0.187]
[-0.192, 1.038, 0.187]
[-0.223, 1.028, 0.187]
[-0.255, 1.026, 0.187]
[-0.289, 1.025, 0.187]
[-0.315, 1.002, 0.187]
[-0.35 , 1.003, 0.187]
[-0.375, 0.978, 0.187]
[-0.416, 0.993, 0.187]
[-0.45 , 0.989, 0.187]
[-0.493, 1.001, 0.187]
[-0.551, 1.038, 0.187]
[-0.28 , 0.49 , 0.187]
[-0.275, 0.45 , 0.187]
[-0.284, 0.434, 0.187]
[-0.295, 0.421, 0.187]
[-0.301, 0.404, 0.187]
[-0.301, 0.38 , 0.187]
[-0.309, 0.365, 0.187]
[-0.331, 0.368, 0.187]
[-0.332, 0.348, 0.187]
[-0.337, 0.332, 0.187]
[-0.342, 0.317, 0.187]
[-0.353, 0.307, 0.187]
[-0.36 , 0.295, 0.187]
[-0.364, 0.28 , 0.187]
[-0.384, 0.277, 0.187]
[-0.392, 0.265, 0.187]
[-0.384, 0.243, 0.187]
[-0.392, 0.231, 0.187]
[-0.42 , 0.231, 0.187]
[-0.419, 0.214, 0.187]
[-0.419, 0.199, 0.187]
[-0.427, 0.186, 0.187]
[-0.438, 0.176, 0.187]
[-0.463, 0.169, 0.187]
[-0.474, 0.157, 0.187]
[-0.479, 0.143, 0.187]
[-0.499, 0.132, 0.187]
[-0.516, 0.12 , 0.187]
[-0.537, 0.108, 0.187]
[-0.593, 0.1  , 0.187]
[-1.977, 0.273, 0.187]
[-1.973, 0.211, 0.187]
[-1.983, 0.151, 0.187]
[-2.012, 0.092, 0.187]
[-2.049, 0.031, 0.187]
[-2.128,-0.032, 0.187]
[-2.068,-0.095, 0.187]
[-2.068,-0.158, 0.187]
[-2.02 ,-0.216, 0.187]
[-2.016,-0.278, 0.187]
[-2.007,-0.34 , 0.187]
[-1.137,-0.229, 0.187]
[-1.116,-0.26 , 0.187]
[-1.063,-0.282, 0.187]
[-1.061,-0.316, 0.187]
[-1.03 ,-0.342, 0.187]
[-1.008,-0.369, 0.187]
[-1.011,-0.405, 0.187]
[-1.001,-0.437, 0.187]
[-0.977,-0.463, 0.187]
[-0.954,-0.488, 0.187]
[-0.954,-0.525, 0.187]
[-0.957,-0.566, 0.187]
[-0.961,-0.608, 0.187]
[-0.955,-0.646, 0.187]
[-1.592,-1.15 , 0.187]
[-1.558,-1.199, 0.187]
[-2.658,-2.177, 0.187]
[-0.746,-0.65 , 0.187]
[-0.702,-0.651, 0.187]
[-0.665,-0.655, 0.187]
[-0.629,-0.659, 0.187]
[-0.61 ,-0.679, 0.187]
[-0.573,-0.679, 0.187]
[-0.557,-0.702, 0.187]
[-0.539,-0.723, 0.187]
[-0.516,-0.738, 0.187]
[-0.489,-0.747, 0.187]
[-0.461,-0.754, 0.187]
[-0.447,-0.783, 0.187]
[-0.427,-0.804, 0.187]
[-0.411,-0.835, 0.187]
[-0.385,-0.846, 0.187]
[-0.364,-0.87 , 0.187]
[-0.341,-0.891, 0.187]
[-0.334,-0.958, 0.187]
[-1.029,-3.267, 0.187]
[-0.915,-3.251, 0.187]
[-0.803,-3.223, 0.187]
[-0.687,-3.17 , 0.187]
[-0.585,-3.159, 0.187]
[-0.478,-3.11 , 0.187]
[-0.376,-3.066, 0.187]
[-0.279,-3.038, 0.187]
[-0.184,-3.02 , 0.187]
[-0.091,-2.975, 0.187]
[ 0.   ,-2.94 , 0.187]
[ 0.088,-2.899, 0.187]
[ 0.175,-2.873, 0.187]
[ 0.261,-2.839, 0.187]
[ 0.342,-2.793, 0.187]
[ 0.424,-2.761, 0.187]
[ 0.498,-2.693, 0.187]
[ 0.574,-2.647, 0.187]
[ 0.655,-2.632, 0.187]
[ 0.725,-2.574, 0.187]
[ 0.798,-2.535, 0.187]
[ 0.861,-2.469, 0.187]
[ 0.931,-2.43 , 0.187]
[ 1.   ,-2.388, 0.187]
[ 1.069,-2.35 , 0.187]
[ 1.135,-2.304, 0.187]
[ 1.188,-2.239, 0.187]
[ 1.252,-2.194, 0.187]
[ 1.298,-2.122, 0.187]
[ 1.359,-2.077, 0.187]
[ 1.419,-2.03 , 0.187]
[ 1.475,-1.979, 0.187]
[ 1.524,-1.92 , 0.187]
[ 1.579,-1.869, 0.187]
[ 1.631,-1.815, 0.187]
[ 1.686,-1.765, 0.187]
[ 1.726,-1.7  , 0.187]
[ 1.772,-1.642, 0.187]
[ 1.832,-1.597, 0.187]
[ 1.855,-1.519, 0.187]
[ 1.921,-1.478, 0.187]
[ 1.957,-1.413, 0.187]
[ 1.984,-1.342, 0.187]
[ 2.023,-1.28 , 0.187]
[ 2.066,-1.221, 0.187]
[ 2.087,-1.149, 0.187]
[ 2.135,-1.092, 0.187]
[ 2.162,-1.024, 0.187]
[ 2.198,-0.96 , 0.187]
[ 2.23 ,-0.894, 0.187]
[ 2.276,-0.833, 0.187]
[ 2.294,-0.761, 0.187]
[ 2.333,-0.696, 0.187]
[ 2.361,-0.626, 0.187]
[ 2.374,-0.553, 0.187]
[ 2.393,-0.481, 0.187]
[ 2.408,-0.408, 0.187]
[ 2.455,-0.339, 0.187]
[ 2.449,-0.262, 0.187]
[ 2.468,-0.189, 0.187]
[ 2.467,-0.113, 0.187]
[ 2.496,-0.038, 0.187]
[2.52 ,0.038,0.187]
[2.527,0.116,0.187]
[2.541,0.194,0.187]
[2.551,0.273,0.187]
[2.544,0.351,0.187]
[2.558,0.433,0.187]
[2.549,0.512,0.187]
[0.45 ,0.105,0.187]
[0.409,0.109,0.187]
[0.383,0.114,0.187]
[0.365,0.121,0.187]
[0.377,0.138,0.187]
[0.349,0.14 ,0.187]
[0.345,0.151,0.187]
[0.321,0.152,0.187]
[0.327,0.167,0.187]
[0.311,0.171,0.187]
[0.299,0.177,0.187]
[0.283,0.179,0.187]
[0.305,0.206,0.187]
[0.301,0.218,0.187]
[0.271,0.209,0.187]
[0.279,0.229,0.187]
[0.254,0.222,0.187]
[0.241,0.224,0.187]
[0.246,0.242,0.187]
[0.242,0.253,0.187]
[0.231,0.257,0.187]
[0.221,0.261,0.187]
[0.215,0.271,0.187]
[0.208,0.279,0.187]
[0.195,0.279,0.187]
[0.191,0.291,0.187]
[0.199,0.325,0.187]
[0.178,0.312,0.187]
[0.172,0.323,0.187]
[0.166,0.338,0.187]
[0.166,0.364,0.187]
[0.144,0.343,0.187]
[0.141,0.367,0.187]
[0.124,0.355,0.187]
[0.122,0.388,0.187]
[0.118,0.42 ,0.187]
[0.11 ,0.441,0.187]
[0.467,2.152,0.187]
[0.394,2.131,0.187]
[0.327,2.13 ,0.187]
[0.262,2.141,0.187]
[0.195,2.129,0.187]
[0.13 ,2.131,0.187]
[0.067,2.183,0.187]
[0.   ,2.198,0.187]
