[-0.044, 1.59 , 0.187]
[-0.086, 1.548, 0.187]
[-0.126, 1.509, 0.187]
[-0.167, 1.502, 0.187]
[-0.209, 1.5  , 0.187]
[-0.102, 0.61 , 0.187]
[-0.119, 0.605, 0.187]
[-0.135, 0.601, 0.187]
[-0.148, 0.582, 0.187]
[-0.161, 0.567, 0.187]
[-0.169, 0.537, 0.187]
[-0.179, 0.518, 0.187]
[-0.196, 0.522, 0.187]
[-0.209, 0.513, 0.187]
[-0.227, 0.514, 0.187]
[-0.244, 0.515, 0.187]
[-0.249, 0.49 , 0.187]
[-0.259, 0.476, 0.187]
[-0.274, 0.471, 0.187]
[-0.287, 0.464, 0.187]
[-0.302, 0.46 , 0.187]
[-0.317, 0.455, 0.187]
[-0.337, 0.455, 0.187]
[-0.342, 0.436, 0.187]
[-0.354, 0.428, 0.187]
[-0.376, 0.429, 0.187]
[-0.405, 0.437, 0.187]
[-0.411, 0.42 , 0.187]
[-0.44 , 0.425, 0.187]
[-0.463, 0.423, 0.187]
[-0.5  , 0.432, 0.187]
[-1.135, 0.927, 0.187]
[-1.149, 0.887, 0.187]
[-2.742, 1.998, 0.187]
[-2.79 , 1.917, 0.187]
[-2.832, 1.832, 0.187]
[-2.889, 1.758, 0.187]
[-2.945, 1.682, 0.187]
[-2.994, 1.602, 0.187]
[-3.045, 1.522, 0.187]
[-3.098, 1.443, 0.187]
[-1.578, 0.683, 0.187]
[-1.584, 0.634, 0.187]
[-1.554, 0.572, 0.187]
[-1.557, 0.525, 0.187]
[-1.596, 0.489, 0.187]
[-1.588, 0.439, 0.187]
[-1.61 , 0.398, 0.187]
[-1.634, 0.356, 0.187]
[-1.655, 0.313, 0.187]
[-1.711, 0.275, 0.187]
[-0.653, 0.086, 0.187]
[-0.645, 0.067, 0.187]
[-0.602, 0.046, 0.187]
[-0.612, 0.03 , 0.187]
[-0.587, 0.012, 0.187]
[-0.573,-0.004, 0.187]
[-0.59 ,-0.02 , 0.187]
[-0.569,-0.035, 0.187]
[-0.578,-0.052, 0.187]
[-0.554,-0.065, 0.187]
[-0.577,-0.084, 0.187]
[-0.564,-0.099, 0.187]
[-0.566,-0.115, 0.187]
[-0.549,-0.128, 0.187]
[-0.548,-0.143, 0.187]
[-0.562,-0.164, 0.187]
[-0.545,-0.175, 0.187]
[-0.529,-0.187, 0.187]
[-0.548,-0.211, 0.187]
[-0.546,-0.227, 0.187]
[-0.546,-0.245, 0.187]
[-0.532,-0.257, 0.187]
[-0.545,-0.282, 0.187]
[-0.546,-0.302, 0.187]
[-0.564,-0.333, 0.187]
[-2.911,-1.827, 0.187]
[-2.824,-1.883, 0.187]
[-2.739,-1.938, 0.187]
[-2.644,-1.983, 0.187]
[-2.561,-2.034, 0.187]
[-2.47 ,-2.076, 0.187]
[-2.375,-2.111, 0.187]
[-2.311,-2.172, 0.187]
[-2.218,-2.202, 0.187]
[-2.134,-2.24 , 0.187]
[-2.058,-2.283, 0.187]
[-1.973,-2.315, 0.187]
[-1.89 ,-2.346, 0.187]
[-1.808,-2.376, 0.187]
[-1.732,-2.411, 0.187]
[-1.648,-2.435, 0.187]
[-1.572,-2.466, 0.187]
[-1.499,-2.502, 0.187]
[-1.411,-2.51 , 0.187]
[-1.339,-2.545, 0.187]
[-1.258,-2.561, 0.187]
[-1.185,-2.59 , 0.187]
[-1.092,-2.574, 0.187]
[-1.023,-2.609, 0.187]
[-0.943,-2.615, 0.187]
[-0.872,-2.646, 0.187]
[-0.795,-2.657, 0.187]
[-0.718,-2.666, 0.187]
[-0.645,-2.689, 0.187]
[-0.567,-2.692, 0.187]
[-0.491,-2.698, 0.187]
[-0.415,-2.704, 0.187]
[-0.34 ,-2.718, 0.187]
[-0.265,-2.724, 0.187]
[-0.188,-2.711, 0.187]
[-0.114,-2.744, 0.187]
[-0.038,-2.719, 0.187]
[ 0.037,-2.705, 0.187]
[ 0.113,-2.722, 0.187]
[ 0.187,-2.705, 0.187]
[ 0.264,-2.719, 0.187]
[ 0.341,-2.725, 0.187]
[ 0.418,-2.727, 0.187]
[ 0.491,-2.699, 0.187]
[ 0.563,-2.675, 0.187]
[ 0.642,-2.679, 0.187]
[ 0.722,-2.682, 0.187]
[ 0.792,-2.646, 0.187]
[ 0.865,-2.626, 0.187]
[ 0.937,-2.6  , 0.187]
[ 1.024,-2.611, 0.187]
[ 1.101,-2.593, 0.187]
[ 1.178,-2.574, 0.187]
[ 1.256,-2.555, 0.187]
[ 1.32 ,-2.508, 0.187]
[ 1.401,-2.492, 0.187]
[ 1.486,-2.48 , 0.187]
[ 1.569,-2.461, 0.187]
[ 1.642,-2.425, 0.187]
[ 1.718,-2.393, 0.187]
[ 1.793,-2.356, 0.187]
[ 1.868,-2.319, 0.187]
[ 1.959,-2.298, 0.187]
[ 2.044,-2.268, 0.187]
[ 2.115,-2.22 , 0.187]
[ 2.191,-2.176, 0.187]
[ 0.712,-0.669, 0.187]
[ 0.706,-0.628, 0.187]
[ 0.713,-0.599, 0.187]
[ 0.7  ,-0.556, 0.187]
[ 0.707,-0.53 , 0.187]
[ 0.704,-0.498, 0.187]
[ 0.721,-0.481, 0.187]
[ 0.749,-0.47 , 0.187]
[ 0.749,-0.441, 0.187]
[ 0.761,-0.421, 0.187]
[ 0.777,-0.402, 0.187]
[ 0.796,-0.384, 0.187]
[ 0.8  ,-0.359, 0.187]
[ 0.831,-0.346, 0.187]
[ 0.846,-0.325, 0.187]
[ 0.856,-0.302, 0.187]
[ 0.896,-0.288, 0.187]
[ 0.948,-0.276, 0.187]
[ 2.292,-0.6  , 0.187]
[ 0.444,-0.103, 0.187]
[ 0.403,-0.082, 0.187]
[ 0.381,-0.067, 0.187]
[ 0.376,-0.055, 0.187]
[ 0.371,-0.044, 0.187]
[ 0.347,-0.031, 0.187]
[ 0.346,-0.022, 0.187]
[ 0.353,-0.012, 0.187]
[ 0.329,-0.002, 0.187]
[0.377,0.008,0.187]
[0.344,0.017,0.187]
[0.33 ,0.025,0.187]
[0.331,0.034,0.187]
[0.314,0.042,0.187]
[0.334,0.054,0.187]
[0.331,0.063,0.187]
[0.311,0.068,0.187]
[0.322,0.08 ,0.187]
[0.342,0.095,0.187]
[0.287,0.088,0.187]
[0.298,0.101,0.187]
[0.311,0.114,0.187]
[0.289,0.116,0.187]
[0.304,0.132,0.187]
[0.295,0.137,0.187]
[0.29 ,0.145,0.187]
[0.282,0.151,0.187]
[0.304,0.174,0.187]
[0.278,0.169,0.187]
[0.293,0.19 ,0.187]
[0.275,0.189,0.187]
[0.291,0.212,0.187]
[0.281,0.217,0.187]
[0.277,0.226,0.187]
[0.275,0.238,0.187]
[0.29 ,0.265,0.187]
[0.271,0.262,0.187]
[0.288,0.294,0.187]
[0.281,0.303,0.187]
[0.723,0.824,0.187]
[0.678,0.819,0.187]
[0.638,0.815,0.187]
[0.604,0.817,0.187]
[0.585,0.839,0.187]
[0.551,0.839,0.187]
[0.523,0.846,0.187]
[0.502,0.865,0.187]
[0.478,0.878,0.187]
[0.456,0.896,0.187]
[0.43 ,0.906,0.187]
[0.403,0.915,0.187]
[0.391,0.957,0.187]
[0.371,0.985,0.187]
[0.35 ,1.015,0.187]
[0.337,1.071,0.187]
[0.45 ,1.586,0.187]
[0.399,1.569,0.187]
[0.347,1.543,0.187]
[0.302,1.539,0.187]
[0.258,1.54 ,0.187]
[0.215,1.54 ,0.187]
[0.171,1.539,0.187]
[0.129,1.553,0.187]
[0.088,1.58 ,0.187]
[0.045,1.61 ,0.187]
[0.   ,1.634,0.187]
