[-0.059, 1.326, 0.187]
[-0.114, 1.28 , 0.187]
[-0.176, 1.307, 0.187]
[-0.283, 1.571, 0.187]
[-0.333, 1.471, 0.187]
[-0.395, 1.44 , 0.187]
[-0.453, 1.403, 0.187]
[-0.515, 1.383, 0.187]
[-0.564, 1.329, 0.187]
[-0.628, 1.314, 0.187]
[-0.678, 1.27 , 0.187]
[-0.74 , 1.25 , 0.187]
[-0.796, 1.217, 0.187]
[-0.863, 1.199, 0.187]
[-0.952, 1.206, 0.187]
[-0.531, 0.615, 0.187]
[-0.539, 0.57 , 0.187]
[-0.547, 0.529, 0.187]
[-0.559, 0.495, 0.187]
[-0.58 , 0.469, 0.187]
[-0.602, 0.444, 0.187]
[-0.588, 0.394, 0.187]
[-0.603, 0.366, 0.187]
[-0.629, 0.345, 0.187]
[-0.653, 0.321, 0.187]
[-0.631, 0.276, 0.187]
[-0.672, 0.259, 0.187]
[-0.665, 0.223, 0.187]
[-0.695, 0.199, 0.187]
[-0.701, 0.167, 0.187]
[-0.721, 0.138, 0.187]
[-0.743, 0.108, 0.187]
[-0.752, 0.076, 0.187]
[-0.774, 0.043, 0.187]
[-0.799, 0.009, 0.187]
[-0.837,-0.028, 0.187]
[-1.39 ,-0.109, 0.187]
[-1.362,-0.168, 0.187]
[-1.34 ,-0.226, 0.187]
[-1.304,-0.28 , 0.187]
[-1.303,-0.341, 0.187]
[-1.273,-0.395, 0.187]
[-1.25 ,-0.45 , 0.187]
[-1.257,-0.516, 0.187]
[-1.243,-0.577, 0.187]
[-1.222,-0.635, 0.187]
[-1.202,-0.694, 0.187]
[-1.233,-0.787, 0.187]
[-0.617,-0.434, 0.187]
[-0.587,-0.453, 0.187]
[-0.551,-0.466, 0.187]
[-0.529,-0.489, 0.187]
[-0.492,-0.498, 0.187]
[-0.47 ,-0.52 , 0.187]
[-0.43 ,-0.52 , 0.187]
[-0.407,-0.539, 0.187]
[-0.39 ,-0.569, 0.187]
[-0.358,-0.574, 0.187]
[-0.33 ,-0.587, 0.187]
[-0.302,-0.598, 0.187]
[-0.272,-0.604, 0.187]
[-0.249,-0.625, 0.187]
[-0.224,-0.645, 0.187]
[-0.198,-0.664, 0.187]
[-0.162,-0.649, 0.187]
[-0.138,-0.678, 0.187]
[-0.109,-0.693, 0.187]
[-0.08 ,-0.714, 0.187]
[-0.049,-0.736, 0.187]
[-0.017,-0.769, 0.187]
[ 0.037,-1.66 , 0.187]
[ 0.111,-1.656, 0.187]
[ 0.188,-1.68 , 0.187]
[ 0.269,-1.71 , 0.187]
[ 0.574,-2.825, 0.187]
[ 0.685,-2.738, 0.187]
[ 0.801,-2.689, 0.187]
[ 0.915,-2.634, 0.187]
[ 1.039,-2.611, 0.187]
[ 0.71 ,-1.576, 0.187]
[ 0.752,-1.489, 0.187]
[ 0.807,-1.435, 0.187]
[ 0.872,-1.4  , 0.187]
[ 0.931,-1.356, 0.187]
[ 0.987,-1.308, 0.187]
[ 1.058,-1.28 , 0.187]
[ 1.121,-1.239, 0.187]
[ 1.189,-1.202, 0.187]
[ 1.283,-1.187, 0.187]
[ 0.387,-0.327, 0.187]
[ 0.382,-0.295, 0.187]
[ 0.374,-0.263, 0.187]
[ 0.368,-0.235, 0.187]
[ 0.378,-0.218, 0.187]
[ 0.365,-0.19 , 0.187]
[ 0.386,-0.179, 0.187]
[ 0.371,-0.153, 0.187]
[ 0.385,-0.139, 0.187]
[ 0.37 ,-0.115, 0.187]
[ 0.385,-0.101, 0.187]
[ 0.405,-0.087, 0.187]
[ 0.401,-0.068, 0.187]
[ 0.399,-0.049, 0.187]
[ 0.404,-0.032, 0.187]
[ 0.417,-0.014, 0.187]
[0.394,0.004,0.187]
[0.394,0.022,0.187]
[0.396,0.04 ,0.187]
[0.384,0.056,0.187]
[0.394,0.076,0.187]
[0.378,0.09 ,0.187]
[0.379,0.109,0.187]
[0.38 ,0.127,0.187]
[0.392,0.151,0.187]
[0.375,0.164,0.187]
[0.365,0.179,0.187]
[0.38 ,0.208,0.187]
[0.37 ,0.225,0.187]
[0.362,0.243,0.187]
[0.365,0.269,0.187]
[0.36 ,0.291,0.187]
[0.351,0.311,0.187]
[1.966,1.901,0.187]
[1.873,1.981,0.187]
[1.782,2.061,0.187]
[1.683,2.132,0.187]
[1.591,2.211,0.187]
[1.479,2.262,0.187]
[1.38 ,2.329,0.187]
[1.268,2.376,0.187]
[1.158,2.424,0.187]
[1.049,2.473,0.187]
[0.939,2.522,0.187]
[0.828,2.568,0.187]
[0.714,2.605,0.187]
[0.592,2.613,0.187]
[0.475,2.639,0.187]
[0.358,2.659,0.187]
[0.239,2.673,0.187]
[0.12 ,2.691,0.187]
[0.   ,2.689,0.187]
