[-0.04 , 1.019, 0.187]
[-0.079, 1.015, 0.187]
[-0.12 , 1.028, 0.187]
[-0.271, 1.731, 0.187]
[-0.333, 1.694, 0.187]
[-0.397, 1.675, 0.187]
[-0.456, 1.638, 0.187]
[-0.515, 1.605, 0.187]
[-0.579, 1.59 , 0.187]
[-0.645, 1.578, 0.187]
[-0.716, 1.575, 0.187]
[-0.789, 1.57 , 0.187]
[-0.58 , 1.051, 0.187]
[-0.606, 1.004, 0.187]
[-0.624, 0.949, 0.187]
[-0.656, 0.918, 0.187]
[-0.69 , 0.89 , 0.187]
[-0.719, 0.857, 0.187]
[-0.757, 0.834, 0.187]
[-0.788, 0.803, 0.187]
[-0.805, 0.76 , 0.187]
[-0.848, 0.74 , 0.187]
[-0.889, 0.717, 0.187]
[-0.914, 0.68 , 0.187]
[-0.978, 0.671, 0.187]
[-1.016, 0.641, 0.187]
[-1.576, 0.91 , 0.187]
[-1.557, 0.82 , 0.187]
[-1.578, 0.755, 0.187]
[-1.581, 0.682, 0.187]
[-1.601, 0.618, 0.187]
[-1.626, 0.556, 0.187]
[-1.65 , 0.494, 0.187]
[-1.69 , 0.435, 0.187]
[-1.746, 0.378, 0.187]
[-1.834, 0.323, 0.187]
[-2.556, 0.349, 0.187]
[-1.098, 0.107, 0.187]
[-1.053, 0.061, 0.187]
[-1.031, 0.02 , 0.187]
[-1.03 ,-0.02 , 0.187]
[-1.007,-0.059, 0.187]
[-0.994,-0.097, 0.187]
[-0.996,-0.136, 0.187]
[-0.978,-0.172, 0.187]
[-0.963,-0.209, 0.187]
[-0.964,-0.248, 0.187]
[-0.956,-0.286, 0.187]
[-0.962,-0.329, 0.187]
[-0.942,-0.364, 0.187]
[-0.954,-0.411, 0.187]
[-0.938,-0.449, 0.187]
[-0.956,-0.504, 0.187]
[-1.682,-0.971, 0.187]
[-1.631,-1.028, 0.187]
[-1.561,-1.07 , 0.187]
[-1.523,-1.134, 0.187]
[-1.467,-1.183, 0.187]
[-1.42 ,-1.239, 0.187]
[-1.391,-1.312, 0.187]
[-1.359,-1.386, 0.187]
[-1.339,-1.476, 0.187]
[-1.803,-2.149, 0.187]
[-0.217,-0.28 , 0.187]
[-0.201,-0.282, 0.187]
[-0.176,-0.267, 0.187]
[-0.168,-0.278, 0.187]
[-0.147,-0.267, 0.187]
[-0.121,-0.241, 0.187]
[-0.124,-0.274, 0.187]
[-0.108,-0.264, 0.187]
[-0.099,-0.273, 0.187]
[-0.09 ,-0.279, 0.187]
[-0.072,-0.258, 0.187]
[-0.062,-0.26 , 0.187]
[-0.05 ,-0.257, 0.187]
[-0.044,-0.279, 0.187]
[-0.029,-0.247, 0.187]
[-0.021,-0.264, 0.187]
[-0.01 ,-0.262, 0.187]
[ 0.   ,-0.266, 0.187]
[ 0.01 ,-0.266, 0.187]
[ 0.02 ,-0.262, 0.187]
[ 0.031,-0.263, 0.187]
[ 0.039,-0.25 , 0.187]
[ 0.046,-0.236, 0.187]
[ 0.058,-0.247, 0.187]
[ 0.069,-0.249, 0.187]
[ 0.085,-0.264, 0.187]
[ 0.094,-0.257, 0.187]
[ 0.094,-0.23 , 0.187]
[ 0.114,-0.252, 0.187]
[ 0.111,-0.221, 0.187]
[ 0.141,-0.256, 0.187]
[ 0.135,-0.223, 0.187]
[ 0.152,-0.231, 0.187]
[ 0.159,-0.222, 0.187]
[ 0.173,-0.223, 0.187]
[ 0.17 ,-0.202, 0.187]
[ 0.186,-0.205, 0.187]
[ 0.201,-0.205, 0.187]
[ 0.227,-0.215, 0.187]
[ 0.237,-0.207, 0.187]
[ 0.238,-0.192, 0.187]
[ 0.225,-0.167, 0.187]
[ 0.268,-0.184, 0.187]
[ 0.289,-0.182, 0.187]
[ 0.304,-0.176, 0.187]
[ 3.074,-1.619, 0.187]
[ 3.061,-1.464, 0.187]
[ 3.08 ,-1.328, 0.187]
[ 3.068,-1.184, 0.187]
[ 3.051,-1.044, 0.187]
[ 3.044,-0.911, 0.187]
[ 3.04 ,-0.783, 0.187]
[ 2.995,-0.649, 0.187]
[ 2.99 ,-0.527, 0.187]
[ 2.948,-0.403, 0.187]
[ 2.914,-0.283, 0.187]
[ 2.891,-0.168, 0.187]
[ 2.846,-0.055, 0.187]
[2.809,0.054,0.187]
[2.767,0.161,0.187]
[2.746,0.267,0.187]
[2.682,0.366,0.187]
[2.662,0.469,0.187]
[2.608,0.565,0.187]
[2.558,0.659,0.187]
[2.512,0.752,0.187]
[2.445,0.836,0.187]
[2.403,0.928,0.187]
[2.333,1.006,0.187]
[2.274,1.087,0.187]
[2.202,1.16 ,0.187]
[2.146,1.239,0.187]
[2.07 ,1.304,0.187]
[2.033,1.394,0.187]
[1.953,1.454,0.187]
[1.899,1.532,0.187]
[1.808,1.578,0.187]
[1.749,1.65 ,0.187]
[1.691,1.725,0.187]
[1.613,1.777,0.187]
[1.529,1.822,0.187]
[1.448,1.868,0.187]
[1.372,1.919,0.187]
[1.281,1.947,0.187]
[1.223,2.026,0.187]
[1.134,2.054,0.187]
[1.042,2.074,0.187]
[0.958,2.108,0.187]
[0.881,2.156,0.187]
[0.79 ,2.171,0.187]
[0.705,2.198,0.187]
[0.623,2.239,0.187]
[0.528,2.228,0.187]
[0.444,2.262,0.187]
[0.354,2.266,0.187]
[0.269,2.3  ,0.187]
[0.18 ,2.313,0.187]
[0.09 ,2.311,0.187]
[0.   ,2.336,0.187]
