[-0.036, 1.403, 0.187]
[-0.07 , 1.371, 0.187]
[-0.102, 1.331, 0.187]
[-0.135, 1.319, 0.187]
[-0.168, 1.309, 0.187]
[-0.2  , 1.294, 0.187]
[-0.234, 1.293, 0.187]
[-0.266, 1.283, 0.187]
[-0.301, 1.287, 0.187]
[-0.334, 1.28 , 0.187]
[-0.379, 1.314, 0.187]
[-0.148, 0.469, 0.187]
[-0.152, 0.441, 0.187]
[-0.166, 0.444, 0.187]
[-0.165, 0.409, 0.187]
[-0.175, 0.404, 0.187]
[-0.168, 0.363, 0.187]
[-0.188, 0.38 , 0.187]
[-0.187, 0.355, 0.187]
[-0.201, 0.358, 0.187]
[-0.208, 0.35 , 0.187]
[-0.208, 0.33 , 0.187]
[-0.223, 0.334, 0.187]
[-0.228, 0.324, 0.187]
[-0.231, 0.311, 0.187]
[-0.242, 0.309, 0.187]
[-0.25 , 0.303, 0.187]
[-0.254, 0.293, 0.187]
[-0.264, 0.289, 0.187]
[-0.276, 0.287, 0.187]
[-0.277, 0.273, 0.187]
[-0.297, 0.279, 0.187]
[-0.309, 0.275, 0.187]
[-0.317, 0.268, 0.187]
[-0.31 , 0.249, 0.187]
[-0.316, 0.241, 0.187]
[-0.309, 0.224, 0.187]
[-0.348, 0.238, 0.187]
[-0.368, 0.239, 0.187]
[-0.367, 0.224, 0.187]
[-0.385, 0.222, 0.187]
[-0.39 , 0.212, 0.187]
[-0.421, 0.215, 0.187]
[-0.422, 0.202, 0.187]
[-0.472, 0.212, 0.187]
[-2.842, 1.188, 0.187]
[-3.069, 1.192, 0.187]
[-3.085, 1.108, 0.187]
[-3.136, 1.037, 0.187]
[-3.149, 0.952, 0.187]
[-3.192, 0.877, 0.187]
[-3.225, 0.798, 0.187]
[-3.258, 0.719, 0.187]
[-3.275, 0.635, 0.187]
[-3.304, 0.554, 0.187]
[-3.319, 0.469, 0.187]
[-3.361, 0.388, 0.187]
[-1.644, 0.147, 0.187]
[-1.656, 0.106, 0.187]
[-1.616, 0.062, 0.187]
[-1.628, 0.021, 0.187]
[-1.617,-0.021, 0.187]
[-1.605,-0.062, 0.187]
[-1.626,-0.104, 0.187]
[-1.63 ,-0.146, 0.187]
[-1.649,-0.19 , 0.187]
[-1.672,-0.236, 0.187]
[-0.744,-0.125, 0.187]
[-0.679,-0.132, 0.187]
[-0.67 ,-0.148, 0.187]
[-0.655,-0.162, 0.187]
[-0.632,-0.174, 0.187]
[-0.614,-0.186, 0.187]
[-0.605,-0.2  , 0.187]
[-0.598,-0.215, 0.187]
[-0.564,-0.219, 0.187]
[-0.569,-0.238, 0.187]
[-0.564,-0.253, 0.187]
[-0.552,-0.265, 0.187]
[-0.555,-0.284, 0.187]
[-0.557,-0.303, 0.187]
[-0.546,-0.315, 0.187]
[-0.551,-0.337, 0.187]
[-0.529,-0.342, 0.187]
[-0.519,-0.355, 0.187]
[-0.511,-0.369, 0.187]
[-0.522,-0.398, 0.187]
[-0.514,-0.413, 0.187]
[-0.518,-0.439, 0.187]
[-0.516,-0.46 , 0.187]
[-0.53 ,-0.497, 0.187]
[-2.466,-2.435, 0.187]
[-2.37 ,-2.463, 0.187]
[-2.297,-2.512, 0.187]
[-2.193,-2.525, 0.187]
[-2.113,-2.562, 0.187]
[-2.033,-2.598, 0.187]
[-1.948,-2.625, 0.187]
[-1.859,-2.642, 0.187]
[-1.784,-2.679, 0.187]
[-1.701,-2.701, 0.187]
[-1.618,-2.722, 0.187]
[-1.538,-2.744, 0.187]
[-1.454,-2.757, 0.187]
[-1.381,-2.789, 0.187]
[-1.292,-2.786, 0.187]
[-1.211,-2.796, 0.187]
[-1.136,-2.818, 0.187]
[-1.062,-2.842, 0.187]
[-0.99 ,-2.87 , 0.187]
[-0.907,-2.865, 0.187]
[-0.831,-2.881, 0.187]
[-0.76 ,-2.912, 0.187]
[-0.678,-2.898, 0.187]
[-0.597,-2.882, 0.187]
[-0.526,-2.911, 0.187]
[-0.45 ,-2.911, 0.187]
[-0.373,-2.907, 0.187]
[-0.301,-2.931, 0.187]
[-0.225,-2.933, 0.187]
[-0.15 ,-2.935, 0.187]
[-0.074,-2.913, 0.187]
[ 0.   ,-2.925, 0.187]
[ 0.075,-2.924, 0.187]
[ 0.15 ,-2.928, 0.187]
[ 0.225,-2.937, 0.187]
[ 0.3  ,-2.922, 0.187]
[ 0.375,-2.92 , 0.187]
[ 0.446,-2.889, 0.187]
[ 0.52 ,-2.879, 0.187]
[ 0.597,-2.88 , 0.187]
[ 0.671,-2.869, 0.187]
[ 0.742,-2.843, 0.187]
[ 0.824,-2.856, 0.187]
[ 0.897,-2.834, 0.187]
[ 0.966,-2.803, 0.187]
[ 1.049,-2.806, 0.187]
[ 1.129,-2.802, 0.187]
[ 1.215,-2.807, 0.187]
[ 1.287,-2.776, 0.187]
[ 1.363,-2.752, 0.187]
[ 1.434,-2.719, 0.187]
[ 1.512,-2.698, 0.187]
[ 1.588,-2.671, 0.187]
[ 1.666,-2.646, 0.187]
[ 1.754,-2.633, 0.187]
[ 1.833,-2.606, 0.187]
[ 1.909,-2.572, 0.187]
[ 1.983,-2.534, 0.187]
[ 2.067,-2.507, 0.187]
[ 2.148,-2.473, 0.187]
[ 2.229,-2.437, 0.187]
[ 0.783,-0.813, 0.187]
[ 0.779,-0.769, 0.187]
[ 0.77 ,-0.722, 0.187]
[ 0.804,-0.716, 0.187]
[ 0.798,-0.675, 0.187]
[ 0.821,-0.66 , 0.187]
[ 0.822,-0.627, 0.187]
[ 0.835,-0.604, 0.187]
[ 0.862,-0.59 , 0.187]
[ 0.885,-0.573, 0.187]
[ 0.901,-0.551, 0.187]
[ 0.913,-0.527, 0.187]
[ 0.956,-0.52 , 0.187]
[ 1.004,-0.513, 0.187]
[ 2.269,-1.087, 0.187]
[ 2.303,-1.033, 0.187]
[ 0.362,-0.151, 0.187]
[ 0.366,-0.142, 0.187]
[ 0.341,-0.122, 0.187]
[ 0.335,-0.111, 0.187]
[ 0.316,-0.096, 0.187]
[ 0.335,-0.092, 0.187]
[ 0.337,-0.083, 0.187]
[ 0.306,-0.067, 0.187]
[ 0.33 ,-0.064, 0.187]
[ 0.318,-0.053, 0.187]
[ 0.318,-0.045, 0.187]
[ 0.331,-0.038, 0.187]
[ 0.302,-0.027, 0.187]
[ 0.312,-0.02 , 0.187]
[ 0.312,-0.012, 0.187]
[ 0.299,-0.004, 0.187]
[0.299,0.004,0.187]
[0.295,0.011,0.187]
[0.316,0.02 ,0.187]
[0.306,0.027,0.187]
[0.291,0.034,0.187]
[0.298,0.042,0.187]
[0.298,0.05 ,0.187]
[0.304,0.059,0.187]
[0.298,0.066,0.187]
[0.321,0.079,0.187]
[0.293,0.081,0.187]
[0.306,0.093,0.187]
[0.283,0.094,0.187]
[0.303,0.109,0.187]
[0.296,0.115,0.187]
[0.306,0.128,0.187]
[0.316,0.142,0.187]
[0.298,0.143,0.187]
[0.317,0.162,0.187]
[0.322,0.175,0.187]
[0.303,0.175,0.187]
[0.323,0.198,0.187]
[0.323,0.209,0.187]
[0.361,0.247,0.187]
[0.789,0.57 ,0.187]
[0.761,0.58 ,0.187]
[0.77 ,0.619,0.187]
[0.757,0.64 ,0.187]
[0.751,0.669,0.187]
[0.744,0.698,0.187]
[0.745,0.736,0.187]
[0.643,0.668,0.187]
[0.61 ,0.667,0.187]
[0.585,0.674,0.187]
[0.55 ,0.666,0.187]
[0.533,0.681,0.187]
[0.501,0.674,0.187]
[0.48 ,0.683,0.187]
[0.458,0.687,0.187]
[0.443,0.704,0.187]
[0.426,0.717,0.187]
[0.394,0.704,0.187]
[0.39 ,0.739,0.187]
[0.372,0.751,0.187]
[0.358,0.772,0.187]
[0.333,0.77 ,0.187]
[0.324,0.804,0.187]
[0.305,0.815,0.187]
[0.291,0.845,0.187]
[0.279,0.881,0.187]
[0.404,1.4  ,0.187]
[0.356,1.362,0.187]
[0.314,1.343,0.187]
[0.272,1.312,0.187]
[0.244,1.351,0.187]
[0.204,1.318,0.187]
[0.173,1.347,0.187]
[0.137,1.34 ,0.187]
[0.104,1.355,0.187]
[0.07 ,1.369,0.187]
[0.036,1.393,0.187]
[0.   ,1.42 ,0.187]
