[-0.026, 0.777, 0.187]
[-0.051, 0.757, 0.187]
[-0.074, 0.74 , 0.187]
[-0.097, 0.723, 0.187]
[-0.121, 0.717, 0.187]
[-0.146, 0.717, 0.187]
[-0.163, 0.682, 0.187]
[-0.192, 0.702, 0.187]
[-0.21 , 0.677, 0.187]
[-0.233, 0.672, 0.187]
[-0.251, 0.652, 0.187]
[-0.281, 0.662, 0.187]
[-0.297, 0.64 , 0.187]
[-0.321, 0.636, 0.187]
[-0.349, 0.637, 0.187]
[-0.369, 0.623, 0.187]
[-0.388, 0.608, 0.187]
[-0.421, 0.614, 0.187]
[-0.444, 0.603, 0.187]
[-0.472, 0.598, 0.187]
[-0.517, 0.612, 0.187]
[-1.933, 2.137, 0.187]
[-1.879, 1.943, 0.187]
[-2.211, 2.139, 0.187]
[-2.281, 2.063, 0.187]
[-2.359, 1.994, 0.187]
[-2.441, 1.927, 0.187]
[-2.523, 1.859, 0.187]
[-2.596, 1.782, 0.187]
[-2.672, 1.706, 0.187]
[-0.938, 0.556, 0.187]
[-0.932, 0.511, 0.187]
[-0.976, 0.493, 0.187]
[-2.98 , 1.383, 0.187]
[-3.06 , 1.298, 0.187]
[-3.129, 1.205, 0.187]
[-3.101, 1.077, 0.187]
[-3.033, 0.941, 0.187]
[-2.995, 0.821, 0.187]
[-2.912, 0.694, 0.187]
[-1.693, 0.344, 0.187]
[-1.625, 0.274, 0.187]
[-1.6  , 0.215, 0.187]
[-1.607, 0.162, 0.187]
[-1.59 , 0.106, 0.187]
[-1.607, 0.054, 0.187]
[-1.599,-0.   , 0.187]
[-1.621,-0.054, 0.187]
[-1.629,-0.109, 0.187]
[-1.644,-0.165, 0.187]
[-1.699,-0.229, 0.187]
[-0.412,-0.069, 0.187]
[-0.4  ,-0.081, 0.187]
[-0.362,-0.086, 0.187]
[-0.362,-0.099, 0.187]
[-0.377,-0.117, 0.187]
[-0.332,-0.115, 0.187]
[-0.332,-0.128, 0.187]
[-0.314,-0.133, 0.187]
[-0.317,-0.147, 0.187]
[-0.296,-0.149, 0.187]
[-0.306,-0.168, 0.187]
[-0.276,-0.164, 0.187]
[-0.274,-0.175, 0.187]
[-0.281,-0.193, 0.187]
[-0.267,-0.197, 0.187]
[-0.257,-0.203, 0.187]
[-0.249,-0.211, 0.187]
[-0.247,-0.224, 0.187]
[-0.238,-0.231, 0.187]
[-0.23 ,-0.238, 0.187]
[-0.217,-0.239, 0.187]
[-0.219,-0.259, 0.187]
[-0.212,-0.269, 0.187]
[-0.197,-0.267, 0.187]
[-0.19 ,-0.276, 0.187]
[-0.178,-0.279, 0.187]
[-0.169,-0.285, 0.187]
[-0.162,-0.295, 0.187]
[-0.16 ,-0.317, 0.187]
[-0.153,-0.329, 0.187]
[-0.139,-0.328, 0.187]
[-0.129,-0.336, 0.187]
[-0.116,-0.334, 0.187]
[-0.112,-0.36 , 0.187]
[-0.106,-0.386, 0.187]
[-0.089,-0.373, 0.187]
[-0.083,-0.408, 0.187]
[-0.071,-0.421, 0.187]
[-0.144,-1.073, 0.187]
[-0.112,-1.11 , 0.187]
[-0.119,-1.777, 0.187]
[-0.058,-1.743, 0.187]
[ 0.   ,-1.721, 0.187]
[ 0.057,-1.708, 0.187]
[ 0.113,-1.681, 0.187]
[ 0.171,-1.696, 0.187]
[ 0.228,-1.692, 0.187]
[ 0.145,-0.862, 0.187]
[ 0.165,-0.811, 0.187]
[ 0.19 ,-0.797, 0.187]
[ 0.214,-0.78 , 0.187]
[ 0.235,-0.758, 0.187]
[ 0.261,-0.752, 0.187]
[ 0.278,-0.721, 0.187]
[ 0.3  ,-0.708, 0.187]
[ 0.318,-0.685, 0.187]
[ 0.355,-0.703, 0.187]
[ 0.369,-0.674, 0.187]
[ 0.385,-0.649, 0.187]
[ 0.417,-0.653, 0.187]
[ 0.447,-0.652, 0.187]
[ 0.473,-0.642, 0.187]
[ 0.494,-0.626, 0.187]
[ 0.516,-0.61 , 0.187]
[ 0.55 ,-0.609, 0.187]
[ 0.591,-0.611, 0.187]
[ 0.634,-0.613, 0.187]
[ 0.886,-0.801, 0.187]
[ 0.886,-0.749, 0.187]
[ 0.889,-0.702, 0.187]
[ 0.904,-0.666, 0.187]
[ 0.929,-0.637, 0.187]
[ 0.947,-0.604, 0.187]
[ 0.934,-0.553, 0.187]
[ 0.965,-0.529, 0.187]
[ 0.994,-0.502, 0.187]
[ 1.001,-0.465, 0.187]
[ 1.038,-0.44 , 0.187]
[ 1.05 ,-0.404, 0.187]
[ 1.095,-0.38 , 0.187]
[ 1.12 ,-0.347, 0.187]
[ 1.226,-0.336, 0.187]
[ 2.361,-0.563, 0.187]
[ 2.334,-0.474, 0.187]
[ 2.342,-0.395, 0.187]
[ 2.352,-0.316, 0.187]
[ 2.344,-0.236, 0.187]
[ 2.37 ,-0.159, 0.187]
[ 2.438,-0.082, 0.187]
[0.606,0.   ,0.187]
[0.578,0.019,0.187]
[0.586,0.039,0.187]
[0.578,0.058,0.187]
[0.549,0.074,0.187]
[0.521,0.088,0.187]
[0.513,0.104,0.187]
[0.518,0.123,0.187]
[0.503,0.138,0.187]
[0.512,0.159,0.187]
[0.488,0.169,0.187]
[0.489,0.188,0.187]
[0.483,0.205,0.187]
[0.451,0.209,0.187]
[0.467,0.236,0.187]
[0.463,0.254,0.187]
[0.448,0.266,0.187]
[0.437,0.279,0.187]
[0.432,0.296,0.187]
[0.433,0.319,0.187]
[0.416,0.329,0.187]
[0.409,0.346,0.187]
[0.403,0.364,0.187]
[0.408,0.395,0.187]
[0.399,0.412,0.187]
[0.386,0.426,0.187]
[0.405,0.479,0.187]
[0.486,0.616,0.187]
[0.456,0.619,0.187]
[0.426,0.62 ,0.187]
[0.399,0.626,0.187]
[0.363,0.613,0.187]
[0.35 ,0.639,0.187]
[0.319,0.63 ,0.187]
[0.305,0.658,0.187]
[0.266,0.628,0.187]
[0.253,0.658,0.187]
[0.231,0.664,0.187]
[0.207,0.668,0.187]
[0.183,0.667,0.187]
[0.163,0.684,0.187]
[0.147,0.724,0.187]
[0.119,0.705,0.187]
[0.099,0.734,0.187]
[0.076,0.754,0.187]
[0.05 ,0.748,0.187]
[0.026,0.772,0.187]
[0.   ,0.821,0.187]
