[-0.027, 0.835, 0.187]
[-0.053, 0.81 , 0.187]
[-0.078, 0.791, 0.187]
[-0.103, 0.779, 0.187]
[-0.126, 0.761, 0.187]
[-0.147, 0.737, 0.187]
[-0.169, 0.723, 0.187]
[-0.193, 0.717, 0.187]
[-0.218, 0.714, 0.187]
[-0.246, 0.72 , 0.187]
[-0.258, 0.681, 0.187]
[-0.288, 0.692, 0.187]
[-0.308, 0.675, 0.187]
[-0.335, 0.675, 0.187]
[-0.368, 0.685, 0.187]
[-0.374, 0.644, 0.187]
[-0.407, 0.651, 0.187]
[-0.431, 0.64 , 0.187]
[-0.464, 0.643, 0.187]
[-0.505, 0.653, 0.187]
[-0.547, 0.662, 0.187]
[-1.975, 2.235, 0.187]
[-1.905, 2.018, 0.187]
[-1.893, 1.877, 0.187]
[-2.272, 2.109, 0.187]
[-2.339, 2.033, 0.187]
[-2.42 , 1.968, 0.187]
[-2.5  , 1.899, 0.187]
[-2.597, 1.841, 0.187]
[-0.915, 0.604, 0.187]
[-0.929, 0.571, 0.187]
[-0.959, 0.547, 0.187]
[-2.881, 1.519, 0.187]
[-2.967, 1.442, 0.187]
[-3.007, 1.341, 0.187]
[-3.097, 1.26 , 0.187]
[-3.134, 1.157, 0.187]
[-3.068, 1.019, 0.187]
[-3.011, 0.891, 0.187]
[-2.968, 0.773, 0.187]
[-1.649, 0.372, 0.187]
[-1.62 , 0.31 , 0.187]
[-1.621, 0.255, 0.187]
[-1.608, 0.199, 0.187]
[-1.584, 0.144, 0.187]
[-1.603, 0.092, 0.187]
[-1.627, 0.04 , 0.187]
[-1.628,-0.013, 0.187]
[-1.641,-0.068, 0.187]
[-1.665,-0.123, 0.187]
[-0.391,-0.042, 0.187]
[-0.389,-0.055, 0.187]
[-0.371,-0.065, 0.187]
[-0.35 ,-0.073, 0.187]
[-0.35 ,-0.085, 0.187]
[-0.342,-0.095, 0.187]
[-0.334,-0.105, 0.187]
[-0.331,-0.116, 0.187]
[-0.312,-0.121, 0.187]
[-0.305,-0.13 , 0.187]
[-0.313,-0.146, 0.187]
[-0.298,-0.151, 0.187]
[-0.281,-0.154, 0.187]
[-0.266,-0.157, 0.187]
[-0.26 ,-0.166, 0.187]
[-0.251,-0.172, 0.187]
[-0.25 ,-0.184, 0.187]
[-0.246,-0.193, 0.187]
[-0.233,-0.196, 0.187]
[-0.228,-0.204, 0.187]
[-0.219,-0.21 , 0.187]
[-0.222,-0.228, 0.187]
[-0.215,-0.235, 0.187]
[-0.197,-0.23 , 0.187]
[-0.198,-0.248, 0.187]
[-0.178,-0.238, 0.187]
[-0.188,-0.27 , 0.187]
[-0.18 ,-0.277, 0.187]
[-0.173,-0.287, 0.187]
[-0.166,-0.297, 0.187]
[-0.148,-0.287, 0.187]
[-0.14 ,-0.294, 0.187]
[-0.14 ,-0.321, 0.187]
[-0.133,-0.335, 0.187]
[-0.128,-0.357, 0.187]
[-0.114,-0.353, 0.187]
[-0.107,-0.371, 0.187]
[-0.096,-0.383, 0.187]
[-0.089,-0.409, 0.187]
[-0.189,-1.032, 0.187]
[-0.156,-1.044, 0.187]
[-0.123,-1.062, 0.187]
[-0.088,-1.068, 0.187]
[-0.056,-1.133, 0.187]
[-0.028,-1.73 , 0.187]
[ 0.028,-1.699, 0.187]
[ 0.083,-1.676, 0.187]
[ 0.136,-1.648, 0.187]
[ 0.189,-1.631, 0.187]
[ 0.243,-1.63 , 0.187]
[ 0.301,-1.643, 0.187]
[ 0.183,-0.842, 0.187]
[ 0.201,-0.797, 0.187]
[ 0.215,-0.747, 0.187]
[ 0.236,-0.732, 0.187]
[ 0.253,-0.703, 0.187]
[ 0.274,-0.689, 0.187]
[ 0.293,-0.672, 0.187]
[ 0.321,-0.675, 0.187]
[ 0.337,-0.653, 0.187]
[ 0.345,-0.618, 0.187]
[ 0.378,-0.626, 0.187]
[ 0.401,-0.619, 0.187]
[ 0.417,-0.598, 0.187]
[ 0.438,-0.587, 0.187]
[ 0.454,-0.568, 0.187]
[ 0.48 ,-0.561, 0.187]
[ 0.507,-0.555, 0.187]
[ 0.553,-0.567, 0.187]
[ 0.572,-0.549, 0.187]
[ 0.597,-0.536, 0.187]
[ 0.64 ,-0.538, 0.187]
[ 0.926,-0.728, 0.187]
[ 0.921,-0.676, 0.187]
[ 0.914,-0.626, 0.187]
[ 0.932,-0.594, 0.187]
[ 0.935,-0.553, 0.187]
[ 0.943,-0.517, 0.187]
[ 0.961,-0.487, 0.187]
[ 0.968,-0.451, 0.187]
[ 1.002,-0.427, 0.187]
[ 1.009,-0.392, 0.187]
[ 1.026,-0.36 , 0.187]
[ 1.039,-0.326, 0.187]
[ 1.059,-0.295, 0.187]
[ 1.097,-0.267, 0.187]
[ 1.133,-0.236, 0.187]
[ 2.364,-0.412, 0.187]
[ 2.335,-0.329, 0.187]
[ 2.332,-0.25 , 0.187]
[ 2.318,-0.172, 0.187]
[ 2.339,-0.096, 0.187]
[ 2.377,-0.02 , 0.187]
[2.405,0.059,0.187]
[0.588,0.034,0.187]
[0.583,0.053,0.187]
[0.56 ,0.069,0.187]
[0.552,0.087,0.187]
[0.536,0.103,0.187]
[0.52 ,0.117,0.187]
[0.51 ,0.133,0.187]
[0.488,0.145,0.187]
[0.49 ,0.163,0.187]
[0.492,0.182,0.187]
[0.471,0.192,0.187]
[0.468,0.208,0.187]
[0.439,0.213,0.187]
[0.463,0.244,0.187]
[0.436,0.248,0.187]
[0.436,0.268,0.187]
[0.444,0.293,0.187]
[0.417,0.296,0.187]
[0.407,0.309,0.187]
[0.395,0.321,0.187]
[0.387,0.336,0.187]
[0.386,0.358,0.187]
[0.374,0.37 ,0.187]
[0.386,0.409,0.187]
[0.378,0.428,0.187]
[0.375,0.453,0.187]
[0.358,0.463,0.187]
[0.476,0.659,0.187]
[0.438,0.652,0.187]
[0.413,0.659,0.187]
[0.384,0.662,0.187]
[0.357,0.664,0.187]
[0.331,0.667,0.187]
[0.307,0.673,0.187]
[0.283,0.68 ,0.187]
[0.262,0.692,0.187]
[0.24 ,0.702,0.187]
[0.215,0.704,0.187]
[0.189,0.703,0.187]
[0.169,0.721,0.187]
[0.144,0.721,0.187]
[0.121,0.73 ,0.187]
[0.099,0.75 ,0.187]
[0.076,0.764,0.187]
[0.05 ,0.766,0.187]
[0.027,0.815,0.187]
[0.   ,0.812,0.187]
