[-0.031, 1.034, 0.187]
[-0.058, 0.978, 0.187]
[-0.085, 0.956, 0.187]
[-0.111, 0.936, 0.187]
[-0.138, 0.926, 0.187]
[-0.166, 0.926, 0.187]
[-0.187, 0.891, 0.187]
[-0.215, 0.893, 0.187]
[-0.239, 0.879, 0.187]
[-0.268, 0.884, 0.187]
[-0.291, 0.866, 0.187]
[-0.316, 0.856, 0.187]
[-0.349, 0.865, 0.187]
[-0.377, 0.86 , 0.187]
[-0.413, 0.871, 0.187]
[-0.446, 0.873, 0.187]
[-0.474, 0.865, 0.187]
[-0.527, 0.898, 0.187]
[-1.53 , 2.437, 0.187]
[-1.757, 2.624, 0.187]
[-0.68 , 0.953, 0.187]
[-0.697, 0.918, 0.187]
[-1.991, 2.47 , 0.187]
[-2.086, 2.437, 0.187]
[-2.168, 2.387, 0.187]
[-2.249, 2.333, 0.187]
[-0.286, 0.28 , 0.187]
[-0.267, 0.246, 0.187]
[-0.255, 0.221, 0.187]
[-0.255, 0.209, 0.187]
[-0.252, 0.194, 0.187]
[-0.261, 0.189, 0.187]
[-0.242, 0.164, 0.187]
[-0.262, 0.167, 0.187]
[-0.271, 0.162, 0.187]
[-0.266, 0.148, 0.187]
[-0.243, 0.126, 0.187]
[-0.271, 0.131, 0.187]
[-0.262, 0.117, 0.187]
[-0.26 , 0.107, 0.187]
[-0.273, 0.103, 0.187]
[-0.267, 0.092, 0.187]
[-0.256, 0.08 , 0.187]
[-0.267, 0.075, 0.187]
[-0.279, 0.069, 0.187]
[-0.267, 0.058, 0.187]
[-0.252, 0.047, 0.187]
[-0.272, 0.042, 0.187]
[-0.267, 0.034, 0.187]
[-0.301, 0.029, 0.187]
[-0.275, 0.018, 0.187]
[-0.268, 0.01 , 0.187]
[-0.282, 0.002, 0.187]
[-0.275,-0.006, 0.187]
[-0.277,-0.014, 0.187]
[-0.28 ,-0.023, 0.187]
[-0.294,-0.033, 0.187]
[-0.293,-0.041, 0.187]
[-0.28 ,-0.048, 0.187]
[-0.292,-0.059, 0.187]
[-0.289,-0.067, 0.187]
[-0.318,-0.084, 0.187]
[-0.316,-0.093, 0.187]
[-0.305,-0.1  , 0.187]
[-0.302,-0.109, 0.187]
[-0.311,-0.123, 0.187]
[-0.32 ,-0.138, 0.187]
[-0.323,-0.15 , 0.187]
[-0.322,-0.161, 0.187]
[-0.873,-0.47 , 0.187]
[-0.835,-0.482, 0.187]
[-0.814,-0.502, 0.187]
[-0.786,-0.518, 0.187]
[-0.77 ,-0.54 , 0.187]
[-0.741,-0.554, 0.187]
[-0.727,-0.577, 0.187]
[-0.687,-0.58 , 0.187]
[-0.682,-0.61 , 0.187]
[-0.67 ,-0.637, 0.187]
[-0.654,-0.659, 0.187]
[-0.634,-0.677, 0.187]
[-0.619,-0.702, 0.187]
[-0.616,-0.742, 0.187]
[-0.593,-0.759, 0.187]
[-0.595,-0.81 , 0.187]
[-1.978,-2.862, 0.187]
[-1.876,-2.894, 0.187]
[-1.789,-2.947, 0.187]
[-1.693,-2.984, 0.187]
[-1.606,-3.035, 0.187]
[-1.508,-3.064, 0.187]
[-1.413,-3.101, 0.187]
[-1.316,-3.129, 0.187]
[-1.217,-3.15 , 0.187]
[-1.127,-3.195, 0.187]
[-1.031,-3.221, 0.187]
[-0.933,-3.241, 0.187]
[-0.835,-3.262, 0.187]
[-0.743,-3.305, 0.187]
[-0.642,-3.305, 0.187]
[-0.545,-3.329, 0.187]
[-0.448,-3.356, 0.187]
[-0.349,-3.367, 0.187]
[-0.249,-3.374, 0.187]
[-0.15 ,-3.39 , 0.187]
[-0.05 ,-3.409, 0.187]
[ 0.05 ,-3.39 , 0.187]
[ 0.15 ,-3.394, 0.187]
[ 0.25 ,-3.382, 0.187]
[ 0.353,-3.408, 0.187]
[ 0.455,-3.411, 0.187]
[ 0.556,-3.396, 0.187]
[ 0.658,-3.39 , 0.187]
[ 0.768,-3.413, 0.187]
[ 0.397,-1.55 , 0.187]
[ 0.42 ,-1.458, 0.187]
[ 0.457,-1.427, 0.187]
[ 0.495,-1.403, 0.187]
[ 0.53 ,-1.371, 0.187]
[ 0.568,-1.35 , 0.187]
[ 0.603,-1.323, 0.187]
[ 0.648,-1.317, 0.187]
[ 0.689,-1.301, 0.187]
[ 0.745,-1.313, 0.187]
[ 0.349,-0.575, 0.187]
[ 0.343,-0.53 , 0.187]
[ 0.346,-0.501, 0.187]
[ 0.343,-0.467, 0.187]
[ 0.359,-0.459, 0.187]
[ 0.373,-0.449, 0.187]
[ 0.379,-0.43 , 0.187]
[ 0.391,-0.418, 0.187]
[ 0.407,-0.41 , 0.187]
[ 0.409,-0.388, 0.187]
[ 0.408,-0.365, 0.187]
[ 0.417,-0.351, 0.187]
[ 0.441,-0.35 , 0.187]
[ 0.446,-0.333, 0.187]
[ 0.454,-0.319, 0.187]
[ 0.454,-0.299, 0.187]
[ 0.484,-0.299, 0.187]
[ 0.487,-0.281, 0.187]
[ 0.496,-0.267, 0.187]
[ 0.494,-0.248, 0.187]
[ 0.521,-0.242, 0.187]
[ 0.545,-0.234, 0.187]
[ 0.55 ,-0.217, 0.187]
[ 0.555,-0.2  , 0.187]
[ 0.596,-0.195, 0.187]
[ 0.625,-0.185, 0.187]
[ 1.032,-0.272, 0.187]
[ 1.003,-0.233, 0.187]
[ 0.989,-0.2  , 0.187]
[ 0.96 ,-0.164, 0.187]
[ 0.972,-0.137, 0.187]
[ 0.988,-0.11 , 0.187]
[ 0.96 ,-0.078, 0.187]
[ 0.986,-0.051, 0.187]
[ 0.969,-0.021, 0.187]
[0.986,0.007,0.187]
[0.997,0.037,0.187]
[0.972,0.065,0.187]
[0.983,0.095,0.187]
[1.   ,0.126,0.187]
[1.006,0.157,0.187]
[1.042,0.194,0.187]
[2.212,0.48 ,0.187]
[2.213,0.549,0.187]
[2.293,0.642,0.187]
[0.585,0.183,0.187]
[0.547,0.189,0.187]
[0.53 ,0.2  ,0.187]
[0.516,0.213,0.187]
[0.513,0.229,0.187]
[0.473,0.228,0.187]
[0.479,0.249,0.187]
[0.468,0.261,0.187]
[0.451,0.269,0.187]
[0.447,0.285,0.187]
[0.432,0.294,0.187]
[0.42 ,0.305,0.187]
[0.403,0.31 ,0.187]
[0.396,0.324,0.187]
[0.391,0.34 ,0.187]
[0.382,0.352,0.187]
[0.373,0.365,0.187]
[0.366,0.379,0.187]
[0.352,0.387,0.187]
[0.343,0.4  ,0.187]
[0.332,0.412,0.187]
[0.329,0.433,0.187]
[0.314,0.44 ,0.187]
[0.3  ,0.448,0.187]
[0.303,0.484,0.187]
[0.291,0.496,0.187]
[0.292,0.533,0.187]
[0.428,0.839,0.187]
[0.403,0.85 ,0.187]
[0.367,0.838,0.187]
[0.339,0.841,0.187]
[0.317,0.857,0.187]
[0.288,0.856,0.187]
[0.261,0.857,0.187]
[0.236,0.868,0.187]
[0.205,0.852,0.187]
[0.181,0.864,0.187]
[0.156,0.874,0.187]
[0.131,0.882,0.187]
[0.107,0.9  ,0.187]
[0.081,0.909,0.187]
[0.055,0.933,0.187]
[0.027,0.924,0.187]
[0.   ,0.965,0.187]
