[-0.144, 3.406, 0.187]
[-0.28 , 3.307, 0.187]
[-0.408, 3.204, 0.187]
[-0.526, 3.091, 0.187]
[-0.644, 3.007, 0.187]
[-0.749, 2.897, 0.187]
[-0.848, 2.787, 0.187]
[-0.948, 2.702, 0.187]
[-1.044, 2.618, 0.187]
[-1.125, 2.508, 0.187]
[-1.202, 2.402, 0.187]
[-1.285, 2.319, 0.187]
[-1.353, 2.216, 0.187]
[-1.423, 2.124, 0.187]
[-1.484, 2.024, 0.187]
[-1.535, 1.919, 0.187]
[-1.585, 1.819, 0.187]
[-1.64 , 1.729, 0.187]
[-1.694, 1.642, 0.187]
[-1.732, 1.542, 0.187]
[-1.766, 1.443, 0.187]
[-1.801, 1.349, 0.187]
[-1.843, 1.263, 0.187]
[-1.878, 1.174, 0.187]
[-1.879, 1.067, 0.187]
[-1.93 , 0.991, 0.187]
[-1.928, 0.889, 0.187]
[-1.935, 0.796, 0.187]
[-1.967, 0.713, 0.187]
[-1.966, 0.62 , 0.187]
[-1.962, 0.529, 0.187]
[-1.974, 0.444, 0.187]
[-1.978, 0.358, 0.187]
[-1.965, 0.271, 0.187]
[-1.978, 0.188, 0.187]
[-1.956, 0.103, 0.187]
[-1.95 , 0.021, 0.187]
[-1.924,-0.061, 0.187]
[-1.92 ,-0.142, 0.187]
[-1.878,-0.219, 0.187]
[-1.878,-0.299, 0.187]
[-1.846,-0.375, 0.187]
[-1.817,-0.449, 0.187]
[-1.799,-0.526, 0.187]
[-1.765,-0.598, 0.187]
[-1.737,-0.672, 0.187]
[-1.689,-0.736, 0.187]
[-1.678,-0.817, 0.187]
[-1.625,-0.878, 0.187]
[-1.593,-0.95 , 0.187]
[-1.564,-1.024, 0.187]
[-1.485,-1.065, 0.187]
[-1.438,-1.125, 0.187]
[-1.383,-1.18 , 0.187]
[-1.33 ,-1.235, 0.187]
[-1.287,-1.301, 0.187]
[-1.239,-1.362, 0.187]
[-1.186,-1.42 , 0.187]
[-1.102,-1.439, 0.187]
[-1.047,-1.494, 0.187]
[-0.968,-1.513, 0.187]
[-0.917,-1.575, 0.187]
[-0.848,-1.609, 0.187]
[-0.781,-1.648, 0.187]
[-0.718,-1.696, 0.187]
[-0.643,-1.718, 0.187]
[-0.571,-1.745, 0.187]
[-0.501,-1.781, 0.187]
[-0.426,-1.804, 0.187]
[-0.348,-1.812, 0.187]
[-0.177,-1.192, 0.187]
[-0.124,-1.174, 0.187]
[-0.075,-1.182, 0.187]
[-0.048,-2.278, 0.187]
[ 0.047,-2.249, 0.187]
[ 0.14 ,-2.21 , 0.187]
[ 0.233,-2.2  , 0.187]
[ 0.33 ,-2.218, 0.187]
[ 0.426,-2.218, 0.187]
[ 0.526,-2.227, 0.187]
[ 0.462,-1.642, 0.187]
[ 0.5  ,-1.528, 0.187]
[ 0.56 ,-1.494, 0.187]
[ 0.615,-1.452, 0.187]
[ 0.671,-1.416, 0.187]
[ 0.723,-1.372, 0.187]
[ 0.783,-1.345, 0.187]
[ 0.844,-1.319, 0.187]
[ 0.208,-0.297, 0.187]
[ 0.211,-0.275, 0.187]
[ 0.214,-0.256, 0.187]
[ 0.223,-0.245, 0.187]
[ 0.232,-0.234, 0.187]
[ 0.227,-0.211, 0.187]
[ 0.245,-0.209, 0.187]
[ 0.251,-0.197, 0.187]
[ 0.238,-0.171, 0.187]
[ 0.24 ,-0.157, 0.187]
[ 0.248,-0.148, 0.187]
[ 0.262,-0.142, 0.187]
[ 0.246,-0.12 , 0.187]
[ 0.268,-0.117, 0.187]
[ 0.274,-0.106, 0.187]
[ 0.275,-0.093, 0.187]
[ 0.259,-0.076, 0.187]
[ 0.289,-0.071, 0.187]
[ 0.278,-0.056, 0.187]
[ 0.265,-0.042, 0.187]
[ 0.275,-0.032, 0.187]
[ 0.275,-0.02 , 0.187]
[ 0.271,-0.009, 0.187]
[0.291,0.003,0.187]
[0.281,0.015,0.187]
[0.273,0.026,0.187]
[0.276,0.038,0.187]
[0.281,0.051,0.187]
[0.267,0.06 ,0.187]
[0.259,0.07 ,0.187]
[0.268,0.085,0.187]
[0.278,0.101,0.187]
[0.271,0.111,0.187]
[0.262,0.121,0.187]
[0.267,0.137,0.187]
[0.262,0.149,0.187]
[0.258,0.161,0.187]
[0.265,0.182,0.187]
[0.265,0.199,0.187]
[0.256,0.21 ,0.187]
[0.25 ,0.223,0.187]
[0.262,0.254,0.187]
[1.366,1.44 ,0.187]
[1.304,1.496,0.187]
[1.248,1.561,0.187]
[1.188,1.62 ,0.187]
[1.165,1.739,0.187]
[1.474,2.414,0.187]
[0.857,1.547,0.187]
[0.769,1.538,0.187]
[0.69 ,1.537,0.187]
[0.625,1.566,0.187]
[0.549,1.566,0.187]
[0.489,1.607,0.187]
[0.416,1.609,0.187]
[0.352,1.644,0.187]
[0.284,1.67 ,0.187]
[0.217,1.705,0.187]
[0.238,2.816,0.187]
[0.12 ,2.846,0.187]
[0.   ,2.906,0.187]
