0.9987266659736633
1.4046313762664795
1.382082223892212
1.3921724557876587
1.374919056892395
1.3978668451309204
1.3960585594177246
1.4049514532089233
1.4054324626922607
1.4097293615341187
1.4125802516937256
1.4181944131851196
1.4280648231506348
1.4345799684524536
1.4466886520385742
1.4509897232055664
1.4458656311035156
1.452675223350525
1.4669102430343628
1.488075613975525
1.494215726852417
1.509407877922058
1.505005121231079
1.5293294191360474
1.5376126766204834
1.5427099466323853
1.5620875358581543
1.5638221502304077
1.5821568965911865
1.6100287437438965
1.6061807870864868
1.6469500064849854
1.6665862798690796
1.6204087734222412
1.5939903259277344
1.5395729541778564
1.5238184928894043
1.4782156944274902
1.448716163635254
1.4157366752624512
1.392158031463623
1.3568915128707886
1.3744367361068726
1.455359935760498
1.4053400754928589
1.4024462699890137
1.4286046028137207
1.4823335409164429
1.517802119255066
1.544278860092163
1.5522136688232422
1.5863096714019775
1.63993239402771
1.6638766527175903
1.7291607856750488
2.8520560264587402
2.758610486984253
2.6965270042419434
2.619579315185547
2.55057692527771
2.457934617996216
2.4121572971343994
2.3505899906158447
2.2930943965911865
2.2232067584991455
2.2018942832946777
2.218247175216675
2.252760648727417
2.2975478172302246
2.3122215270996094
2.3672969341278076
2.401196241378784
2.431612968444824
0
0
0
0
0
0
0
0
0
0
0
0
0
0
0
0
0
0
0
0
0
2.8189666271209717
0
0
0
0
1.3269480466842651
1.3187110424041748
1.3215850591659546
1.3397220373153687
1.3598860502243042
1.336552381515503
1.3681130409240723
1.3637248277664185
1.3804742097854614
1.3755484819412231
1.4035793542861938
1.3903782367706299
1.396848440170288
1.4097013473510742
1.4256772994995117
1.4477440118789673
0.4900340437889099
0.4695095419883728
0.42847898602485657
0.42135176062583923
0.42409634590148926
0.40872347354888916
0.418620765209198
0.42463523149490356
0.4308987259864807
0.43954208493232727
0.42775002121925354
0.44838377833366394
0.4532444179058075
0.4513232707977295
0.47640055418014526
0.47264593839645386
0.47128796577453613
0.4853704869747162
0.4974898099899292
0.5016743540763855
0.5066140294075012
0.5260125398635864
0.5213022828102112
0.5282876491546631
0.5316737294197083
0.5814233422279358
0.5702357888221741
0.601683497428894
0.5961881279945374
0.6217854619026184
0.6425657272338867
0.6266152858734131
0.6667956113815308
0.6835733652114868
0.6675348281860352
0.6693472266197205
0.663759708404541
0.6427789926528931
0.6652779579162598
0.6454819440841675
0.6395319700241089
0.638489305973053
0.6359445452690125
0.6367695331573486
0.6129271984100342
0.644690990447998
0.625923752784729
0.6183636784553528
0.6077759861946106
0.619353175163269
0.600410521030426
0.6015896797180176
0.6276552081108093
0.5859233736991882
0.6005427837371826
0.5961785316467285
0.5929625034332275
0.586060643196106
0.5948625206947327
0.5904055237770081
0.5890939235687256
0.5889591574668884
0.5794159770011902
0.5886778235435486
0.5929635167121887
0.5743454098701477
0.5719057321548462
0.5719815492630005
0.5727494359016418
0.5962926149368286
0.5903523564338684
0.5774796009063721
0.5967149138450623
0.5916519165039062
0.605620801448822
0.5820564031600952
0.5862275958061218
0.6161595582962036
0.6039023995399475
0.6111642122268677
0.606724739074707
0.6190399527549744
0.6201715469360352
0.615522027015686
0.6355361938476562
0.6320739984512329
0.6302418112754822
0.6361044645309448
0.6454650163650513
0.6416635513305664
0.6493266224861145
0.6387109160423279
0.664531409740448
0.6693302392959595
0.6815862059593201
0.6818492412567139
0.6939980387687683
0.6992048621177673
0.7020136117935181
0.7220193147659302
0.7320132255554199
0.7251113057136536
0.7167302966117859
0.7434504628181458
0.7586087584495544
0.7703140377998352
0.771518886089325
0.7602117657661438
0.7535194158554077
0.7529902458190918
0.734252393245697
0.7256597876548767
0.7117756605148315
0.6915812492370605
0.6920993328094482
0.6671464443206787
0.6684485673904419
0.6722182035446167
0.6646027565002441
0.6374034881591797
0.6266583800315857
0.6484134197235107
0.5981585383415222
0.5922651290893555
0.5766556859016418
0.5956919193267822
0.5912683010101318
0.5984611511230469
0.578490138053894
0.5803494453430176
0.5680597424507141
0.5737938284873962
0.5724043250083923
0.5585373044013977
0.5636578798294067
0
0
0
0
0
0
2.7775938510894775
2.8138766288757324
2.808317184448242
2.8308935165405273
2.3473548889160156
2.3550972938537598
2.3953399658203125
2.403978109359741
2.439707040786743
2.4404942989349365
2.4772391319274902
2.4695980548858643
2.522326707839966
0
0
0
0
0
0
0
0
0
0
0
3.244105339050293
3.260491371154785
3.2810568809509277
3.2990972995758057
3.299654006958008
3.318812847137451
3.3587520122528076
0
0
3.345869779586792
3.220010280609131
3.0324461460113525
2.917851686477661
2.8533694744110107
2.8816730976104736
2.9157962799072266
2.9407896995544434
2.975756883621216
2.997865915298462
3.024559497833252
0
0
0
0
0
0
0
0
0
0
0
0
0
0
0
0
0
0
0
0
0
0
0
0
3.4973018169403076
3.457285165786743
3.404038429260254
3.3673219680786133
1.115277647972107
1.106097936630249
1.103485345840454
1.088036060333252
1.0835155248641968
1.0766078233718872
1.0477925539016724
1.0542004108428955
1.0432791709899902
1.0250442028045654
1.016334056854248
1.0109212398529053
1.0185041427612305
1.006294846534729
1.0111738443374634
0.9931578040122986
1.0039864778518677
0.9816461801528931
0.9743397235870361
0.9991359114646912
0.9713093042373657
0.9665868282318115
0.97200608253479
0.9767126441001892
1.0312812328338623
1.163413166999817
1.411209225654602
2.8630611896514893
1.5017451047897339
1.5057647228240967
1.511070966720581
1.0031509399414062
