0
0
2.0406105518341064
2.0028789043426514
1.9628310203552246
1.9429142475128174
1.936002254486084
1.9372707605361938
1.9417451620101929
1.9564324617385864
2.0024211406707764
0
0
0
0
0
1.3965497016906738
1.3632346391677856
1.3782548904418945
0
0
0
0
0
0
0
0
0
0
0
0
0
0
0
0
0
0
0
0
0
0.8799130320549011
0.8759520649909973
0.8507257699966431
0.8210430145263672
0.8291768431663513
0.80063796043396
0.8001646995544434
0.7702273726463318
0.7925049066543579
0.7927367091178894
0.8005585074424744
0.7755066156387329
0.7996643781661987
0.8005208969116211
0.8104175925254822
0.8084469437599182
0.7958808541297913
0.8339764475822449
0.8735239505767822
0.9128082990646362
0
0
2.199523448944092
2.2801127433776855
2.354280710220337
2.435216188430786
2.558839797973633
2.532144546508789
2.497422456741333
2.503253221511841
2.4849183559417725
2.4739975929260254
2.449855089187622
2.4296467304229736
2.4479281902313232
2.411648988723755
2.403876304626465
2.389204263687134
2.3822693824768066
2.3795166015625
2.3732948303222656
2.3730485439300537
2.368835926055908
2.36063289642334
2.346278429031372
2.3537259101867676
1.9432836771011353
2.3022820949554443
2.3319718837738037
2.319326639175415
2.3222341537475586
2.3271427154541016
2.329671859741211
2.339409112930298
2.3390278816223145
2.349966526031494
2.36181378364563
2.3639626502990723
2.3456528186798096
2.385960102081299
2.3556275367736816
2.38032603263855
2.3935039043426514
2.410726547241211
2.4127328395843506
2.414365530014038
2.4231271743774414
2.428300142288208
2.459091901779175
2.3474931716918945
2.2095143795013428
2.117673635482788
2.101168394088745
2.522244453430176
2.550219774246216
2.574075698852539
2.594151258468628
2.6229088306427
2.632312059402466
2.6660871505737305
2.6966755390167236
2.7359654903411865
2.7609238624572754
2.792532444000244
2.8252298831939697
2.8475139141082764
2.870453357696533
2.809307098388672
2.7288713455200195
2.677288770675659
2.6386828422546387
2.5689857006073
0
0
0
0
0
0
0
0
0
0
0
0
0
0
0
0
0.6208129525184631
0.5806155204772949
0.5542289614677429
0.5491899251937866
0.5453665256500244
0.517817497253418
0.5376243591308594
0.5218263864517212
0.5080539584159851
0.5134451985359192
0.49999022483825684
0.48172885179519653
0.49245452880859375
0.5100454688072205
0.4876076579093933
0.5060073733329773
0.4795287251472473
0.5007953643798828
0.48575717210769653
0.48297712206840515
0.47803357243537903
0.49822983145713806
0.5019580721855164
0.4887785315513611
0.5125756859779358
0.4902745485305786
0.5048928260803223
0.5089033246040344
0.504469633102417
0.5025001168251038
0.521429181098938
0.5117706656455994
0.5640178918838501
0.52950119972229
0.5571225881576538
0.573081910610199
0.604661762714386
0.6231454014778137
0.8995146751403809
0.9013704657554626
0.8963662981987
0.8832870125770569
0.8878461718559265
0.8856719136238098
0.8902865648269653
0.8745827078819275
0.8712747097015381
0.8693104386329651
0.8840110301971436
0.8791559934616089
0.903799295425415
0.9262359142303467
0.9441573023796082
0.9864595532417297
0
1.777917504310608
1.7229024171829224
1.6885665655136108
1.6768587827682495
1.6501809358596802
1.6531786918640137
1.650152325630188
1.642442226409912
1.6437815427780151
1.644199013710022
1.670466661453247
1.6893436908721924
1.701113224029541
1.7327240705490112
1.85319185256958
2.8345534801483154
2.695751428604126
2.612014055252075
2.558856725692749
2.541315793991089
2.510295867919922
2.4897077083587646
2.472100257873535
2.4542431831359863
2.4498889446258545
2.463545560836792
2.449068069458008
2.4708266258239746
2.4673678874969482
2.5064477920532227
2.5330581665039062
2.544563055038452
2.6118295192718506
2.6652638912200928
2.7896273136138916
0
0
0
0
0
2.8100385665893555
2.7221269607543945
2.6895804405212402
2.6625888347625732
2.634443998336792
2.6225883960723877
2.6325998306274414
2.623009204864502
2.6579208374023438
2.6608948707580566
2.71321702003479
2.8004794120788574
0
0
0
0
0
0
0
0
0
0
0
0
0
0
0
0
0
0
0
0
0
0
0
0
0
0
0
1.9633485078811646
1.9305052757263184
1.8930143117904663
1.8869444131851196
1.886182188987732
1.914847493171692
1.9003163576126099
1.9275623559951782
2.013063669204712
0
0
0
0
0
0
0
0
0
0
0
0
0
0
0
0
0
0
1.8739303350448608
0.7138606905937195
0.6700736284255981
0.6521579027175903
0.6536190509796143
0.6179283857345581
0.5939503908157349
0.6106164455413818
0.605212926864624
0.6099612712860107
0.57989501953125
0.6029680967330933
0.5859315991401672
0.5904091596603394
0.6239873766899109
0.5944405198097229
0.6035879254341125
0.6171285510063171
0.59591144323349
0.6028243899345398
0.6011711359024048
0.6309042572975159
0.6235961318016052
0.6438355445861816
0.6747309565544128
0.6724964380264282
2.3816370964050293
1.338440179824829
1.2885873317718506
1.271338701248169
1.2661256790161133
1.2534724473953247
1.2530518770217896
1.2466620206832886
1.2417693138122559
1.2371039390563965
1.2505236864089966
1.2700793743133545
1.2975116968154907
1.3213776350021362
2.5890390872955322
2.6255645751953125
0
0
0
0
0
0
0
0
0
