0
0
2.0523550510406494
1.9847503900527954
1.9569761753082275
1.9412858486175537
1.9302843809127808
1.9300146102905273
1.9328060150146484
1.9555854797363281
2.005136728286743
0
0
0
0
0
1.417527437210083
1.3675581216812134
1.3843885660171509
0
0
0
0
0
0
0
0
0
0
0
0
0
0
0
0
0
0
0
0
0
0.8897116184234619
0.864363968372345
0.8211158514022827
0.8232596516609192
0.824934720993042
0.7861211895942688
0.7967178225517273
0.7917185425758362
0.7935711145401001
0.7983430027961731
0.7888767123222351
0.7868292927742004
0.7916136384010315
0.820920467376709
0.8029542565345764
0.8031301498413086
0.8331595063209534
0.856986403465271
0.8581603169441223
0.9192590117454529
0
0
2.1980061531066895
2.274993658065796
2.363020658493042
2.464418411254883
2.559187173843384
2.5365936756134033
2.514803886413574
2.5139272212982178
2.4829039573669434
2.4695990085601807
2.4643967151641846
2.4599411487579346
2.4460678100585938
2.42433762550354
2.3905978202819824
2.3926949501037598
2.3594281673431396
2.3791584968566895
2.367311477661133
2.360689640045166
2.356856346130371
2.3543193340301514
2.349348545074463
2.347212791442871
1.9494668245315552
2.297900676727295
2.3364853858947754
2.345118522644043
2.356478691101074
2.3439085483551025
2.3255417346954346
2.330718517303467
2.3391735553741455
2.3426520824432373
2.357897996902466
2.3446080684661865
2.35746169090271
2.357856273651123
2.382355213165283
2.387051582336426
2.3989858627319336
2.388062000274658
2.402989387512207
2.4175167083740234
2.425640821456909
2.4411518573760986
2.447094202041626
2.3437421321868896
2.2107560634613037
2.1124887466430664
2.122850179672241
2.5600082874298096
2.563103675842285
2.58726167678833
2.609388589859009
2.6204826831817627
2.6550099849700928
2.6673696041107178
2.6952247619628906
2.7192678451538086
2.761949062347412
2.777589797973633
2.812540054321289
2.8570656776428223
2.842827796936035
2.811044692993164
2.744572639465332
2.684575319290161
2.6083686351776123
2.565335988998413
0
0
0
0
0
0
0
0
0
0
0
0
0
0
0
0
0.5954867005348206
0.5803345441818237
0.5719816088676453
0.5418592095375061
0.5280209183692932
0.5500267744064331
0.5276985168457031
0.52573561668396
0.5136809945106506
0.49894827604293823
0.5013843178749084
0.49437302350997925
0.5047935843467712
0.46945664286613464
0.49243026971817017
0.48272621631622314
0.47433462738990784
0.4854137599468231
0.4707798957824707
0.4798736572265625
0.4826914370059967
0.4870187044143677
0.4777942895889282
0.4720360338687897
0.49771633744239807
0.4942648112773895
0.506071925163269
0.48234227299690247
0.5028058290481567
0.5114338397979736
0.5256209373474121
0.5264655351638794
0.5360203385353088
0.5557373762130737
0.5550417900085449
0.576592743396759
0.6001536250114441
0.6377949118614197
0.9114025235176086
0.8863469958305359
0.9029008150100708
0.8885023593902588
0.8662206530570984
0.8680375814437866
0.8783144950866699
0.8625750541687012
0.8923990726470947
0.8745188117027283
0.8851046562194824
0.8984347581863403
0.8767890334129333
0.9189709424972534
0.9409367442131042
1.011970043182373
0
1.786736249923706
1.7476205825805664
1.6878281831741333
1.65198814868927
1.6493215560913086
1.6658856868743896
1.6395847797393799
1.63642418384552
1.6390011310577393
1.6362162828445435
1.637163758277893
1.6571210622787476
1.6950352191925049
1.7356147766113281
1.8409934043884277
2.8240315914154053
2.7116646766662598
2.6321723461151123
2.5829386711120605
2.541356325149536
2.497133255004883
2.4963810443878174
2.456712245941162
2.4518420696258545
2.469301462173462
2.4526469707489014
2.472381353378296
2.487650156021118
2.490269184112549
2.5324690341949463
2.553354024887085
2.567265510559082
2.596109390258789
2.668146848678589
2.798731803894043
0
0
0
0
0
2.811642646789551
2.728755474090576
2.6708967685699463
2.649945020675659
2.625828981399536
2.6325933933258057
2.6007206439971924
2.62351655960083
2.6642003059387207
2.68123722076416
2.731476306915283
2.782914400100708
0
0
0
0
0
0
0
0
0
0
0
0
0
0
0
0
0
0
0
0
0
0
0
0
0
0
0
1.9745913743972778
1.9351739883422852
1.8970695734024048
1.895776629447937
1.8948630094528198
1.8818482160568237
1.9214808940887451
1.9475075006484985
2.003347635269165
0
0
0
0
0
0
0
0
0
0
0
0
0
0
0
0
0
0
1.879193663597107
0.7000886797904968
0.6690568327903748
0.6399084329605103
0.6431034803390503
0.6372333765029907
0.6190451383590698
0.592441201210022
0.6184868216514587
0.5900946259498596
0.5962121486663818
0.5842252969741821
0.5883238911628723
0.5985530018806458
0.611361026763916
0.6017055511474609
0.5888832807540894
0.5975475907325745
0.6006134748458862
0.5994261503219604
0.5996677279472351
0.6099627017974854
0.6368871927261353
0.6467968225479126
0.6571367979049683
0.6770391464233398
2.391842842102051
1.330308437347412
1.2951655387878418
1.275252342224121
1.2618595361709595
1.2494628429412842
1.2294402122497559
1.2417227029800415
1.2427352666854858
1.2455382347106934
1.2743632793426514
1.2824089527130127
1.284775972366333
1.3288464546203613
2.6035053730010986
2.6414082050323486
0
0
0
0
0
0
0
0
0
