0
0
0
0
0
0
0
2.3670566082000732
2.289259433746338
2.2568328380584717
2.2492494583129883
2.232569694519043
1.8438937664031982
1.773447036743164
1.7613638639450073
1.7228034734725952
1.7170283794403076
1.730183482170105
1.7404404878616333
1.7409558296203613
1.7830400466918945
1.8240832090377808
2.2829530239105225
2.267357587814331
2.2510457038879395
2.2369441986083984
2.2570133209228516
2.2834713459014893
2.3237833976745605
0
0
0
0
0
0
0
0
0
0
0
0
0
0
0
0
0
0
0
0
0
0
0
0
0
0
0
0
0
0
0
0
0
0
0
0
0
0
1.94193696975708
1.898903489112854
1.8894566297531128
1.8941235542297363
1.8731900453567505
1.8724727630615234
1.910599708557129
1.8949579000473022
1.950443148612976
2.4454379081726074
2.383553981781006
2.351454973220825
2.3233797550201416
2.3224494457244873
2.3236608505249023
2.3573999404907227
2.402557134628296
0
1.8634849786758423
1.8186185359954834
1.8008488416671753
1.7880091667175293
1.7932268381118774
1.8040522336959839
1.7965389490127563
1.8539152145385742
1.8614999055862427
0
0
0
0
0
0
0
0
0
0
0
0
0
0
0
0
0
0
0
0
0
0
0
0
0
0
0
0
0
0
0
0
0
0
0
0
0
0
0
0
0
0
0
0
0
0
0
0
0
0
0
0
0
0
0
0
0
0
0
0
0
0
0
0
0
0
0
0
0
0
0
0
0
0
0
0
0
0
0
0
0
0
0
0
0
0
0
0
0
0
0
0
0
0
0
0
0
0
0
0
0
0
0
0
0
0
0
0
0
0
0
0
0
0
0
0
0
0
0
0
0
0
0
0
0
0
0
0
0
0
0
0
0
0
0
0
0
0
0
0
0
0
0
0
0
0
0
0
0
0
0
0
0
0
0
0
0
0
0
0
0
0
0
0
0
0
0
0
0
0
0
0
0
0
0
0
0
0
0
0
0
0
0
0
0
0
0
0
0
0
0
0
0
0
0
0
0
0
0
0
0
0
0
0
0
0
0
0
0
0
0
0
0
0
0
0
0
0
0
0
0
0
0
0
0
0
0
0
0
0
0
0
0
0
0
0
0
0
0
0
0
0
0
0
0
0
0
0
0
0
0
0
0
0
0
0
0
0
0
0
0
0
0
0
0
0
