0
0
0
0
0
2.561648368835449
2.5000274181365967
2.4814860820770264
2.4565181732177734
2.475820302963257
2.470015287399292
2.507500171661377
0
0
0
0
0
0.918266773223877
0.8540929555892944
0.8597569465637207
0.824290931224823
0.827810525894165
0.836675763130188
0.8162994980812073
0.8127474784851074
0.8108603954315186
0.8125191330909729
0.8114326596260071
0.8223156332969666
0.8210804462432861
0.8268091678619385
0.8398536443710327
0.8305652737617493
0.8563404679298401
0.8686087727546692
0.9182717800140381
0
0
0
0
0
0
0
0
0
0
0
0
0
0
0
0
0
0
0
0
0
2.572566509246826
2.5069141387939453
2.4760947227478027
2.4818549156188965
2.468597173690796
2.4946205615997314
2.5227108001708984
0
0
0
0
0
0
0
0
0
0
0
0
0
0
0
0
0
0
0
0
0
0
1.3109257221221924
1.2722058296203613
1.2520451545715332
1.2169374227523804
1.212971806526184
1.1913461685180664
1.2117222547531128
1.2047677040100098
1.2210643291473389
1.2183529138565063
1.238197684288025
1.253282070159912
1.2837553024291992
0
0
0
0
0
0
0
0
0
0
0
0
0
0
0
0
0
0
0
0
0
0
0
0
0
0
0
0
0
0
0
0
0
2.753700017929077
2.7274601459503174
2.6861722469329834
2.693058490753174
2.7433745861053467
2.7796976566314697
0
0
0
0
0
0
0
0
0
0
0
0
0
0
0
0
0
0
0
0
0
0
0
0
0
0
0
3.118412733078003
3.0788373947143555
3.044581174850464
3.03706955909729
3.0841965675354004
0
0
0
0
0
0
0
0
0
0
0
0
0
0
0
0
0
0
0
0
0
0
0
0
3.0935449600219727
3.0427536964416504
3.0094010829925537
3.0219573974609375
3.0523219108581543
3.10565447807312
0
0
1.1569007635116577
1.099310040473938
1.0930756330490112
1.0561769008636475
1.0392206907272339
1.0366941690444946
1.0377458333969116
1.0246899127960205
1.0671555995941162
1.0305067300796509
1.0685570240020752
1.0309189558029175
1.0541479587554932
1.0816659927368164
1.093878984451294
0
0
0
0
0
0
0
0
0
0
0
0
0
0
0
2.9534013271331787
2.896594524383545
2.878181219100952
2.886838436126709
2.9137113094329834
2.9581029415130615
0
0
0
0
0
0
0
0
0
0
0
0
0
0
0
0
0
0
0
0
0
1.809105396270752
1.7620265483856201
1.7401244640350342
1.7041218280792236
1.6922988891601562
1.6977773904800415
1.7059539556503296
1.7083743810653687
1.762538194656372
1.800528645515442
0
0
0
0
0
0
0
0
0
0
0
0
0
0
0
0
0
0
0
0
0
0
0
0
0
0
0
0
0
0
3.1075026988983154
3.041585683822632
3.013002872467041
3.015918731689453
3.035426139831543
0.940719485282898
0.9372750520706177
0.8998271822929382
0.881378710269928
0.8852649927139282
0.8795602321624756
0.8607176542282104
0.8533787131309509
0.8570367097854614
0.875458836555481
0.8658892512321472
0.8778529167175293
0.8876770734786987
0.8890534043312073
0.9156885743141174
0.9107947945594788
0.9359959363937378
1.0025264024734497
0
0
0
0
0
0
0
0
0
0
0
0
0
0
0
0
0
2.4309191703796387
2.39388108253479
2.3639519214630127
2.330082416534424
2.349397897720337
2.3441457748413086
2.39251708984375
2.4842262268066406
0
0
0
0
0
0
0
0
0
0
0
0
0
