0
0
0
0
0
0
0
0
0
0
0
0
0
0
0
0
0
0
0
0
0
0
0
0
0
0
0
1.2460789680480957
1.2133090496063232
1.1334177255630493
1.1469664573669434
1.1329574584960938
1.1436703205108643
1.1223944425582886
1.1311595439910889
1.1360515356063843
1.1533334255218506
1.1350065469741821
1.1515029668807983
1.16552734375
1.1832395792007446
1.2362052202224731
1.978515625
1.9490087032318115
1.9281120300292969
1.9328738451004028
1.900378704071045
1.925832748413086
1.9331916570663452
1.9259846210479736
1.9775984287261963
0
0
0
0
0
0
0
0
0
0
0
0
0
0
0
0
0
0
0
0
0
0
0
0
3.0143959522247314
2.9524760246276855
2.942690372467041
2.952319860458374
2.9523792266845703
1.9065297842025757
1.8684971332550049
1.845794916152954
1.817463755607605
1.0597965717315674
1.0161741971969604
0.989119291305542
0.9878841638565063
0.9747355580329895
0.9490011930465698
0.9629970788955688
0.9606330394744873
0.9544110298156738
0.9645689725875854
0.9348410964012146
0.965318500995636
0.9844340682029724
0.9862964153289795
1.003450632095337
1.036686897277832
0
0
0
0
0
0
0
0
0
0
0
2.4845128059387207
2.446132183074951
2.4281954765319824
2.425320863723755
2.4241411685943604
2.4585323333740234
2.5213115215301514
0
0
0
0
0
0
0
0
0
0
0
0
0
0
1.933141827583313
1.87459397315979
1.8448814153671265
1.837135910987854
1.8243680000305176
1.8126964569091797
1.8536509275436401
1.895513653755188
1.8989464044570923
0
0
0
0
0
0
0
0
3.384125232696533
3.344250440597534
3.358633041381836
3.3910820484161377
3.453162908554077
0
0
0
0
0
0
0
0
0
0
0
1.8024603128433228
1.7671352624893188
0.45277348160743713
0.4557061791419983
0.4340128004550934
0.4114193022251129
0.4279174506664276
0.4016956388950348
0.39625826478004456
0.37305930256843567
0.39717406034469604
0.36065155267715454
0.3791857063770294
0.3671596050262451
0.37335753440856934
0.3617352843284607
0.38431447744369507
0.37834861874580383
0.37406373023986816
0.3831116259098053
0.38178831338882446
0.37955886125564575
0.3740120828151703
0.38195279240608215
0.3652893304824829
0.3835696876049042
0.37867575883865356
0.38958626985549927
0.3891478478908539
0.3647973835468292
0.4067809581756592
0.40068966150283813
0.4055543839931488
0.41892045736312866
0.42151540517807007
0.4467342495918274
0.46586012840270996
0
0
0
0
0
0
0
0
0
0
0
0
0
0
0
0
0
1.3528214693069458
1.3156542778015137
1.3199323415756226
1.2955538034439087
1.2725721597671509
1.290576457977295
1.2752048969268799
1.2637118101119995
1.2897602319717407
1.2979962825775146
1.3221232891082764
1.3423635959625244
0
2.5709047317504883
2.4973835945129395
2.4652767181396484
2.434760332107544
2.442110300064087
2.4541499614715576
2.507209062576294
0
0
0
0
0
0
0
0
0
0
0
0
0
0
0
0
0
0
0
0
0
0
0
0
0
0
2.9171316623687744
2.8522517681121826
2.8421216011047363
2.857604503631592
2.853762626647949
2.894540786743164
0
0
0
0
0
0
0
0
0
0
0
0
0
0
0
0
1.406494140625
1.3646987676620483
1.3355352878570557
1.3235102891921997
1.325434684753418
1.3090015649795532
1.298753261566162
1.3160556554794312
1.332653284072876
1.3298516273498535
1.3514591455459595
1.4021817445755005
0
0
0
0
3.113417148590088
0
0
0
0
0
0
0
0
0
0
0
0
0
0
0
0
0
0
0
0.7835161685943604
0.7474491000175476
0.7445307970046997
0.7400776147842407
0.7027062177658081
0.7327995896339417
0.7123518586158752
0.6868834495544434
0.6899116635322571
0.6968591213226318
0.7084933519363403
0.7045527696609497
0.7071952819824219
0.7039043307304382
0.7013395428657532
0.6848621368408203
0.700045645236969
0.7193595170974731
0.7312264442443848
0.7658960819244385
0.7832304239273071
0.8138057589530945
0
0
0
0
0
0
0
0
0
0
0
0
0
0
0
