0
0
0
0
0
0
0
0
0
0
0
0
0
0
0
0
0
0
0
0
0
0
0.9583889842033386
0.956375002861023
0.93398517370224
0.9073168635368347
0.8828833103179932
0.8756842017173767
0.8399288058280945
0.8469731211662292
0.847019374370575
0.8177658319473267
0.8097372651100159
0.8064713478088379
0.7954118251800537
0.7726433277130127
0.7640314102172852
0.7649679183959961
0.7676524519920349
0.7598171234130859
0.7260149121284485
0.7223681211471558
0.7288634777069092
0.7324869632720947
0.720034658908844
0.6976358890533447
0.6927424073219299
0.6894707083702087
0.6972789168357849
0.6760953068733215
0.6805295348167419
0.6675519943237305
0.668583333492279
0.6717085242271423
0.6670341491699219
0.6622463464736938
0.647638738155365
0.6615709662437439
0.6587909460067749
0.6593320965766907
0.6320147514343262
0.6569237112998962
0.6423155665397644
0.644149661064148
0.6604140400886536
0.6439512968063354
0.6584538221359253
0.6447120308876038
0.6270466446876526
0.6300495862960815
0.6411101818084717
0.6464540362358093
0.6307669281959534
0.6371830105781555
0.6325352787971497
0.6455399394035339
0.6292433738708496
0.6319769620895386
0.6443299055099487
0.6280145645141602
0.6573715209960938
0.657158374786377
0.6550124287605286
0.6557731628417969
0.6437501311302185
0.6577643156051636
0.6574909687042236
0.66487717628479
0.6744193434715271
0.6725294589996338
0.6601427793502808
0.67860347032547
0.6839945316314697
0
0
0
0
0
0
0
0
0
0
0
0
0
0
0
0
0
0
0
0
2.8380768299102783
2.785964012145996
2.7609760761260986
2.734699010848999
2.748363494873047
2.8112905025482178
0
0
0
0
0
0
0
0
0
0
0
0
0
0
0
0
0
0
1.7476730346679688
1.6989251375198364
1.6526999473571777
1.6282027959823608
1.6366856098175049
1.6293816566467285
1.6211838722229004
1.6483196020126343
1.6347556114196777
1.6999449729919434
0
0
0
0
0
0
0
0
0
0
0
0
0
0
0
0
0
0
0
0
0
0
0
0
0
0
0
0
0
0
3.4221761226654053
3.3904178142547607
3.4087142944335938
3.401858329772949
3.461634874343872
0
0
0
0
0
0
0
0
0
0
1.5125516653060913
1.4534298181533813
1.4398106336593628
1.428552269935608
1.3999701738357544
1.4119911193847656
1.425087809562683
1.418129563331604
1.4410629272460938
1.4551337957382202
1.4815928936004639
0
0
0
0
0
0
0
0
0
0
0
0
0
0
0
0
0
0
0
1.909018874168396
1.8424742221832275
1.843607783317566
1.8051660060882568
1.8059039115905762
1.8044346570968628
1.8087941408157349
1.8290581703186035
1.8802889585494995
0
0
0
0
0
0
0
0
0
0
0
0
0
0
0
0
0
0
0
0
0
0
0
0
0
0
2.9539685249328613
2.922673463821411
2.9254255294799805
2.929478883743286
2.9441308975219727
3.0611276626586914
0
0
0
0
0
0
0
0
0
0
0
0
0
0
2.0301456451416016
1.9463597536087036
1.9663171768188477
1.942082405090332
1.948551058769226
1.9467717409133911
1.978350043296814
1.9921396970748901
2.0782394409179688
0
0
0
0
0
0
0
0
0
0
0
3.4263803958892822
3.311922788619995
3.2167539596557617
3.1222105026245117
2.9980196952819824
2.940873622894287
2.8543636798858643
2.7622454166412354
2.7254979610443115
2.638340473175049
2.5671916007995605
2.5271096229553223
2.463986873626709
2.416105270385742
2.362866163253784
2.3149306774139404
2.2548668384552
2.2601990699768066
2.2090706825256348
2.1698720455169678
2.142202138900757
2.0983996391296387
2.054591655731201
2.029172658920288
2.008693218231201
1.968666672706604
1.9554811716079712
1.9196337461471558
1.8744438886642456
1.8743480443954468
1.871802806854248
1.8351548910140991
1.8032585382461548
1.7839946746826172
1.7817680835723877
1.7685494422912598
1.0675592422485352
1.0473847389221191
1.0184743404388428
1.0107269287109375
0.9811832308769226
0.9832005500793457
0.98871910572052
0.989080548286438
0.9777239561080933
1.011888027191162
1.0110458135604858
1.0111278295516968
1.0101162195205688
1.030852198600769
1.0453312397003174
1.0558704137802124
0
0
0
0
0
0
0
0
0
0
0
