0
0
0
0
0
0
0
0
0
0
0
0
0
0
0
0
0
1.9291585683822632
1.9052337408065796
1.89635169506073
1.8880650997161865
1.8819154500961304
1.878514289855957
1.886704921722412
1.9044899940490723
1.9841669797897339
0
0
0
0
0
0
0
0
0
0
0
0
0
0
0
0
0
0
0
0
0
0
0
0
0
0
0
3.1199424266815186
3.11144757270813
2.558398485183716
2.50216007232666
2.4820306301116943
2.481104612350464
2.499270439147949
2.508678436279297
2.55666184425354
0
1.1562060117721558
1.0565661191940308
1.040248155593872
1.0092166662216187
0.9991011023521423
1.0014575719833374
0.9753961563110352
0.9775459170341492
0.9940791130065918
0.981507420539856
0.9791681170463562
0.9915081262588501
0.9820694923400879
1.0072976350784302
1.034152865409851
1.0630348920822144
1.1097162961959839
0
0
0
0
0
0
0
0
0
0
0
0
0
0
0
0
2.7855591773986816
2.758781909942627
2.721970558166504
2.707871198654175
2.7097854614257812
2.733410358428955
2.8581290245056152
0
0
0
0
0
0
0
0
0
0
0
0
0
0
0
0
3.116926431655884
3.0944323539733887
3.0720255374908447
3.083317518234253
3.156543731689453
0
0
0
0
2.659914970397949
0
0
0
0
0
0
0
0
0
0
0
0
1.6521118879318237
1.645020842552185
1.611430048942566
1.5916975736618042
1.5986546277999878
1.5988775491714478
1.6040194034576416
1.6248040199279785
1.640915036201477
1.6915301084518433
0
0
0
0
0
0
0
0
3.2619903087615967
3.2491297721862793
3.2342450618743896
3.2538461685180664
3.311786651611328
0
0
0
0
0
0
0
0
0
0
0
0
0
0
0
0
0
0
0
0
0
0
3.1299915313720703
3.0647621154785156
3.05070424079895
3.070478916168213
3.091386556625366
0
0
0
0
0
0
0
0
1.6424425840377808
1.594018816947937
1.5773026943206787
1.5574272871017456
1.5643349885940552
1.5752969980239868
1.564554214477539
1.5615230798721313
1.584106683731079
1.6371384859085083
0
0
0
0
0
0
0
0
0
0
0
0
0
0
0
0
0
0
0
0
0
0
0
0
0
0
0
0
0
0
0
0
0
0
0
0
0
0
0
0
0
0
0
0
0
0
0
0
0
0
0
0
0
0
3.2287979125976562
3.116644859313965
3.0858914852142334
3.0841269493103027
3.074989080429077
3.14190936088562
0
0
0
0
0
0
0
0
0
1.035940170288086
1.0011354684829712
1.0032230615615845
0.9747028946876526
0.9445777535438538
0.931786298751831
0.9308220148086548
0.924444317817688
0.9444242715835571
0.9502635598182678
0.9444149732589722
0.9618174433708191
0.9510580897331238
0.9763036966323853
0.9791993498802185
1.0076600313186646
1.0266352891921997
0
0
0
0
0
0
0
0
2.8853302001953125
2.852752208709717
2.8310248851776123
2.827610492706299
2.8513119220733643
2.400949716567993
2.3739261627197266
2.353041410446167
2.367546319961548
2.3644602298736572
2.3692784309387207
2.438445806503296
2.8527610301971436
2.842466354370117
2.862457275390625
2.876753807067871
2.929072618484497
0
0
0
0
0
0
0
0
0
0
0
0
0
0
2.1515748500823975
2.0978243350982666
2.079890012741089
2.0655336380004883
2.0746376514434814
2.0858840942382812
2.110287666320801
2.1152749061584473
0
0
0
0
0
0
0
0
0
0
0
0
0
0
0
0
0
0
