0
0
0
0
0
0
0
0
0
0.970299482345581
0.9732511639595032
0.9759901165962219
0
0
0
0
0
0
0
0
0
0
0
0
2.8466172218322754
0
0
0
0
0
0
0
0
0
0
0
0
0
0
0
0
0
0
0
0
0
0
0
0
0
0
0
0
0
0
0
0
0
2.507107734680176
2.468200922012329
2.454901695251465
2.465287446975708
2.4742984771728516
2.49471378326416
2.5527477264404297
0
0
0
0
0
0
0
0
0
0
0
0
0
0
0
0
3.1042492389678955
3.1001410484313965
1.2176507711410522
1.203813076019287
1.1752376556396484
1.1375268697738647
1.1344168186187744
1.1474322080612183
1.1301544904708862
1.1326349973678589
1.1372979879379272
1.1443485021591187
1.134447693824768
1.1602081060409546
1.1842855215072632
1.2376818656921387
0
0
0
0
0
0
0
0
0
0
0
0
0
0
0
2.317460060119629
2.277052402496338
2.2456517219543457
2.260577917098999
2.258364677429199
2.2655630111694336
2.3233070373535156
3.2473011016845703
3.279529094696045
3.330214500427246
0
0
0
0
0
0
0
0
0
0
0
0
0
0
0
0
0
0
0
3.4534826278686523
3.4265143871307373
3.420672655105591
3.4659714698791504
2.323862314224243
2.2878904342651367
2.28938364982605
2.256303310394287
2.2823305130004883
2.317911386489868
2.3785626888275146
0
0
0
0
1.038807988166809
0.9848144054412842
0.9806267619132996
0.9595485925674438
0.9498785734176636
0.9459326863288879
0.9207981824874878
0.9259776473045349
0.9458281993865967
0.9504830837249756
0.9245621562004089
0.9224790334701538
0.9474602937698364
0.9550617337226868
0.9859228730201721
1.0011711120605469
1.042808175086975
0
3.199608087539673
3.277372360229492
3.328047037124634
3.3959860801696777
3.455143690109253
3.415757656097412
3.3714239597320557
3.3311667442321777
3.2882943153381348
3.2442989349365234
3.221477746963501
3.2191081047058105
3.1573519706726074
3.1351711750030518
2.6630327701568604
2.7366831302642822
2.8342018127441406
2.9563679695129395
0
0
0
0
0
0
0
0
0
0
0
0
0
0
0
0
0
0
0
0
0
0
0
0
0
0
0
0
0
0
0
0
0
0
0
0
0
0
0
0
0
0
0
0
0
0
0
0
0
0
0
0
0
0
0
0
0
0
0
0
0
0
0
0
0
0
0
0
0
0
0
0
0
0
0
0
0
0
0
0
0
0
0
0
0
0
0
0
0
0
0
0
0
0
0
0
0
0
0
0
0
0
0
0
0
0
0
0
0
0
0
0
0
0
0
0
0
0
0
0
0
0
0
0
0
0
0
0
0
0
0
0
0
0
0
0
0
0
0
0
0
0
0
0
0
0
0
0
0
0
0
0
0
0
0
0
0
0
0
0
0
0
0
0
0
0
0
0
