0
0
2.0705060958862305
1.985946774482727
1.958414912223816
1.936631202697754
1.917787790298462
1.9424563646316528
1.956257700920105
1.9519764184951782
1.9940587282180786
0
0
0
0
0
1.412177562713623
1.3752765655517578
1.38670814037323
0
0
0
0
0
0
0
0
0
0
0
0
0
0
0
0
0
0
0
0
0
0.8771100044250488
0.8575063943862915
0.834915816783905
0.8331303596496582
0.8080556392669678
0.8164840340614319
0.8066760301589966
0.7912282347679138
0.7864041924476624
0.7847250699996948
0.7938387989997864
0.7989769577980042
0.8131871223449707
0.8116620182991028
0.7929587364196777
0.8221352100372314
0.8236395716667175
0.852070689201355
0.8665727972984314
0.9142318367958069
0
0
2.1955974102020264
2.2740478515625
2.352033853530884
2.4500863552093506
2.558074474334717
2.5353386402130127
2.526672124862671
2.503788471221924
2.4690706729888916
2.453467607498169
2.4455814361572266
2.4241414070129395
2.4331390857696533
2.4225192070007324
2.4173924922943115
2.388230562210083
2.392251968383789
2.365788698196411
2.3762848377227783
2.3610610961914062
2.362271547317505
2.3444631099700928
2.353379726409912
2.348799228668213
1.9482421875
2.3113954067230225
2.338000535964966
2.325983762741089
2.3472063541412354
2.351763963699341
2.3190114498138428
2.334825277328491
2.334498882293701
2.35734486579895
2.345216751098633
2.349959373474121
2.36011004447937
2.3606786727905273
2.3764748573303223
2.3847148418426514
2.3914954662323
2.4200198650360107
2.397922992706299
2.418848752975464
2.435222625732422
2.4404609203338623
2.4633853435516357
2.335383653640747
2.2128663063049316
2.1061272621154785
2.0879154205322266
2.532148838043213
2.5677542686462402
2.567953586578369
2.5905685424804688
2.612861156463623
2.626646041870117
2.6819419860839844
2.703261137008667
2.742496967315674
2.75241756439209
2.7732460498809814
2.827349901199341
2.840756416320801
2.869335651397705
2.8096606731414795
2.7542724609375
2.6938021183013916
2.632401704788208
2.564702272415161
0
0
0
0
0
0
0
0
0
0
0
0
0
0
0
0
0.621242105960846
0.6006655693054199
0.5740486979484558
0.550338625907898
0.5352737307548523
0.524240255355835
0.504422664642334
0.502711296081543
0.516281008720398
0.5061042308807373
0.49754559993743896
0.4933708608150482
0.5012179613113403
0.48407211899757385
0.48254403471946716
0.497197687625885
0.4993581175804138
0.49721986055374146
0.4908413887023926
0.4764018952846527
0.498023122549057
0.4839482605457306
0.4726329445838928
0.4859723150730133
0.49267107248306274
0.46165597438812256
0.48600518703460693
0.4948880672454834
0.4962090849876404
0.4954696297645569
0.5211302042007446
0.5274529457092285
0.5506746172904968
0.540564775466919
0.5670353770256042
0.5745696425437927
0.5974922180175781
0.6268378496170044
0.9139881730079651
0.9131138920783997
0.8790875673294067
0.8888459205627441
0.8991350531578064
0.8850516080856323
0.8798051476478577
0.8552348017692566
0.8614252805709839
0.8743928670883179
0.8883818984031677
0.9084411859512329
0.9023778438568115
0.9122900366783142
0.9453380703926086
0.9810032248497009
0
1.7586051225662231
1.7298418283462524
1.7031828165054321
1.682382583618164
1.657608151435852
1.6521551609039307
1.6453537940979004
1.650437355041504
1.6466717720031738
1.6533899307250977
1.6466110944747925
1.6809680461883545
1.7033580541610718
1.7547434568405151
1.8195393085479736
2.829887628555298
2.6923110485076904
2.6129467487335205
2.558922290802002
2.532025098800659
2.5169427394866943
2.4943041801452637
2.47933292388916
2.460620164871216
2.4765965938568115
2.4534621238708496
2.4646823406219482
2.4559898376464844
2.4932491779327393
2.504395008087158
2.531019449234009
2.5807015895843506
2.6133408546447754
2.682636022567749
2.7810373306274414
0
0
0
0
0
2.818985939025879
2.7129416465759277
2.686340808868408
2.6316306591033936
2.652431011199951
2.6281371116638184
2.6247639656066895
2.636674165725708
2.623647689819336
2.6711268424987793
2.7288851737976074
2.810106039047241
0
0
0
0
0
0
0
0
0
0
0
0
0
0
0
0
0
0
0
0
0
0
0
0
0
0
0
1.9628803730010986
1.9195057153701782
1.9020408391952515
1.8974677324295044
1.8961142301559448
1.9074958562850952
1.9464627504348755
1.9400408267974854
2.0216376781463623
0
0
0
0
0
0
0
0
0
0
0
0
0
0
0
0
0
0
1.8714097738265991
0.7093799710273743
0.6578999757766724
0.6255794167518616
0.6371103525161743
0.6227384805679321
0.6055452227592468
0.6017197966575623
0.6010295152664185
0.5878155827522278
0.599347710609436
0.6133473515510559
0.6010977625846863
0.6033191680908203
0.5754897594451904
0.5886270999908447
0.5846276879310608
0.5976491570472717
0.5989621877670288
0.6056100726127625
0.6162705421447754
0.6066060662269592
0.626414954662323
0.6654831767082214
0.6563750505447388
0.6924548149108887
2.3893215656280518
1.3432118892669678
1.2867716550827026
1.2482271194458008
1.2553651332855225
1.2492632865905762
1.23764967918396
1.2455780506134033
1.2468582391738892
1.2579240798950195
1.2700344324111938
1.2893402576446533
1.2657297849655151
1.3239928483963013
2.5911946296691895
2.6647188663482666
0
0
0
0
0
0
0
0
0
