2.1663975715637207
2.2242891788482666
1.7635635137557983
1.73053777217865
1.6949775218963623
1.667262315750122
1.6885480880737305
1.697989583015442
1.673398733139038
1.7221496105194092
1.7408499717712402
1.7786473035812378
2.3290791511535645
2.360811948776245
2.4401354789733887
0
0
0
2.0485339164733887
2.0104358196258545
1.9985508918762207
1.9791557788848877
1.9776849746704102
1.9706579446792603
1.9791022539138794
2.03124737739563
2.0615859031677246
0
0
0
0
0
0
0
0
0
0
0
0
0
0
0
0
0
0
0
0
0
0
0
0
0
0
0
0
0
0
0
0
0
2.947488784790039
2.921945095062256
2.8912930488586426
2.905543088912964
2.9162561893463135
2.976900100708008
2.599735975265503
2.5368258953094482
2.512547254562378
2.502068281173706
2.4970059394836426
2.5276472568511963
2.5555880069732666
3.2054176330566406
0
1.906141996383667
1.9095921516418457
1.9375388622283936
1.9613772630691528
2.0046536922454834
2.0319535732269287
2.052509069442749
2.0837440490722656
2.0850186347961426
2.1239540576934814
2.106236457824707
2.0551695823669434
2.006150722503662
1.9879097938537598
1.9426722526550293
1.9200416803359985
1.878603458404541
1.856228232383728
1.8284419775009155
1.788865089416504
1.7520511150360107
1.7362233400344849
1.2273824214935303
1.247522234916687
1.2688028812408447
1.3240654468536377
1.3477773666381836
1.3882795572280884
1.4369802474975586
1.480531096458435
1.5190006494522095
0
0
0
0
0
0
3.1159250736236572
2.553558349609375
2.512528419494629
2.5181941986083984
2.515817403793335
2.504575490951538
2.538362979888916
2.5904133319854736
3.492440938949585
3.460571765899658
2.9832098484039307
2.938070297241211
2.921011447906494
2.9149959087371826
2.9503586292266846
2.986713409423828
1.072013258934021
1.2584785223007202
1.4973526000976562
1.4684925079345703
1.4632796049118042
1.4755160808563232
1.485542893409729
1.4931575059890747
1.4883036613464355
1.4682759046554565
1.476246953010559
1.4777690172195435
1.46579909324646
1.4756648540496826
1.4846974611282349
1.4831352233886719
1.5057713985443115
1.4903541803359985
1.508863925933838
1.533713936805725
1.516304850578308
1.5170878171920776
1.5345585346221924
1.5486843585968018
1.5592708587646484
1.5561223030090332
1.5538527965545654
1.5750536918640137
1.5812476873397827
1.5872727632522583
1.6228874921798706
1.6085171699523926
1.6416083574295044
1.6457421779632568
1.6489968299865723
1.5837020874023438
1.529290795326233
1.492405891418457
1.444006085395813
1.4141643047332764
1.3627818822860718
1.339288353919983
1.3344345092773438
0
0
0
0
0
0
0
0
0
0
0
0
0
0
0
0
0
0
0
0
0
0
0
0
0
0
0
0
0
0
0
0
0
0
0
0
0
0
0
0
0
0
0
0
0
0
0
0
0
0
0
0
0
0
0
0
0
0
0
0
0
0
0
0
0
0
0
0
0
0
0
0
0
0
0
0
0
0
0
0
0
0
0
0
0
0
0
0
0
0
0
0
0
0
0
0
0
0
0
0
0
0
0
0
0
1.025429368019104
0.9880973696708679
0.9670029282569885
0.9604721069335938
0.9609382152557373
0.9412747025489807
0.9456000924110413
0.9390694499015808
0.9428993463516235
0.9295636415481567
0.935029149055481
0.9580909013748169
0.9507566094398499
0.9641463756561279
0.973918080329895
1.014280915260315
1.0582680702209473
1.3902595043182373
1.4064115285873413
1.3956109285354614
1.4132375717163086
1.4209308624267578
1.467848777770996
3.0536751747131348
3.0321285724639893
3.0641493797302246
3.126646041870117
0
0
3.4369187355041504
3.4153616428375244
3.3915021419525146
3.4226975440979004
3.46745228767395
0
0
0
0
0
0
0
0
0
0
0
0
0
0
0
0
0
0
0
0
0
0
0
0
0
0
0
0
0
0
0
0
0
0
0
0
0
0
0
0
0
0
0
2.2521402835845947
2.1870663166046143
2.163755416870117
2.161501169204712
2.153958559036255
2.158142328262329
2.184741258621216
