0
0
0
0
0
0
0
0
0
0
0
0
0
0
0
0
0
0
0
0
0
0
0
0
0
0
0
0
0
0
0
0
0
0
0
0
0
0
0
0
0
0
0
0
0
0
0
0
0
0
0
0
0
0
0
0
0
0
0
0
0
0
0
0
2.8019583225250244
2.746683120727539
2.7067883014678955
2.6452369689941406
2.695777177810669
2.747248649597168
2.804389476776123
2.835984468460083
2.922348976135254
2.9696848392486572
3.0260677337646484
3.1018753051757812
3.1859958171844482
1.805529236793518
1.787216067314148
1.7447586059570312
1.7510672807693481
1.7502304315567017
1.7437429428100586
1.7423726320266724
1.759801983833313
1.7945575714111328
1.8686256408691406
0
0
0
0
0
0
0
0
0
0
0
0
0
0
0
0
0
0
0
0
0
1.1649701595306396
1.1637903451919556
1.1732615232467651
1.1681950092315674
1.1726902723312378
1.1569857597351074
1.155918002128601
1.1448396444320679
1.1690223217010498
1.1418076753616333
1.161106824874878
1.1692546606063843
1.1705818176269531
0
2.761035680770874
2.7692103385925293
2.717085123062134
2.718808174133301
2.7023441791534424
2.6893818378448486
2.665174722671509
2.6601336002349854
2.6365745067596436
2.656503915786743
2.6394402980804443
2.6323165893554688
2.624063730239868
2.611724376678467
2.610670328140259
2.614656448364258
2.593475103378296
2.597925901412964
2.5878217220306396
2.5972211360931396
2.581498861312866
2.59358549118042
2.6136841773986816
2.603987455368042
2.597766637802124
2.612766981124878
2.627830743789673
2.622225284576416
2.6087734699249268
1.3087782859802246
1.296013355255127
1.2516855001449585
1.2606559991836548
1.2380110025405884
1.240387201309204
1.2453148365020752
1.262821078300476
1.2588729858398438
1.2712039947509766
1.284277319908142
1.3105475902557373
2.7829887866973877
2.8101046085357666
2.826451301574707
2.868845224380493
2.887873888015747
2.884713649749756
2.9398765563964844
2.9755005836486816
2.9614570140838623
3.024956703186035
0
0
0
0
0
0
0
0
0
0
0
0
0
0
0
0
0
0
0
0
0
0
0
0
0
0
0
0
0
0
0
0
0
0
0
0
0
0
0
0
0
0
0
0
0
0
0
0
0
0
0
0
0
2.172170877456665
2.111694812774658
2.1021180152893066
2.0710887908935547
2.065088987350464
2.0925590991973877
2.1110951900482178
2.136629104614258
0
0
0
0
0
0
0
0
0
0
0
0
0
0
0
0
0
0
0
0
0
3.46602201461792
3.4162135124206543
3.342534303665161
3.2912724018096924
3.217097520828247
3.1533236503601074
3.1085920333862305
3.0742361545562744
3.0172553062438965
2.9819207191467285
2.9278790950775146
2.9137439727783203
2.871579885482788
2.9535140991210938
3.0185353755950928
3.0946426391601562
3.1744472980499268
3.2656567096710205
3.3462648391723633
3.4796905517578125
0
0
0
0
0
0
0
0
0
0
0
0
0
0
0
0
0
0
0
0
0
0
0
0
0
0
0
0
0
0
0
0
0
0
0
0
0
0
0
0
0
0
0
0
0
0
1.697011113166809
1.6340149641036987
1.6036884784698486
1.6073907613754272
1.5749014616012573
1.5602315664291382
1.589274287223816
1.5816967487335205
1.5745177268981934
1.6256707906723022
1.6339160203933716
0
0
0
0
0
0
0
0
0
0
0
0
0
0
0
0
0
0
0
0
0
0
0
0
0
0
0
0
