0
0
0
0
0
0
0
0
0
0
0
0
0
0
0
0
0
0
0
0
0
1.8957589864730835
1.8926640748977661
0
0
0
0
0
0
0
0
0
0
0
0
0
0
3.4461121559143066
0
0
0
0
0
0
0
0
0
0
0
0
0
0
0
0
0
0
0
0
0
0
0
0
0
0
0
0
1.1200261116027832
1.1088759899139404
1.08194100856781
1.0841480493545532
1.0700653791427612
1.0433886051177979
1.0397599935531616
1.051336646080017
1.0511070489883423
1.052569031715393
1.0650930404663086
1.0885939598083496
1.0938832759857178
1.1068782806396484
1.1512932777404785
0
0
0
0
0
0
0
0
0
3.3959603309631348
3.352646827697754
3.3200247287750244
3.333662986755371
3.349848747253418
0
0
0
0
0
0
0
0
0
0
0
0
0
0
0
0
0
0
0
0
0
0
0
0
1.4870206117630005
1.4346247911453247
1.436151385307312
1.4165369272232056
1.3986209630966187
1.400247573852539
1.3989812135696411
1.383745789527893
1.410243034362793
1.4450491666793823
1.453904390335083
1.5095874071121216
0
0
0
0
0
0
0
0
0
0
2.6062045097351074
0
0
0
0
0
0
0
0
0
0
0
0
0
0
0
0
0
0
0
0
0
0
0
0
0
0
0
0
0
0
0
0
0
0
0
0
2.3300411701202393
2.264963388442993
2.244978666305542
2.2382524013519287
2.230029821395874
2.2573654651641846
2.2545242309570312
2.3256659507751465
0
0
0
0
0
0
0
0
0
0
0
0
0
0
0
0
0
0
0
0
0
0
0
0
0
0
0
0
0
0
0
0
0
0
0
0
0
0
0
0
0
0
0
0
0
0
0
0
2.1974661350250244
2.168355703353882
2.1301755905151367
2.136620283126831
2.114711284637451
2.129288911819458
2.147437572479248
2.2220711708068848
0
0
0
0
0
0
0
0
0
0
0
0
0
0
0
0
0
0
0
0
0
0
0
0
0
0
0
0
0
0
0
0
0
0
0
0
0
0
0
0
0
0
0
0
0
0
0
0
0
0
0
0
0
0
0
0
0
0
0
1.711267113685608
1.637418270111084
1.6104668378829956
1.581742525100708
1.5646697282791138
1.5858187675476074
1.5599191188812256
1.5697423219680786
1.5732874870300293
0.7341930866241455
0.6755256056785583
0.6524090766906738
0.6140462160110474
0.6135658025741577
0.6246558427810669
0.6182810068130493
0.5840691328048706
0.5959833264350891
0.616616427898407
0.5885785222053528
0.5866727232933044
0.5935924053192139
0.5921095609664917
0.5973265767097473
0.6106027960777283
0.583660900592804
0.6037061214447021
0.5940217971801758
0.6170429587364197
0.6197043657302856
0.6450497508049011
0.6429139971733093
0.6594846844673157
0.6877532005310059
0
0
0
0
0
0
0
0
0
2.1657299995422363
2.1071035861968994
2.084381103515625
2.055044174194336
2.0653133392333984
2.066603899002075
2.073347568511963
2.114452362060547
2.161506414413452
0
0
0
0
0
0
0
