0
0
2.043074131011963
1.9785457849502563
1.9625251293182373
1.9345508813858032
1.9520444869995117
1.9596381187438965
1.9392752647399902
1.961491584777832
2.0005931854248047
0
0
0
0
0
1.407248616218567
1.3691279888153076
1.3838231563568115
0
0
0
0
0
0
0
0
0
0
0
0
0
0
0
0
0
0
0
0
0
0.8750163316726685
0.860860288143158
0.8548389077186584
0.8189429044723511
0.7923194766044617
0.7952024936676025
0.7851752638816833
0.7919771075248718
0.798331618309021
0.7956423163414001
0.7812842130661011
0.7987346053123474
0.7922386527061462
0.7956526279449463
0.8181829452514648
0.809316873550415
0.8368746638298035
0.8515459895133972
0.8715699911117554
0.9243529438972473
0
0
2.223388910293579
2.287473440170288
2.374258518218994
2.4673640727996826
2.549208879470825
2.5503673553466797
2.5215818881988525
2.500145435333252
2.489443778991699
2.4680466651916504
2.469149112701416
2.4418740272521973
2.430746555328369
2.422117233276367
2.4041342735290527
2.401517868041992
2.3870742321014404
2.391299247741699
2.3690614700317383
2.3638734817504883
2.352699041366577
2.3452036380767822
2.345449924468994
2.3502235412597656
1.921120047569275
2.294855833053589
2.3417699337005615
2.3264949321746826
2.330069065093994
2.3463308811187744
2.333136558532715
2.33888840675354
2.34722638130188
2.345130443572998
2.331418991088867
2.366419792175293
2.3717844486236572
2.3735709190368652
2.3802554607391357
2.36853289604187
2.389681339263916
2.4227077960968018
2.4072258472442627
2.4078855514526367
2.4246857166290283
2.4354207515716553
2.455674886703491
2.338120698928833
2.222832441329956
2.1256608963012695
2.1005938053131104
2.5382168292999268
2.552812337875366
2.567202568054199
2.5907907485961914
2.624985694885254
2.6561777591705322
2.6659133434295654
2.7010889053344727
2.729198932647705
2.759422779083252
2.777080535888672
2.810986042022705
2.8641860485076904
2.8646697998046875
2.8103506565093994
2.7461822032928467
2.6719796657562256
2.620403289794922
2.5894665718078613
0
0
0
0
0
0
0
0
0
0
0
0
0
0
0
0
0.6264574527740479
0.6040169596672058
0.579275369644165
0.5474510192871094
0.5490785837173462
0.5223875641822815
0.5313102006912231
0.5132940411567688
0.5155801773071289
0.5029657483100891
0.4946758449077606
0.49523627758026123
0.495301753282547
0.4906441271305084
0.4884513318538666
0.4897327721118927
0.4912162125110626
0.4812765121459961
0.4982161521911621
0.5016562342643738
0.5006163120269775
0.4956483542919159
0.49827641248703003
0.4965990483760834
0.4809088110923767
0.48127028346061707
0.5084679126739502
0.511925220489502
0.49352672696113586
0.5235208868980408
0.512283980846405
0.5215222239494324
0.5457176566123962
0.5595501661300659
0.5576493144035339
0.5861710906028748
0.584716260433197
0.6334323287010193
0.9275595545768738
0.8903576135635376
0.9000579118728638
0.8640604615211487
0.8631560206413269
0.8789000511169434
0.8714810013771057
0.8686646223068237
0.8630639910697937
0.8827745914459229
0.8759987950325012
0.8953768610954285
0.9030357599258423
0.9366462230682373
0.9484594464302063
0.9982735514640808
0
1.778579831123352
1.7195069789886475
1.7044792175292969
1.6728405952453613
1.6682281494140625
1.643324851989746
1.6465027332305908
1.6545580625534058
1.6362403631210327
1.647313117980957
1.6630802154541016
1.6827296018600464
1.6964530944824219
1.7589668035507202
1.8438496589660645
2.837686777114868
2.7021734714508057
2.5972933769226074
2.5604918003082275
2.52358341217041
2.5081799030303955
2.4880402088165283
2.4713501930236816
2.4481074810028076
2.4390947818756104
2.455359935760498
2.4508073329925537
2.4622108936309814
2.475900173187256
2.5053622722625732
2.5287132263183594
2.547369956970215
2.6236445903778076
2.6737735271453857
2.7922654151916504
0
0
0
0
0
2.8163986206054688
2.7259747982025146
2.6988301277160645
2.6439592838287354
2.6605136394500732
2.622223138809204
2.619145154953003
2.6461424827575684
2.6368730068206787
2.666104793548584
2.7176663875579834
2.7931861877441406
0
0
0
0
0
0
0
0
0
0
0
0
0
0
0
0
0
0
0
0
0
0
0
0
0
0
0
1.9608960151672363
1.9128074645996094
1.8947349786758423
1.8946967124938965
1.8841917514801025
1.9035662412643433
1.9276368618011475
1.9500093460083008
1.9974169731140137
0
0
0
0
0
0
0
0
0
0
0
0
0
0
0
0
0
0
1.8880823850631714
0.6987289786338806
0.6548035144805908
0.6271894574165344
0.6211146116256714
0.617960512638092
0.6143707633018494
0.603606104850769
0.6079086065292358
0.5876340866088867
0.5931891798973083
0.5646244883537292
0.5991467833518982
0.583243191242218
0.6069002151489258
0.5841732621192932
0.5845651626586914
0.5832719206809998
0.6022410988807678
0.5963439345359802
0.6074289679527283
0.6221873760223389
0.6307254433631897
0.64560467004776
0.6619159579277039
0.6855447888374329
2.4075639247894287
1.3194153308868408
1.3027570247650146
1.2583249807357788
1.2523971796035767
1.2465765476226807
1.251544713973999
1.2426655292510986
1.2522426843643188
1.242973804473877
1.2747455835342407
1.2479076385498047
1.303145408630371
1.3127285242080688
2.604897975921631
2.6260428428649902
0
0
0
0
0
0
0
0
0
