0
0.8533766865730286
0.8432490825653076
0.8182967305183411
0.8026825189590454
0.7913995385169983
0.7787424325942993
0.7789618372917175
0.7798265218734741
0.7607540488243103
0.7714340090751648
0.761673092842102
0.7714040279388428
0.7724606990814209
0.7927899956703186
0.7680527567863464
0.7673243284225464
0.8055173754692078
0.8015375733375549
0.8284661173820496
0.8576926589012146
0
0
0
2.9295406341552734
2.8639121055603027
2.852529764175415
2.8564112186431885
2.856781244277954
2.8814589977264404
0
0
0
0
0
0
0
0
0
0
0
0
0
0
0
0
0
0
0
0
0
0
0
0
0
0
0
0
2.9772675037384033
2.898674488067627
2.8859310150146484
2.9047560691833496
2.911677837371826
2.9507884979248047
0
0
0
0
0
0
0
0
0
0
1.5967063903808594
1.5584163665771484
1.5476592779159546
1.518229603767395
1.5106257200241089
1.5055266618728638
1.5028125047683716
1.5113095045089722
1.528678297996521
1.5553706884384155
1.5934839248657227
0
0
0
0
0
0
0
0
0
0
0
0
0
0
3.3579118251800537
3.309522867202759
3.283609390258789
3.2888429164886475
3.347810745239258
0
0
0
0
0
0
0
0
0
0
0
0
0
0
0
0
0
0
0
0
0
0
2.239401340484619
0
0
0
0
0
0
3.366880178451538
3.3137776851654053
3.307795286178589
3.3302195072174072
3.3814027309417725
0
0.6834540367126465
0.6222444176673889
0.6080782413482666
0.6125187873840332
0.5754196643829346
0.5804221630096436
0.5768369436264038
0.548965334892273
0.5660632252693176
0.5937418341636658
0.5607678294181824
0.570171058177948
0.5518954396247864
0.5598836541175842
0.5628743171691895
0.570439875125885
0.5634929537773132
0.5608769655227661
0.5947741270065308
0.5689845681190491
0.5894875526428223
0.6136890649795532
0.6074602603912354
0.6107454895973206
0.6384942531585693
1.2176539897918701
1.251383662223816
0
0
0
0
0
0
0
0
0
0
0
0
0
0
0
0
0
1.0687484741210938
1.0539748668670654
1.0625370740890503
0
0
0
0
0
0
0
0
0
0
0
0
0
0
0
0
0
0
0.661510705947876
0.6449377536773682
0.6075437664985657
0.5953310132026672
0.5765309929847717
0.5838792324066162
0.5696040987968445
0.5577521920204163
0.5700416564941406
0.5840021371841431
0.5677403211593628
0.5894015431404114
0.5780583024024963
0.5671497583389282
0.5629053711891174
0.5760307312011719
0.5578119158744812
0.569094717502594
0.5711013078689575
0.5643812417984009
0.6036771535873413
0.5922676920890808
0.6171814203262329
0.6129913330078125
0.6587574481964111
3.240079879760742
3.294285774230957
0
0
0
0
0
3.4495081901550293
3.428093194961548
3.4354374408721924
3.449437379837036
0
0
0
0
0
0
0
0
0
0
0
0
0
0
0
0
0
0
0
0
0
0
1.4247092008590698
1.3805750608444214
1.3983403444290161
1.3553416728973389
1.369355320930481
1.3485474586486816
1.3424655199050903
1.3507157564163208
1.354087471961975
1.3870790004730225
1.4062530994415283
1.4444445371627808
0
0
0
0
0
0
0
0
2.505850076675415
2.437081813812256
2.4203262329101562
2.418358564376831
2.4033796787261963
2.435617208480835
2.4490318298339844
0
0
0
0
0
0
0
0
0
0
0
2.3975019454956055
0
0
0
0
0
0
0
0
0
0
0
0
0
0
0
0
0
0
0
0
0
0
0
2.2930917739868164
2.2477052211761475
2.234280586242676
2.2484376430511475
2.236323833465576
2.230029821395874
2.250659942626953
2.3201329708099365
0
0
0
0
0
0
0
0
0
0
0
0
0
0
0
0
0
0
3.483135938644409
3.392045736312866
3.317758560180664
3.3291542530059814
3.339329957962036
3.393009662628174
0
0
0
0
