0
0
2.0464019775390625
1.9861732721328735
1.9563592672348022
1.921968936920166
1.9450974464416504
1.9455337524414062
1.9469616413116455
1.9583683013916016
1.9976831674575806
0
0
0
0
0
1.413073182106018
1.374268889427185
1.3737356662750244
0
0
0
0
0
0
0
0
0
0
0
0
0
0
0
0
0
0
0
0
0
0.8907906413078308
0.8726361989974976
0.819101095199585
0.8134461641311646
0.7890676259994507
0.8059647083282471
0.7894375324249268
0.8031111359596252
0.7830134630203247
0.7958491444587708
0.7933495044708252
0.7744706273078918
0.7889607548713684
0.8008096218109131
0.8088469505310059
0.8225021958351135
0.8263062238693237
0.8358160853385925
0.8580607771873474
0.9208648800849915
0
0
2.194561004638672
2.2760472297668457
2.362393856048584
2.446547269821167
2.547420024871826
2.53300404548645
2.516538381576538
2.5059471130371094
2.477586269378662
2.4578423500061035
2.456373929977417
2.4384679794311523
2.42488956451416
2.427403211593628
2.4009532928466797
2.39363169670105
2.383838415145874
2.379765272140503
2.3790550231933594
2.3652219772338867
2.3682963848114014
2.3529512882232666
2.336151123046875
2.341844081878662
1.9580788612365723
2.30373477935791
2.3306350708007812
2.3430542945861816
2.351766586303711
2.343994379043579
2.3454742431640625
2.3452134132385254
2.3459432125091553
2.3530681133270264
2.3360133171081543
2.3527443408966064
2.345219612121582
2.3731963634490967
2.374406337738037
2.3766181468963623
2.3872921466827393
2.4204893112182617
2.430875062942505
2.419079303741455
2.442568063735962
2.451209783554077
2.4622750282287598
2.331334114074707
2.215836763381958
2.116053819656372
2.101943254470825
2.5299699306488037
2.566507577896118
2.5785000324249268
2.6120030879974365
2.627923011779785
2.6480953693389893
2.6659975051879883
2.7058451175689697
2.708341121673584
2.7640843391418457
2.795220375061035
2.818565845489502
2.8534317016601562
2.872262716293335
2.7759079933166504
2.7453296184539795
2.6888251304626465
2.612412214279175
2.5673744678497314
0
0
0
0
0
0
0
0
0
0
0
0
0
0
0
0
0.6057371497154236
0.5833420753479004
0.5720652341842651
0.5599435567855835
0.5485004186630249
0.5302139520645142
0.5184457898139954
0.5040990710258484
0.4962349534034729
0.500531792640686
0.4935058355331421
0.4908502697944641
0.48509681224823
0.48192375898361206
0.4984978437423706
0.4951913058757782
0.49267053604125977
0.46957680583000183
0.4799877107143402
0.48099592328071594
0.49835625290870667
0.48140230774879456
0.5060968399047852
0.4781389832496643
0.4936562180519104
0.5203410387039185
0.5082697868347168
0.49575769901275635
0.5217723250389099
0.5010414719581604
0.530464231967926
0.5397065877914429
0.5259577035903931
0.5494790077209473
0.5589799880981445
0.5596306324005127
0.5844966173171997
0.6316508650779724
0.9216306805610657
0.8825380802154541
0.884131133556366
0.8817145824432373
0.8790600299835205
0.8711180090904236
0.8683564066886902
0.869523286819458
0.8536030650138855
0.8693826198577881
0.8920150399208069
0.8935482501983643
0.8948330879211426
0.9053999781608582
0.9509923458099365
0.9772958159446716
0
1.7767032384872437
1.7229397296905518
1.719283103942871
1.673017144203186
1.654811143875122
1.6306099891662598
1.6560211181640625
1.6351239681243896
1.647623062133789
1.6404428482055664
1.6838786602020264
1.6849572658538818
1.7232472896575928
1.7467867136001587
1.8373113870620728
2.841691017150879
2.6720619201660156
2.635313034057617
2.5735957622528076
2.519338846206665
2.509840250015259
2.485198736190796
2.4626364707946777
2.4449331760406494
2.4614901542663574
2.466679334640503
2.4632537364959717
2.4596729278564453
2.470165967941284
2.4949445724487305
2.5219240188598633
2.542168140411377
2.6188268661499023
2.6856439113616943
2.8042094707489014
0
0
0
0
0
2.812474250793457
2.719957113265991
2.6864821910858154
2.651700258255005
2.6449005603790283
2.6128199100494385
2.6284635066986084
2.6164188385009766
2.6525073051452637
2.681492567062378
2.721118450164795
2.785362958908081
0
0
0
0
0
0
0
0
0
0
0
0
0
0
0
0
0
0
0
0
0
0
0
0
0
0
0
1.950793743133545
1.9192394018173218
1.9043924808502197
1.884663462638855
1.8848742246627808
1.899621605873108
1.9315069913864136
1.9555035829544067
2.0091519355773926
0
0
0
0
0
0
0
0
0
0
0
0
0
0
0
0
0
0
1.8579607009887695
0.714240312576294
0.6475140452384949
0.6559357643127441
0.6479639410972595
0.6281443238258362
0.6126276254653931
0.6151419281959534
0.5935445427894592
0.6143637299537659
0.592156708240509
0.6022862792015076
0.5784793496131897
0.580580472946167
0.5862333178520203
0.5957274436950684
0.5768862962722778
0.5834722518920898
0.6051861643791199
0.60512375831604
0.6012235879898071
0.6135945320129395
0.6211779713630676
0.6504319310188293
0.6524818539619446
0.6923887729644775
2.39652681350708
1.33396577835083
1.3004645109176636
1.262343168258667
1.2641661167144775
1.2570891380310059
1.2534900903701782
1.248991847038269
1.2466673851013184
1.2497190237045288
1.2546803951263428
1.2799203395843506
1.2780847549438477
1.3199145793914795
2.5699379444122314
2.64601993560791
0
0
0
0
0
0
0
0
0
