0
0
0
0
0
0
0
0
0
0
3.0889546871185303
2.996603488922119
2.972778081893921
2.9489963054656982
2.939603090286255
2.990190029144287
3.0814411640167236
0
0
0
0
0
0
0
0
1.3002171516418457
1.2728933095932007
1.2290443181991577
1.2062376737594604
1.2097032070159912
1.2246400117874146
1.2020142078399658
1.2081319093704224
1.220499873161316
1.2004258632659912
1.2270349264144897
1.2347376346588135
1.2694010734558105
1.3317134380340576
0
0
0
0
0
0
0
0
3.169128179550171
3.115614414215088
3.0711193084716797
3.026265859603882
2.986903667449951
2.9520838260650635
3.036341428756714
2.0538244247436523
2.035961151123047
1.9996709823608398
2.0108885765075684
1.9985378980636597
2.008256435394287
2.0257086753845215
2.0628769397735596
0
0
0
2.9211714267730713
2.8788487911224365
2.850433111190796
2.8368232250213623
2.8737902641296387
2.9099690914154053
0
0
0
0
0
0
0
0
0
0
0
2.790489673614502
2.701690196990967
2.670999765396118
2.689147710800171
2.673091411590576
2.697195053100586
2.752042293548584
0
0
0
1.4148236513137817
1.3437806367874146
1.325232982635498
1.3170835971832275
1.3163998126983643
0.47589918971061707
0.4495798945426941
0.4352594017982483
0.43553242087364197
0.4237254559993744
0.41616857051849365
0.4176766872406006
0.40258195996284485
0.39789843559265137
0.4022020399570465
0.3869818150997162
0.38997402787208557
0.3894924521446228
0.3742534816265106
0.38372740149497986
0.379800021648407
0.4062122106552124
0.4050764739513397
0.412868469953537
0.39820700883865356
0.38424333930015564
0.39698711037635803
0.39192140102386475
0.39979806542396545
0.4127109944820404
0.3940826654434204
0.413693368434906
0.4138546884059906
0.40529870986938477
0.4046950936317444
0.4460139572620392
0.45241132378578186
0.4772041440010071
0.5150887966156006
0
0
0
0
2.3835747241973877
2.3343515396118164
2.3285000324249268
2.310239315032959
2.3423736095428467
2.357778787612915
2.41430401802063
0
0
0
0
0
0
0
0
0
0
0
0
0
0
0
0
0
0
0
0
0
0
0
0
0
0
0
0
0
0
0
0
0
0
0
0
0
0
0
0
0
0
0
0
0
0
0
0
0
0
0
0
0
0
0
0
0
0
0
1.6867088079452515
1.7158474922180176
0
0
0
0
0
0
0
0
0
0
0
0
0
0
0
0
0
0
0
0
0
0
0
0
0
0
0
0
0
0
0
0
0
0
0
0
0
0
0
0
0
0
0
0.7957459688186646
0.7613094449043274
0.7448453903198242
0.7416536808013916
0.7294142842292786
0.7138339877128601
0.7153857350349426
0.7086620330810547
0.705558717250824
0.6821250915527344
0.698915958404541
0.6943600177764893
0.688829243183136
0.714046061038971
0.7039591073989868
0.7239363789558411
0.7211381196975708
0.7421063780784607
0.755906879901886
0.7667591571807861
0.7753869295120239
1.5053993463516235
1.5046749114990234
1.53360915184021
1.5589948892593384
0
0
0
0
0
0
0
0
0
0
0
0
0
0
0
0
0
0
0
0
0
0
0
0
0
0
0
0
0
0
0
0
0
2.0702953338623047
2.060229539871216
2.0245912075042725
2.0085508823394775
2.0088117122650146
2.0222623348236084
2.0284030437469482
2.0721330642700195
0
0
0
0
0
0
0
0
0
0
0
0
0
0
0
0
0
0
3.4397687911987305
3.418264627456665
3.4223766326904297
3.4362196922302246
3.5
0
0
0
0
0
1.1896480321884155
1.1470450162887573
1.1303176879882812
1.1115435361862183
1.101252794265747
1.0855058431625366
1.0595691204071045
1.0946918725967407
1.070948839187622
1.0700275897979736
1.0826917886734009
1.0924361944198608
1.1067436933517456
1.124170184135437
1.16599440574646
2.0868172645568848
2.9217517375946045
2.958120107650757
0
0
