0
0
0
0
0
0
0
0
0
0
0
0
0
0.7115212082862854
0.6871569752693176
0.6808826923370361
0.655193030834198
0.6360176801681519
0.6364056468009949
0.6326774954795837
0.6246346831321716
0.6361026763916016
0.6180957555770874
0.6271879076957703
0.6229167580604553
0.6079432964324951
0.6195149421691895
0.6112687587738037
0.6077169179916382
0.6161088347434998
0.6226275563240051
0.6318617463111877
0.6452771425247192
0.6497063040733337
0.6692398190498352
0.6796230673789978
0.7079401612281799
1.2524775266647339
1.2705622911453247
1.2930320501327515
1.3157730102539062
0
0
0
0
0
0
0
0
0
0
0
2.45808482170105
2.416926145553589
2.426567316055298
2.430039882659912
2.420055627822876
2.4326677322387695
2.502884864807129
0
0
0
0
0
0
0
0
0
0
0
0
2.089064598083496
2.042691230773926
2.038930892944336
2.031947135925293
2.009523391723633
2.0331058502197266
2.072726249694824
2.097456932067871
0
0
0
0
0
3.4054155349731445
3.3722805976867676
3.3615427017211914
3.357616424560547
3.3934903144836426
0
0
1.385156273841858
1.328424334526062
1.3342446088790894
1.2974779605865479
1.3080323934555054
1.2941092252731323
1.3084536790847778
1.3083826303482056
1.3067318201065063
1.3182690143585205
1.327521562576294
1.3612648248672485
1.405229091644287
0
0
0
0
0
0
0
0
0
2.8547589778900146
2.804255723953247
2.778743028640747
2.796684503555298
2.803380250930786
2.8758671283721924
0
0
0
0
0
0
0
0
0
0
0
0
0
0
0
0
0
0
0
0
2.6458587646484375
2.5589189529418945
2.546337127685547
2.5377821922302246
2.5375068187713623
2.572788715362549
2.618088483810425
0
0
0
0
0
0
0
1.1911251544952393
1.1405097246170044
1.099686622619629
1.0948542356491089
1.1017946004867554
1.0643278360366821
1.0720549821853638
1.0531102418899536
1.0616438388824463
1.070424199104309
1.0559678077697754
1.0840516090393066
1.091367244720459
1.100121259689331
1.1610585451126099
3.172853708267212
3.175720691680908
3.19102144241333
3.260993003845215
0
0
0
0
0
0
0
0
0
0
0
0
0
0
1.8411425352096558
1.8061599731445312
1.7961183786392212
1.7787158489227295
1.779740810394287
1.7939296960830688
1.8000431060791016
1.8299026489257812
1.8855479955673218
0
0
0
0
2.887281894683838
2.8102920055389404
2.7816989421844482
2.7647340297698975
2.775632858276367
2.8087007999420166
0
0
0
0
0
0
0
0
0
0
0
0
0
0
0
0
0
0
0
0
0
0
2.5005791187286377
2.4801180362701416
2.4325029850006104
0.42997151613235474
0.4120699167251587
0.391876757144928
0.37142929434776306
0.36252713203430176
0.3621249794960022
0.3615661859512329
0.35027456283569336
0.3608260452747345
0.3407069742679596
0.340659499168396
0.3188299238681793
0.32868003845214844
0.3348630666732788
0.33574503660202026
0.31258606910705566
0.32300931215286255
0.3249499201774597
0.3210715651512146
0.33192428946495056
0.32857319712638855
0.3264840841293335
0.3235064744949341
0.3239727020263672
0.32567542791366577
0.319021999835968
0.32607120275497437
0.3271935284137726
0.331770122051239
0.34476184844970703
0.33881863951683044
0.3509041368961334
0.33925774693489075
0.35021916031837463
0.3532051146030426
0.3647835850715637
0.36150825023651123
0.3935117721557617
0.40674540400505066
1.855221152305603
1.8189809322357178
1.8201093673706055
1.8072210550308228
1.810533046722412
1.802430510520935
1.8136727809906006
1.8478635549545288
1.8745819330215454
0
0
0
0
0
0
0
0
0
0
0
0
0
0
0
1.518876075744629
1.4783940315246582
1.4545737504959106
1.4383777379989624
1.4398322105407715
1.4368451833724976
1.4415098428726196
1.4294832944869995
1.448255181312561
1.4469457864761353
1.4879010915756226
1.5641369819641113
0
0
0
0
0
0
0
0
0
0
0
0
0
0
0
0
0
0
0
0
0
0
0
0
0
0
0
2.0575740337371826
2.0066850185394287
1.971191167831421
1.9526407718658447
1.942817211151123
1.9465105533599854
1.9361276626586914
1.9801143407821655
2.006758451461792
0
0
0
0
0
0
0
0
0
2.770472526550293
2.6891095638275146
2.6476542949676514
2.6302006244659424
2.6370415687561035
2.6512234210968018
2.7034215927124023
0
0
0
