0
0
0
0
3.3962323665618896
0
0
0
1.8874473571777344
1.8350324630737305
1.850127935409546
1.8160730600357056
1.8293160200119019
1.8191148042678833
1.8333059549331665
0.5787542462348938
0.574203372001648
0.5657212734222412
0.5386899709701538
0.5349645018577576
0.5237274169921875
0.5047095417976379
0.5298490524291992
0.5136136412620544
0.4924732446670532
0.5114346742630005
0.4924655556678772
0.5061533451080322
0.49730411171913147
0.5079570412635803
0.489970326423645
0.4875611364841461
0.4999690651893616
0.5167205929756165
0.5108460783958435
0.5211297273635864
0.4947839677333832
0.5387532114982605
0.5418599247932434
0.5420078635215759
0.5594454407691956
0.5793730616569519
0.596504271030426
2.443405866622925
2.369487762451172
2.339512825012207
2.359379768371582
2.3390095233917236
2.365387201309204
2.381822347640991
2.4531431198120117
0
0
0
0
0
0
0
0
0
0
0
0
0
0
0
0
0
0
0
0
0
0
0
0
1.650562047958374
1.5909634828567505
1.5302735567092896
1.5189385414123535
1.522707223892212
1.5148775577545166
1.5050243139266968
1.514992594718933
1.5470829010009766
1.5476763248443604
1.5465399026870728
0
0
0
0
0
0
0
0
0
0
0
0
0
0
0
0
0
0
0
0
0
0
0
0
0
0
0
0
0
0
0
0
0
0
0
0
0
0
0
2.0835022926330566
1.9952232837677002
1.972184419631958
1.9644510746002197
1.9545704126358032
1.9636528491973877
1.9720239639282227
1.9604222774505615
2.0316054821014404
0
0
0
0
0
0
0
0
0
0
0
0
2.873044729232788
2.814149856567383
2.8022875785827637
2.808081865310669
2.8157293796539307
2.861279249191284
0
0
0
0
0
1.1349539756774902
1.0928475856781006
1.0858122110366821
1.0606285333633423
1.0612047910690308
1.0722832679748535
1.0595221519470215
1.0593483448028564
1.0684468746185303
1.0788140296936035
1.0500614643096924
1.0694129467010498
1.0822607278823853
1.1181281805038452
1.171439528465271
2.485185146331787
2.5574936866760254
0
0
0
0
0
0
0
0
0
0
0
0
0
0
0
0
0
0
0
0
2.312154769897461
2.3182239532470703
2.33313250541687
2.3383185863494873
2.3593099117279053
2.373002052307129
2.366556167602539
2.3810977935791016
2.4268112182617188
1.4378465414047241
1.4827462434768677
1.470280647277832
1.480727195739746
1.3205162286758423
1.341126799583435
1.3209784030914307
1.3473029136657715
1.3606191873550415
1.3784762620925903
1.3808714151382446
1.4053703546524048
1.4152923822402954
1.4431304931640625
1.4580585956573486
1.4710168838500977
1.511569619178772
1.5151809453964233
1.487208604812622
1.4621131420135498
1.4226690530776978
1.3998560905456543
1.3789511919021606
1.3573029041290283
1.3367887735366821
1.3188260793685913
1.2964204549789429
1.2914953231811523
1.2757495641708374
1.2400052547454834
1.2329201698303223
1.2037358283996582
1.1907509565353394
1.1752455234527588
1.1607149839401245
1.1554548740386963
1.154673457145691
1.128865361213684
1.1153459548950195
1.111560583114624
1.1003903150558472
1.0916250944137573
0.6518797874450684
0.6543574929237366
0.6936364769935608
0.7269424796104431
0.7372556328773499
0.7816581726074219
0.8142265677452087
0.8666089773178101
0.9382065534591675
0.9951754212379456
1.2082144021987915
1.2933908700942993
1.3957713842391968
1.5207332372665405
0
0
0
0
0
0
0
0
0
0
0
0
0
0
0
0
0
0
2.5258049964904785
2.506211519241333
2.463797092437744
2.4683678150177
2.46799898147583
2.4604170322418213
2.502624988555908
1.6561046838760376
1.6043212413787842
1.5774487257003784
1.5569920539855957
1.5444848537445068
1.5435519218444824
1.5409907102584839
1.5658289194107056
1.585954189300537
1.586145043373108
1.661878228187561
0
0
0
0
0
0.8886900544166565
0.8281362652778625
0.8084481358528137
0.8004521727561951
0.7648181319236755
0.7785550951957703
0.7673917412757874
0.7481319904327393
0.7533017992973328
0.7675564289093018
0.7532834410667419
0.7439475655555725
0.7399928569793701
0.7514814138412476
0.7770311236381531
0.7650386691093445
0.7670500874519348
0.8022568225860596
0.8021224737167358
0.8289823532104492
0.8737156987190247
2.5441267490386963
2.561846971511841
2.620530605316162
0
0
0
0
0
0
0
0
0
0
0
2.101323366165161
2.0568456649780273
2.0064303874969482
2.0052475929260254
2.0040793418884277
2.0161566734313965
2.019953966140747
2.050877094268799
2.1234078407287598
0
0
0
0
0
0
0
0
0
0
0
0
0
0
0
0
