0
0
0
0
0
0
3.3987045288085938
3.3152408599853516
3.30000901222229
3.3150100708007812
3.313380718231201
3.363360643386841
0
0
0
3.218907117843628
3.1832528114318848
3.1497647762298584
3.1487808227539062
3.1672775745391846
3.2199389934539795
0
0
0
0
0
0
0
0
0
0
0
0
0
0
0
0
0
0
0
0
0
0
0
0
0
2.717172622680664
2.1347296237945557
2.096414804458618
2.067504644393921
2.070091485977173
2.0611181259155273
2.0586435794830322
2.0909438133239746
2.1322996616363525
3.2009267807006836
0
2.82391095161438
2.7934300899505615
2.7628259658813477
2.3212192058563232
2.3203072547912598
2.280815362930298
2.2618143558502197
2.2775659561157227
2.309124231338501
2.321882963180542
0
0
0
0
0
0
0
0
0
0
0
0
0
0
0
0
0
0
0
0
0
0
0
0
0
3.4396684169769287
3.40755558013916
2.8957040309906006
2.8574602603912354
2.819086790084839
2.8326077461242676
2.843748092651367
2.876297950744629
0
2.3499462604522705
2.300899028778076
2.2747628688812256
2.2858824729919434
2.2698974609375
2.274693727493286
2.3255391120910645
2.391390323638916
1.8246116638183594
1.7988284826278687
1.7766770124435425
1.7504336833953857
1.7537442445755005
1.7690821886062622
1.7801762819290161
1.8078137636184692
1.3600304126739502
1.318177580833435
1.2894761562347412
1.283843994140625
1.2813079357147217
1.2558046579360962
1.2370091676712036
1.2569880485534668
1.2580598592758179
1.2783112525939941
1.2620331048965454
1.3083893060684204
1.367868423461914
0
0
0
0
0
0
0
0
0
0
0
0
0
0
0
0
0
0
0
0
0
0
0
0
0
0
0
0
0
0
0
0
0
0
0
0
0
0
0
0
0
0
0
0
0
0
0
0
0
0
0
0
0
0
0
0
0
0
0
0
0
0
0
0
0
0
0
0
0
0
0
0
0
0
0
0
0
0
0
0
0
0
0
0
0
0
0
0
0
0
0
0
0
0
0
0
0
0
0
0
0
0
0
0
0
0
0
0
0
0
0
0
0
0
0
0
0
0
0
0
0
0
0
0
0
0
0
0
0
0
0
0
0
0
0
0
0
1.5719221830368042
1.5316394567489624
1.5164844989776611
1.4857597351074219
1.4712454080581665
1.4663125276565552
1.4802757501602173
1.4662915468215942
1.4946444034576416
1.4977656602859497
1.524718165397644
1.5898098945617676
1.165307879447937
1.1142768859863281
1.098435878753662
1.0698667764663696
1.0647743940353394
1.060897707939148
1.0727107524871826
1.0636042356491089
1.074962854385376
1.07241952419281
1.0565086603164673
1.0867353677749634
1.0957773923873901
1.117588758468628
1.1718345880508423
1.6739033460617065
0
0
0
0
0
0
0
0
0
0
0
0
0
0
0
0
0
0
0
0
0
0
0
0
0
0
0
0
0
0
0
0
0
0
0
0
0
2.4316539764404297
2.3982326984405518
2.3843023777008057
2.3722763061523438
2.3824045658111572
2.4024457931518555
2.4257264137268066
3.0452303886413574
0
0
2.198153257369995
2.1510825157165527
2.1161692142486572
2.1071836948394775
2.098428964614868
2.1210508346557617
2.119414806365967
2.141796112060547
2.229367733001709
0
0
0
0
0
0
0
0
0
