3.1299941539764404
3.193098545074463
0
0
0
0
0
0
0
0
2.0813539028167725
2.043060302734375
2.0276732444763184
2.0151495933532715
2.0209202766418457
2.0301361083984375
2.046945333480835
2.0771541595458984
2.1698875427246094
0
0
0
0.8839955925941467
0.8893224596977234
0.869767963886261
0.8615652322769165
0.8519749045372009
0.8420196175575256
0.8485873937606812
0.8372917175292969
0.8200872540473938
0.8357163667678833
0.7947202920913696
0.8028612732887268
0.8096761107444763
0.8156943917274475
0.7925938963890076
0.782164454460144
0.774944007396698
0.7941118478775024
0.8096245527267456
0.7668977975845337
0.7627391219139099
0.7735843062400818
0.787412166595459
0.7664364576339722
0.7651510238647461
0.782563328742981
0.782897412776947
0.9101865887641907
1.18228280544281
1.6246196031570435
0
0
0
1.172825813293457
0.7987997531890869
0.7930766344070435
0.804929792881012
0.7936475872993469
0.8206206560134888
0.805115818977356
0.794731080532074
0.8033610582351685
0.8221338987350464
0.8161882162094116
0.8143432140350342
0.832787811756134
0.8355042338371277
0.8170945644378662
0.8333775401115417
0.825310468673706
0.829056441783905
0.8330785036087036
0.8379843235015869
0.8709782958030701
0.8669676184654236
0.8722429871559143
0.8685146570205688
0.8941941261291504
0.8993025422096252
0.8986368179321289
2.8275177478790283
2.813781261444092
2.839034080505371
2.879485845565796
0
0
0
0
0
0
0
0
0
0
0
0
0
0
0
0
1.7977404594421387
1.7581112384796143
1.7314598560333252
1.7198768854141235
1.7153937816619873
1.710894227027893
1.7387133836746216
1.757238745689392
1.7577332258224487
1.839928388595581
2.9838945865631104
3.0515224933624268
0
0
0
0
0
0
0
0
0
0
0
0
0
0
0
3.424137592315674
0
0
0
0
0
0.4816157817840576
0.4535224735736847
0.4564909040927887
0.4356202185153961
0.4198429584503174
0.4145883619785309
0.41151729226112366
0.40673530101776123
0.3898071050643921
0.39288631081581116
0.4015779197216034
0.38955652713775635
0.3987672030925751
0.3862167000770569
0.39039668440818787
0.37058448791503906
0.38871780037879944
0.37107354402542114
0.3989737927913666
0.3829103708267212
0.3855878710746765
0.3988107740879059
0.382069855928421
0.3920639455318451
0.4004516005516052
0.40097349882125854
0.3977867662906647
0.423046737909317
0.4119638502597809
0.4175277650356293
0.44004732370376587
0.44448336958885193
0.4590108394622803
0.4701254665851593
0
3.012690305709839
2.939988613128662
2.943317174911499
2.937932252883911
2.96940541267395
3.022272825241089
0
0
0
0
0
0
2.2024543285369873
2.154960870742798
2.1579947471618652
2.14522647857666
2.1622707843780518
2.1501710414886475
2.211458921432495
0
0
0
0
0
0
0
0
0
0
0
0
0
0
0
0
0
0
1.5839688777923584
1.5590612888336182
1.5432196855545044
1.5240674018859863
1.544407844543457
1.559004306793213
1.551756501197815
1.560140609741211
1.5882712602615356
1.6078473329544067
0
0
0
0
3.0157337188720703
3.1675291061401367
3.373605966567993
3.362518787384033
3.3735105991363525
3.3441953659057617
3.3513095378875732
3.324362277984619
3.3070616722106934
3.342578887939453
3.3142144680023193
3.327406167984009
3.3418359756469727
3.3274052143096924
3.3309855461120605
3.306450366973877
3.3423073291778564
3.0921823978424072
0
1.510201334953308
1.454947590827942
1.4476747512817383
1.4220407009124756
1.3936883211135864
1.4095077514648438
1.4220887422561646
1.4324313402175903
1.4469701051712036
1.449641466140747
1.4845848083496094
3.417482376098633
3.4462687969207764
3.443549633026123
3.4866931438446045
0
3.4023985862731934
3.2574450969696045
3.1464385986328125
0
0
3.3950610160827637
3.313791513442993
0
0
0
0
0
0
0
0
0
0
0
0
2.0014266967773438
1.9353532791137695
1.9367419481277466
1.9060982465744019
1.9186866283416748
1.927327275276184
1.9116913080215454
1.9474775791168213
1.9847197532653809
0
0
0.32121551036834717
0.3171122670173645
0.2952926456928253
0.2786780297756195
0.27916237711906433
0.28770962357521057
0.281643271446228
0.2569107413291931
0.25597089529037476
0.27337393164634705
0.2488357424736023
0.273507297039032
0.254673570394516
0.2515571713447571
0.23949027061462402
0.26393401622772217
0.23467864096164703
0.23639386892318726
0.23515857756137848
0.23415407538414001
0.21695375442504883
0.2500511109828949
0.24288152158260345
0.2309134602546692
0.23102127015590668
0.22707565128803253
0.22731293737888336
0.2293253391981125
0.2515389621257782
0.23163838684558868
0.2352602630853653
0.2514965832233429
0.2452884316444397
0.23724408447742462
0.24889244139194489
0.24708446860313416
0.2524156868457794
0.23991025984287262
0.23266565799713135
0.28455835580825806
0.27558234333992004
0.27913594245910645
0.27260860800743103
0.2666296362876892
0.2795690894126892
0.3061423897743225
0.3158871829509735
0.35909709334373474
0
0
0
0
0
0
0
0
0
0
0
0
0
0
0
0
0
0
0
0
0
3.1643760204315186
3.143726348876953
3.1145803928375244
3.083028793334961
3.111431837081909
