0
0
0
0
0
0
0
0
0
0
0
0
0
0
0
0
0
0
0
0
0
0
0
0
0
0
0
0
0
0
0
0
0
0
0
0
0
0
0
0
0
0
0
0
0
0
0
0
0
0
0
0
0
0
0
0
0
0
0
0
0
0
0
0
0
0
0
0
0
0
0
0
0
0
0
0
0
0
0
0
0
0
0
0
0
0
0
0
0
0
0
0
0
0
0
0
0
0
0
0
0
0
0
0
0
0
0
0
0
0
0
0
0
0
0
0
0
0
0
0
0
0
0
0
0
0
0
0
0
0
0
0
0
0
0
0
0
0
0
0
0
0
0
0
0
0
0
0
0
0
0
0
0
0
0
0
0
0
0
0
0
0
2.4358716011047363
2.369762420654297
2.323927402496338
2.3310892581939697
2.3407981395721436
2.333080768585205
2.3773372173309326
0
0
0
0
0
0
0
0
0
0
0
0
0
0
0
0
0
0
0
0
0
0
0
0
0
0
0
0
0
0
0
0
0
0
0
2.011392116546631
1.9854329824447632
1.9524424076080322
1.9538060426712036
1.98244047164917
1.9916017055511475
2.014068603515625
2.028815507888794
0
0
0
0
0
0
0
0
0
0
0
0
0
0
0
0
0
0
0
0
0
0
0
0.5526593923568726
0.5249946117401123
0.5241694450378418
0.5074182152748108
0.5150114893913269
0.49060991406440735
0.4882538616657257
0.4659983813762665
0.4583950638771057
0.483122855424881
0.4697000980377197
0.4502847194671631
0.4449901580810547
0.4547382593154907
0.44668176770210266
0.4631459414958954
0.4636131227016449
0.4646512269973755
0.46716609597206116
0.4738166034221649
0.48244380950927734
0.47212597727775574
0.47590869665145874
0.4639449119567871
0.4914405345916748
0.48927855491638184
0.5082544088363647
0.5178729295730591
0.5450416803359985
0.5704333186149597
0
0
0
0
0
0
0
0
0
0
0
0
0
0
0
0
0
0
0
0
0
0
0
0
0
0
0
0
0
0
0
0
0
0
0
2.016021728515625
1.9929354190826416
1.9566391706466675
1.9428128004074097
1.9258729219436646
1.9649789333343506
1.9460352659225464
1.974758267402649
2.0279767513275146
0
0
0
0
0
0
0
0
0
0
0
0
0
0
0
0
0
0
0
0
0
0
0
0
0
0
0
0
0
0
0
0
0
0
0
0
0
0
0
0
0
0
0
0
0
0
0
0
0
0
0
