0
0
2.0599799156188965
1.9833835363388062
1.9605671167373657
1.9271042346954346
1.931072473526001
1.9209315776824951
1.9490711688995361
1.9697035551071167
1.994228482246399
0
0
0
0
0
1.4104846715927124
1.3762186765670776
1.3877679109573364
0
0
0
0
0
0
0
0
0
0
0
0
0
0
0
0
0
0
0
0
0
0.8958409428596497
0.8472256064414978
0.8324823379516602
0.8230496048927307
0.8301286101341248
0.8139199018478394
0.7986604571342468
0.7936887741088867
0.7773350477218628
0.7779169678688049
0.79246985912323
0.7875407338142395
0.7943942546844482
0.8094414472579956
0.7932966351509094
0.8257205486297607
0.8175461888313293
0.8508445024490356
0.8663530349731445
0.916639506816864
0
0
2.21490478515625
2.3094658851623535
2.3492627143859863
2.4524128437042236
2.550084352493286
2.5337610244750977
2.5246665477752686
2.515148878097534
2.494260787963867
2.4669864177703857
2.441633939743042
2.4518609046936035
2.4436893463134766
2.4251465797424316
2.406675100326538
2.382194757461548
2.4006290435791016
2.3775546550750732
2.374185800552368
2.3624746799468994
2.3690643310546875
2.357117176055908
2.3580539226531982
2.364685535430908
1.9402947425842285
2.313520669937134
2.3295915126800537
2.3623738288879395
2.3330068588256836
2.3331809043884277
2.31957745552063
2.32784366607666
2.3457651138305664
2.3437397480010986
2.3438305854797363
2.335960865020752
2.3648478984832764
2.3455238342285156
2.375556707382202
2.3824493885040283
2.385702610015869
2.390819787979126
2.4176249504089355
2.429260015487671
2.4146687984466553
2.457956314086914
2.444121837615967
2.32427978515625
2.201195001602173
2.1170191764831543
2.107978582382202
2.5439679622650146
2.564384937286377
2.561123847961426
2.5901949405670166
2.6247808933258057
2.650465726852417
2.683234691619873
2.6898531913757324
2.746267080307007
2.7556920051574707
2.802030086517334
2.805982828140259
2.8707363605499268
2.8595330715179443
2.8042800426483154
2.7471699714660645
2.6700429916381836
2.6202664375305176
2.557793617248535
0
0
0
0
0
0
0
0
0
0
0
0
0
0
0
0
0.6030083298683167
0.5903469324111938
0.5850502252578735
0.5508315563201904
0.5333132743835449
0.5330595970153809
0.5290791988372803
0.5181437134742737
0.5252919793128967
0.49773353338241577
0.49923357367515564
0.5126041769981384
0.48785656690597534
0.4760492742061615
0.494150310754776
0.4851149916648865
0.4910215437412262
0.46282392740249634
0.4870394170284271
0.49599742889404297
0.47625967860221863
0.47437596321105957
0.491607129573822
0.48905912041664124
0.5007264614105225
0.47973692417144775
0.4962330758571625
0.5060951113700867
0.5018552541732788
0.5144805312156677
0.5161342024803162
0.5328624248504639
0.5202190279960632
0.5401824116706848
0.5645793080329895
0.5719400644302368
0.609920084476471
0.6234519481658936
0.9086057543754578
0.8922935128211975
0.8928019404411316
0.8858175277709961
0.8831914663314819
0.8759074211120605
0.860686182975769
0.8937956690788269
0.8845081329345703
0.8646525740623474
0.8758376240730286
0.8794558048248291
0.8993110656738281
0.919357180595398
0.9473700523376465
0.9754106998443604
0
1.7771087884902954
1.7327929735183716
1.684728741645813
1.6754285097122192
1.6595927476882935
1.6472762823104858
1.6502635478973389
1.620154619216919
1.6393030881881714
1.6615999937057495
1.6825956106185913
1.685252070426941
1.699184775352478
1.7364171743392944
1.8277167081832886
2.8350234031677246
2.7127203941345215
2.6235225200653076
2.554650068283081
2.5222859382629395
2.524127960205078
2.4951817989349365
2.468485116958618
2.471849203109741
2.446868896484375
2.474634885787964
2.4580109119415283
2.4788787364959717
2.478166341781616
2.5104451179504395
2.5165727138519287
2.5646119117736816
2.6118624210357666
2.670342445373535
2.7780418395996094
0
0
0
0
0
2.819072723388672
2.7267699241638184
2.680891513824463
2.661771297454834
2.638854503631592
2.619600296020508
2.6044130325317383
2.6279489994049072
2.654783010482788
2.688129425048828
2.7104740142822266
2.791825532913208
0
0
0
0
0
0
0
0
0
0
0
0
0
0
0
0
0
0
0
0
0
0
0
0
0
0
0
1.9570391178131104
1.9143184423446655
1.9114999771118164
1.9031562805175781
1.889739990234375
1.907947063446045
1.9091417789459229
1.9419833421707153
1.996291160583496
0
0
0
0
0
0
0
0
0
0
0
0
0
0
0
0
0
0
1.8812150955200195
0.7014269232749939
0.6722975373268127
0.6517637372016907
0.6201876997947693
0.6179163455963135
0.6088724732398987
0.6168742179870605
0.5833756327629089
0.6094067096710205
0.5873013138771057
0.598537027835846
0.5971252918243408
0.5853873491287231
0.5791558027267456
0.5806130170822144
0.5962426662445068
0.5828099846839905
0.5869734883308411
0.5896304845809937
0.6104787588119507
0.6322008371353149
0.6195698380470276
0.6582000255584717
0.6410681009292603
0.6909581422805786
2.3921115398406982
1.323482871055603
1.2734043598175049
1.2728074789047241
1.2503290176391602
1.2459813356399536
1.2536942958831787
1.249303936958313
1.2468947172164917
1.2461471557617188
1.2637362480163574
1.258782982826233
1.2954438924789429
1.3181575536727905
2.589603900909424
2.6266093254089355
0
0
0
0
0
0
0
0
0
