0
0
2.059516668319702
2.002875328063965
1.9641681909561157
1.9240776300430298
1.94214928150177
1.948087215423584
1.9521135091781616
1.9761085510253906
1.9967458248138428
0
0
0
0
0
1.4020029306411743
1.3765677213668823
1.39335036277771
0
0
0
0
0
0
0
0
0
0
0
0
0
0
0
0
0
0
0
0
0
0.89447021484375
0.8560556769371033
0.8400951027870178
0.8419166207313538
0.8133363127708435
0.8122917413711548
0.7943871021270752
0.797888457775116
0.80121248960495
0.7990747094154358
0.8089796304702759
0.7863600254058838
0.7956345081329346
0.7981559634208679
0.8280102014541626
0.8112446069717407
0.8368083834648132
0.8364861011505127
0.871802568435669
0.9131706953048706
0
0
2.1944565773010254
2.2852821350097656
2.3562068939208984
2.4677674770355225
2.54569673538208
2.5557010173797607
2.5169193744659424
2.4954025745391846
2.4907517433166504
2.480816125869751
2.448368549346924
2.425224542617798
2.4145045280456543
2.4270269870758057
2.396106719970703
2.4075403213500977
2.386571168899536
2.381124496459961
2.3470802307128906
2.3542280197143555
2.3653342723846436
2.3477394580841064
2.3403141498565674
2.3566412925720215
1.9249444007873535
2.316084861755371
2.3504271507263184
2.3431437015533447
2.3255674839019775
2.340261936187744
2.343008279800415
2.3427817821502686
2.3391828536987305
2.342388153076172
2.343440055847168
2.356597900390625
2.3577005863189697
2.3686015605926514
2.353145122528076
2.3705742359161377
2.391570806503296
2.3959550857543945
2.396491765975952
2.422731876373291
2.419090747833252
2.454589366912842
2.4606971740722656
2.317979574203491
2.2248165607452393
2.1130552291870117
2.1217708587646484
2.531481981277466
2.5529940128326416
2.581876754760742
2.6042370796203613
2.6230251789093018
2.6435365676879883
2.664278030395508
2.701446056365967
2.738842487335205
2.7563419342041016
2.8038532733917236
2.8249759674072266
2.8439769744873047
2.8559036254882812
2.7993075847625732
2.7317261695861816
2.671658515930176
2.623512029647827
2.5586767196655273
0
0
0
0
0
0
0
0
0
0
0
0
0
0
0
0
0.6310657858848572
0.6016705632209778
0.565081000328064
0.5511173009872437
0.5540659427642822
0.5281565189361572
0.5330650806427002
0.5105903744697571
0.5134798288345337
0.5005339980125427
0.5053408145904541
0.4895802438259125
0.500662088394165
0.5033742785453796
0.4965299665927887
0.4916851818561554
0.48407304286956787
0.49350684881210327
0.473095178604126
0.4708910584449768
0.49153947830200195
0.497496634721756
0.49420034885406494
0.49707773327827454
0.49203696846961975
0.5062145590782166
0.5182316899299622
0.49912041425704956
0.5082656145095825
0.5132368206977844
0.5140591859817505
0.5437976121902466
0.555669367313385
0.5552982687950134
0.567223072052002
0.5798643231391907
0.5957946181297302
0.6264257431030273
0.9147598743438721
0.9190988540649414
0.895698070526123
0.8791977763175964
0.8851401805877686
0.8637552857398987
0.8827691674232483
0.874568521976471
0.8694316148757935
0.8640567660331726
0.8971018195152283
0.8787287473678589
0.9267212152481079
0.9289161562919617
0.926280677318573
0.9996321797370911
0
1.7885605096817017
1.735313892364502
1.684524655342102
1.665155291557312
1.6578477621078491
1.6500188112258911
1.645957350730896
1.6478685140609741
1.6558054685592651
1.646926760673523
1.6580147743225098
1.6835120916366577
1.7033541202545166
1.7334433794021606
1.8408483266830444
2.8402857780456543
2.6919479370117188
2.6306612491607666
2.5713298320770264
2.523064374923706
2.5021002292633057
2.476295232772827
2.4794559478759766
2.451537609100342
2.4618277549743652
2.4553539752960205
2.470900774002075
2.4755804538726807
2.4848403930664062
2.5203537940979004
2.5378856658935547
2.549961805343628
2.610783576965332
2.6638216972351074
2.7724828720092773
0
0
0
0
0
2.8231544494628906
2.7253828048706055
2.685534954071045
2.6410014629364014
2.6439099311828613
2.630671739578247
2.622785806655884
2.6265869140625
2.631084442138672
2.691025733947754
2.708730936050415
2.795689344406128
0
0
0
0
0
0
0
0
0
0
0
0
0
0
0
0
0
0
0
0
0
0
0
0
0
0
0
1.9435043334960938
1.9295016527175903
1.9242242574691772
1.8973745107650757
1.9034488201141357
1.9047963619232178
1.937458872795105
1.9307457208633423
2.0020530223846436
0
0
0
0
0
0
0
0
0
0
0
0
0
0
0
0
0
0
1.861708402633667
0.6867241859436035
0.6712228059768677
0.642526388168335
0.6309221982955933
0.6115374565124512
0.5983701944351196
0.6153510808944702
0.6031526923179626
0.6141020655632019
0.586419939994812
0.5902186632156372
0.5933446884155273
0.6040828227996826
0.5884310007095337
0.5915485620498657
0.5897780060768127
0.5853448510169983
0.5870287418365479
0.6084988713264465
0.6093288064002991
0.6194888353347778
0.6216819286346436
0.6455546021461487
0.6799339652061462
0.685379683971405
2.3984928131103516
1.3478425741195679
1.2909754514694214
1.2752012014389038
1.249400019645691
1.2419050931930542
1.2436484098434448
1.2273998260498047
1.2290958166122437
1.235756754875183
1.260737419128418
1.2715486288070679
1.2931710481643677
1.3372362852096558
2.5903916358947754
2.62892484664917
0
0
0
0
0
0
0
0
0
