2.0943408012390137
2.0818068981170654
2.0782511234283447
2.0581002235412598
2.0572032928466797
2.062673330307007
2.148064374923706
2.2611021995544434
0
0
0
0
3.132560968399048
3.1044294834136963
3.0948567390441895
3.0841963291168213
3.1082308292388916
3.146068572998047
0
0
0
0
0
0
0
0
0
0
0
0
0
0
0
0
0
3.2587385177612305
3.2303972244262695
3.2294530868530273
3.2184016704559326
3.2498764991760254
0
0
0
0
0
0
0
0
0
0
0
0
0
0
0
0
0.48907405138015747
0.45983320474624634
0.45660972595214844
0.44241857528686523
0.4289422035217285
0.4189032316207886
0.4457473158836365
0.432260662317276
0.41144469380378723
0.4241138994693756
0.4164547324180603
0.39182132482528687
0.4013250172138214
0.42263153195381165
0.40224048495292664
0.41192635893821716
0.3931673467159271
0.38642409443855286
0.42638733983039856
0.38680753111839294
0.4126977026462555
0.3995266556739807
0.40582147240638733
0.41982603073120117
0.41678041219711304
0.433065801858902
0.42806926369667053
0.4273151457309723
0.43682339787483215
0.4433000683784485
0.4614233672618866
0.479040265083313
0.4910682141780853
3.4906044006347656
0
0
0
0
0
0
1.7327008247375488
1.7093901634216309
1.67147696018219
1.6599035263061523
1.6547150611877441
1.6492892503738403
1.6603094339370728
1.6782846450805664
1.7115812301635742
1.7268743515014648
3.0938596725463867
3.1548171043395996
0
0
0
0
0
0
0
0
0
0
0
0
0
0
0
0
0
0
2.99888014793396
2.9733800888061523
2.963287591934204
2.9653210639953613
1.8918665647506714
1.838965654373169
1.8088133335113525
1.7950806617736816
1.7956358194351196
1.7986747026443481
1.8151540756225586
1.8415764570236206
1.8629292249679565
0
0
0
0
0
0
0
0
0
0
0
0
0
0
0
0
0
0
0
0
0
0
0
0
0
0
0.8453530073165894
0.8122202754020691
0.7923176884651184
0.7963455319404602
0.7883951663970947
0.7796949148178101
0.769787609577179
0.7814183235168457
0.7584934234619141
0.7978156805038452
0.7770532965660095
0.7641330361366272
0.7874828577041626
0.7857577800750732
0.8111675977706909
0.8181228041648865
0.8207144141197205
0.8410041928291321
0.8837230801582336
0
0
0
0
0
0
0
0
0
0
0
0
0
0
0
3.0728447437286377
0
0
0
0
0
0
0
0
0
0
0
0
0
0
0
0.862479031085968
0.805324912071228
0.7855682969093323
0.7591083645820618
0.7492135167121887
0.7429407238960266
0.728092610836029
0.7216677069664001
0.7271186709403992
0.7396107912063599
0.7279640436172485
0.7081228494644165
0.7190683484077454
0.7282419800758362
0.7231885194778442
0.7238461971282959
0.7323638200759888
0.7602012157440186
0.7891570329666138
0.807566225528717
0.8147111535072327
2.1717681884765625
2.1938815116882324
0
0
0
0
0
0
0
0
1.5110111236572266
1.463537335395813
1.4323195219039917
1.4224309921264648
1.4034820795059204
1.4225084781646729
1.430067777633667
1.4204930067062378
1.4406572580337524
1.4355411529541016
1.4530752897262573
1.5245490074157715
2.9333536624908447
2.9359114170074463
2.9761271476745605
3.0262811183929443
0
0
0
0
0
0
0
0
0
0
0
0
0
0
2.516942262649536
2.4883904457092285
2.4465527534484863
2.464155673980713
2.470191478729248
2.502941370010376
2.564781665802002
0
0
0
0
0
0
0
0
3.206864595413208
3.2060999870300293
3.202350378036499
3.1945619583129883
3.2334442138671875
3.219813108444214
2.4449543952941895
2.3986406326293945
2.380021810531616
1.5819979906082153
1.5551648139953613
1.5283658504486084
1.5109869241714478
1.4973344802856445
1.4783079624176025
1.4835946559906006
1.505323886871338
1.4870662689208984
0.6406896710395813
0.6173611283302307
0.5967128276824951
0.5818127989768982
0.5554721355438232
0.5512963533401489
0.5621246695518494
0.5504844188690186
0.5591650605201721
0.5440828800201416
0.5397063493728638
0.5445581078529358
0.5548981428146362
0.5293715596199036
0.5351937413215637
0.5382462739944458
0.5379325747489929
0.5512872338294983
0.5516183376312256
0.5663294196128845
0.5569237470626831
0.5615426301956177
0.5563254356384277
0.587133526802063
0.5808528661727905
0.609652042388916
2.8502562046051025
2.8004825115203857
2.7420616149902344
2.690091848373413
2.6660327911376953
2.622403383255005
2.5654749870300293
2.5347044467926025
2.5168631076812744
2.4717161655426025
2.447969675064087
2.406468391418457
2.364790916442871
2.331167697906494
2.3171322345733643
2.2888739109039307
2.2602145671844482
2.235787868499756
2.2287888526916504
2.185140609741211
2.18164324760437
2.161067008972168
2.1239013671875
2.09053635597229
2.0927634239196777
