0
0
2.053079843521118
1.9986881017684937
1.9772590398788452
1.9426109790802002
1.9427448511123657
1.9459178447723389
1.9529383182525635
1.9780126810073853
1.9867230653762817
0
0
0
0
0
1.4054932594299316
1.3803895711898804
1.3756734132766724
0
0
0
0
0
0
0
0
0
0
0
0
0
0
0
0
0
0
0
0
0
0.8943372964859009
0.8669507503509521
0.8392565846443176
0.8194793462753296
0.8067585825920105
0.7994201183319092
0.8014115691184998
0.8091337084770203
0.8010196685791016
0.7894261479377747
0.7924216389656067
0.7917580008506775
0.8038233518600464
0.7742337584495544
0.8093793392181396
0.815244197845459
0.8037261962890625
0.8347408771514893
0.8682528734207153
0.9060320258140564
0
0
2.2069809436798096
2.2804856300354004
2.3562443256378174
2.448995351791382
2.5577332973480225
2.5437700748443604
2.5190889835357666
2.4988372325897217
2.480543375015259
2.4783992767333984
2.447359800338745
2.433382749557495
2.4227306842803955
2.4091618061065674
2.40899920463562
2.394920587539673
2.385589838027954
2.370594024658203
2.3695619106292725
2.358036994934082
2.3442628383636475
2.362765073776245
2.3407106399536133
2.330535411834717
1.9344764947891235
2.307295799255371
2.351369857788086
2.3160150051116943
2.3387045860290527
2.3335578441619873
2.3340773582458496
2.3458645343780518
2.338127851486206
2.3362033367156982
2.369971513748169
2.349271297454834
2.3540232181549072
2.3712472915649414
2.3730616569519043
2.391509771347046
2.383867025375366
2.3787999153137207
2.4126548767089844
2.42653751373291
2.4309208393096924
2.444018602371216
2.4414236545562744
2.3260128498077393
2.215529441833496
2.118098258972168
2.093600273132324
2.5382728576660156
2.5477452278137207
2.574843645095825
2.5935251712799072
2.630601406097412
2.647740602493286
2.667109251022339
2.6883761882781982
2.7389585971832275
2.7547988891601562
2.786336898803711
2.813937187194824
2.8542017936706543
2.881380319595337
2.809358596801758
2.7413957118988037
2.675314426422119
2.640869140625
2.5639498233795166
0
0
0
0
0
0
0
0
0
0
0
0
0
0
0
0
0.5937769412994385
0.5974562764167786
0.5626246333122253
0.5509415864944458
0.5394856333732605
0.5404803156852722
0.5343499183654785
0.5161657929420471
0.5242568850517273
0.4990743398666382
0.49528220295906067
0.48321810364723206
0.492546945810318
0.48770084977149963
0.4755362570285797
0.47548365592956543
0.48408034443855286
0.4847679138183594
0.47886335849761963
0.4913080930709839
0.476187139749527
0.499118834733963
0.4871568977832794
0.4841577410697937
0.4871900975704193
0.4900987148284912
0.5061289072036743
0.4832836091518402
0.5053001642227173
0.5150919556617737
0.5133488178253174
0.519720196723938
0.5375142097473145
0.5589756965637207
0.5662211179733276
0.5631459355354309
0.5945451855659485
0.6424649953842163
0.9219776391983032
0.9106049537658691
0.8965144753456116
0.8830963969230652
0.874443769454956
0.8697614073753357
0.8789336681365967
0.8727256059646606
0.8765986561775208
0.8866855502128601
0.876645028591156
0.8799762725830078
0.9136378169059753
0.9065669775009155
0.9359392523765564
1.0041444301605225
0
1.7870253324508667
1.73784601688385
1.686023473739624
1.6857311725616455
1.6683908700942993
1.6658127307891846
1.640141487121582
1.6208606958389282
1.644205927848816
1.6722955703735352
1.6586556434631348
1.6817700862884521
1.7019217014312744
1.7389521598815918
1.845927357673645
2.835616111755371
2.686204671859741
2.6139073371887207
2.6000359058380127
2.5372955799102783
2.5169382095336914
2.4836983680725098
2.4759957790374756
2.4711785316467285
2.4365434646606445
2.4758081436157227
2.459526538848877
2.478769302368164
2.4747772216796875
2.503014087677002
2.5013811588287354
2.560234785079956
2.5971901416778564
2.6601316928863525
2.78157639503479
0
0
0
0
0
2.8147668838500977
2.7062692642211914
2.6865971088409424
2.653200149536133
2.630251169204712
2.6321585178375244
2.628166913986206
2.646531343460083
2.6479270458221436
2.6850032806396484
2.732624053955078
2.785137176513672
0
0
0
0
0
0
0
0
0
0
0
0
0
0
0
0
0
0
0
0
0
0
0
0
0
0
0
1.9759618043899536
1.915352702140808
1.9046155214309692
1.8903167247772217
1.9074428081512451
1.899314045906067
1.8988115787506104
1.9304912090301514
2.0011587142944336
0
0
0
0
0
0
0
0
0
0
0
0
0
0
0
0
0
0
1.8763304948806763
0.7030836343765259
0.6698909401893616
0.652946949005127
0.6351184248924255
0.6273752450942993
0.6152370572090149
0.6085130572319031
0.6069767475128174
0.5703805685043335
0.5666959881782532
0.5933036208152771
0.5903404355049133
0.572944700717926
0.5918125510215759
0.5747741460800171
0.5870526432991028
0.5857375264167786
0.5996574759483337
0.5911111831665039
0.6183903813362122
0.6163830161094666
0.6354554295539856
0.6500840783119202
0.670181930065155
0.6946775317192078
2.3861594200134277
1.3347322940826416
1.2922477722167969
1.2599668502807617
1.2442753314971924
1.2350472211837769
1.235658884048462
1.2548655271530151
1.263210415840149
1.241203784942627
1.2708383798599243
1.265157699584961
1.2762311697006226
1.3182779550552368
2.578918218612671
2.6283411979675293
0
0
0
0
0
0
0
0
0
