0
0
0
0
0
0
0
0
0
0
0
0
0
0
0
0
3.085028648376465
2.9385340213775635
2.783050537109375
2.792962074279785
2.832754611968994
2.8358654975891113
2.8507580757141113
2.860107898712158
2.878113269805908
2.9064059257507324
1.9405550956726074
1.946887731552124
1.962319016456604
1.995722770690918
2.0296874046325684
2.0497570037841797
2.076411485671997
2.066434144973755
2.114164113998413
2.1569273471832275
2.284332752227783
2.2351372241973877
1.9680877923965454
1.9199159145355225
1.880476951599121
1.8515952825546265
1.8264498710632324
1.7772835493087769
1.7520354986190796
1.706383228302002
1.7005926370620728
1.6537805795669556
2.2569758892059326
2.2397496700286865
2.1972110271453857
2.151588201522827
2.12817120552063
2.0955984592437744
2.0701441764831543
2.0434553623199463
2.018162965774536
3.2526190280914307
3.3202157020568848
1.1574965715408325
1.1362022161483765
1.1110726594924927
1.0826126337051392
1.0401959419250488
1.0274310111999512
0.9892684817314148
0.9939748644828796
0.9627037644386292
0.924700915813446
0.9368781447410583
0.9130029082298279
0.8991267085075378
0.8764883875846863
0.8816350102424622
0.8833540081977844
0.9015171527862549
0.9113267064094543
0.9454377889633179
0.9650315642356873
0.9729578495025635
1.0012553930282593
1.0193928480148315
1.0839844942092896
1.0732264518737793
1.1262059211730957
1.1393271684646606
1.1889722347259521
1.2093065977096558
1.275041103363037
1.3084256649017334
1.348144769668579
1.391283392906189
1.4643183946609497
1.5261110067367554
1.5670626163482666
0
0
0
0
0
0
0
0
0
0
0
0
0
0
0
0
3.0912954807281494
3.1014742851257324
3.129725694656372
3.1456499099731445
3.1934659481048584
3.2062509059906006
3.2495474815368652
3.140720844268799
2.1619873046875
2.176912307739258
2.2026867866516113
2.2379720211029053
2.255516767501831
2.284334659576416
2.290092945098877
2.342484951019287
2.356576919555664
2.299297332763672
2.2521064281463623
2.2149455547332764
2.1530344486236572
2.1282460689544678
2.081859588623047
2.0446994304656982
2.012600898742676
1.4403584003448486
1.4426276683807373
1.484216332435608
1.4985466003417969
1.3073694705963135
1.34066641330719
1.38573157787323
1.4094473123550415
1.456575632095337
1.4720779657363892
1.5218595266342163
1.5753273963928223
1.5959689617156982
1.6419662237167358
1.609966516494751
1.5960986614227295
1.5756512880325317
1.554632544517517
1.571709394454956
1.5425137281417847
1.5314503908157349
1.5340338945388794
1.5147857666015625
1.499172568321228
1.4864720106124878
1.4918607473373413
1.4721760749816895
1.4781723022460938
1.4414254426956177
1.4554787874221802
1.4441900253295898
1.4380172491073608
1.4383552074432373
1.437252163887024
1.435312032699585
1.4026505947113037
1.4086631536483765
1.4229981899261475
1.4381744861602783
1.4046156406402588
1.3955272436141968
1.4112212657928467
1.4067492485046387
1.4132145643234253
1.3975363969802856
1.4172240495681763
1.0165849924087524
1.0155081748962402
1.7456896305084229
1.7667479515075684
1.440341591835022
1.2601603269577026
1.1011440753936768
1.0565820932388306
1.4524565935134888
1.4393502473831177
1.4440662860870361
1.475563406944275
1.4652855396270752
1.4964100122451782
1.4857661724090576
1.509122610092163
1.508040189743042
1.4917999505996704
1.5145080089569092
1.5200906991958618
1.5270593166351318
1.5672966241836548
1.5641255378723145
1.577226996421814
1.5802077054977417
1.6216833591461182
1.621272087097168
1.6227182149887085
1.6528280973434448
1.6554588079452515
1.681564211845398
1.7019988298416138
1.745139718055725
1.745692491531372
1.7774152755737305
1.7244300842285156
1.7023423910140991
1.6682478189468384
1.6262092590332031
1.5987467765808105
1.5750094652175903
1.5346518754959106
1.4891685247421265
1.4905990362167358
1.6860806941986084
1.6699085235595703
1.6511183977127075
1.6126025915145874
1.5865280628204346
1.5596626996994019
2.2393200397491455
2.2806057929992676
2.3446719646453857
2.3929808139801025
2.4887988567352295
2.4998953342437744
2.486246347427368
2.453770399093628
2.415553331375122
2.4228386878967285
2.3824613094329834
2.374502658843994
2.3538661003112793
2.322606086730957
0
0
0
0
0
0
0
0
0
0
0
0
0
0
0
0
0
0
0
0
0
0
0
0
0
0.809636652469635
0.7934598922729492
0.772868275642395
0.7852802872657776
0.778514564037323
0.7912108302116394
0.7786571979522705
0.7668153643608093
0.7594372630119324
0.7481589317321777
0.7622836232185364
0.7453708052635193
0.7566618323326111
0.7716822624206543
0.7653074860572815
0.745349109172821
0.7522656321525574
0.7474733591079712
0.7432587146759033
0.7332738041877747
0.7416620254516602
0.7352504134178162
0.7468416690826416
0.7375071048736572
0.7394579648971558
0.7430421710014343
0.7274030447006226
0.7434090375900269
0.727783739566803
0.7452868223190308
0.758915901184082
0.7616143226623535
0.7550787329673767
0.7536487579345703
0.7699537873268127
0.7666835188865662
0.7410425543785095
0.7690955996513367
0.7785518765449524
0.7799197435379028
0.7842661142349243
0.7668320536613464
0.792066752910614
0.8064676523208618
0.7896087765693665
0.7983373999595642
0.8173903822898865
0.8114067316055298
0.8247171640396118
0.820298969745636
0.8463690280914307
0.8586625456809998
0.8545792698860168
0.8636300563812256
0.8690988421440125
0.8843306303024292
0.8885561227798462
0.8978029489517212
0.9146907925605774
0.9247097969055176
0.9299916625022888
0.9649572968482971
0
0
0
0
0
0
0
0
3.2435569763183594
3.026742458343506
3.018765687942505
3.029975175857544
3.0258727073669434
3.089479684829712
3.0773041248321533
3.1003949642181396
3.1163787841796875
3.15100359916687
0
0
0
0
0
0
0
0
0
