0
0
2.0587403774261475
1.9692232608795166
1.965988039970398
1.9436675310134888
1.9470139741897583
1.9471112489700317
1.9319459199905396
1.9603945016860962
2.0076546669006348
0
0
0
0
0
1.4192924499511719
1.3768607378005981
1.386016845703125
0
0
0
0
0
0
0
0
0
0
0
0
0
0
0
0
0
0
0
0
0
0.8811770081520081
0.8514849543571472
0.8342550992965698
0.821368932723999
0.8094584941864014
0.8102604150772095
0.8003496527671814
0.7953599095344543
0.7960126996040344
0.7981765866279602
0.7891520261764526
0.7990144491195679
0.7880584001541138
0.8091952800750732
0.7999711632728577
0.8057765364646912
0.8263841867446899
0.8590835332870483
0.8675559759140015
0.8979426026344299
0
0
2.1963579654693604
2.286069393157959
2.3497750759124756
2.445891857147217
2.5547125339508057
2.550748109817505
2.5306859016418457
2.5092406272888184
2.477627754211426
2.4739930629730225
2.4812629222869873
2.446202278137207
2.422189712524414
2.4239490032196045
2.4131853580474854
2.3955650329589844
2.3847246170043945
2.3901479244232178
2.3794541358947754
2.3574588298797607
2.3467187881469727
2.3555877208709717
2.3350889682769775
2.352410078048706
1.9442013502120972
2.2968039512634277
2.3455212116241455
2.3502309322357178
2.3398680686950684
2.339885711669922
2.3320839405059814
2.3441951274871826
2.3523385524749756
2.3373889923095703
2.3571319580078125
2.364893674850464
2.3616373538970947
2.3721797466278076
2.3647828102111816
2.390608787536621
2.3933265209198
2.392263889312744
2.4004695415496826
2.4221270084381104
2.4368278980255127
2.464655637741089
2.458916187286377
2.3203067779541016
2.212007761001587
2.134955883026123
2.0952205657958984
2.544933319091797
2.5519766807556152
2.57303524017334
2.6038095951080322
2.6283440589904785
2.625623941421509
2.6883764266967773
2.712932825088501
2.7290773391723633
2.7650444507598877
2.7911479473114014
2.8180925846099854
2.8466756343841553
2.8841328620910645
2.7911813259124756
2.728419780731201
2.6774816513061523
2.61335825920105
2.5787503719329834
0
0
0
0
0
0
0
0
0
0
0
0
0
0
0
0
0.6171233057975769
0.5885665416717529
0.5699820518493652
0.5596867203712463
0.5582806468009949
0.5501145720481873
0.5166298151016235
0.5293673872947693
0.5021754503250122
0.5079954266548157
0.5122919082641602
0.4849473237991333
0.508912980556488
0.49446243047714233
0.5042306184768677
0.4878900945186615
0.48072120547294617
0.4660416543483734
0.480601042509079
0.4864184260368347
0.4699499011039734
0.4933259189128876
0.4804753363132477
0.483733206987381
0.49917760491371155
0.4799583852291107
0.4876110255718231
0.5158315300941467
0.5061341524124146
0.49721619486808777
0.5380542874336243
0.5271495580673218
0.5173397064208984
0.5524036884307861
0.5573602914810181
0.5941625833511353
0.5938756465911865
0.6291812062263489
0.9032309055328369
0.9095131158828735
0.8845424652099609
0.8853034973144531
0.8861454129219055
0.8776634931564331
0.8739615678787231
0.8724607229232788
0.8647371530532837
0.868865430355072
0.8699085116386414
0.9056016206741333
0.9142347574234009
0.9194560647010803
0.948890745639801
0.9672909379005432
0
1.7642756700515747
1.7439614534378052
1.6915146112442017
1.6620697975158691
1.6443597078323364
1.629149079322815
1.6347858905792236
1.6477758884429932
1.6465134620666504
1.6527551412582397
1.6688252687454224
1.6917303800582886
1.704938530921936
1.7482490539550781
1.8279777765274048
2.840743064880371
2.696284055709839
2.616777181625366
2.577164649963379
2.557729482650757
2.5192105770111084
2.48445200920105
2.467636823654175
2.4806458950042725
2.454857349395752
2.4537343978881836
2.4749250411987305
2.462268352508545
2.499316453933716
2.5067102909088135
2.5374157428741455
2.5543322563171387
2.602508068084717
2.669931650161743
2.7812790870666504
0
0
0
0
0
2.8310492038726807
2.7239251136779785
2.67930269241333
2.6554012298583984
2.6321182250976562
2.617733955383301
2.62248158454895
2.627744674682617
2.639840841293335
2.666609764099121
2.7265360355377197
2.7982163429260254
0
0
0
0
0
0
0
0
0
0
0
0
0
0
0
0
0
0
0
0
0
0
0
0
0
0
0
1.971063494682312
1.9181082248687744
1.9027454853057861
1.8934087753295898
1.904860496520996
1.9011149406433105
1.9391227960586548
1.959160566329956
2.0013175010681152
0
0
0
0
0
0
0
0
0
0
0
0
0
0
0
0
0
0
1.8726611137390137
0.698500394821167
0.665244460105896
0.6505382657051086
0.6194174885749817
0.6389234662055969
0.5885140895843506
0.6054396629333496
0.6035085320472717
0.5941809415817261
0.6065717935562134
0.6080471873283386
0.5989440679550171
0.5908223986625671
0.6042640209197998
0.57403165102005
0.5863140225410461
0.5701526999473572
0.6049744486808777
0.6175509095191956
0.6095607876777649
0.6164616942405701
0.6179564595222473
0.6311367154121399
0.6773679852485657
0.6919616460800171
2.397115468978882
1.3506983518600464
1.2843924760818481
1.2755879163742065
1.2542829513549805
1.2509690523147583
1.2445770502090454
1.2360374927520752
1.2577680349349976
1.2412289381027222
1.2565953731536865
1.2851864099502563
1.285690188407898
1.3102409839630127
2.605360269546509
2.6377673149108887
0
0
0
0
0
0
0
0
0
