0
0
0
0
0
0
0
0
0
0
0
0
0
0
0
0
0
0
0
0
0
0
0
0
0
0
0
0
0
0
0
0
0
0
0
0
3.231135368347168
3.1839287281036377
0.9827258586883545
0.9527151584625244
0.9404102563858032
0.9375044703483582
0.9262401461601257
0.8978568911552429
0.9246750473976135
0.9073624610900879
0.9147852063179016
0.9101149439811707
0.8964424133300781
0.9396199584007263
0.9343274831771851
0.93166583776474
0.9495633840560913
0.9949572682380676
1.0242078304290771
0
0
0
0
0
0
0
0
0
0
0
0
0
0
0
0
0
0
0
0
0
0
0
0
0
0
0
0
3.327803134918213
3.2339305877685547
3.2138049602508545
3.2049686908721924
3.244849443435669
3.318295478820801
0
0
0
0
0
2.4878897666931152
2.465345621109009
2.465247631072998
2.44964599609375
2.4505057334899902
2.4926772117614746
2.539654016494751
0
0
0
0
0
0
0
0
0
0
0
0
0
0
0
0
0
0
0
0
0
0
0
0
0
0
0
0
0
2.061817169189453
2.0173895359039307
1.9859620332717896
1.9885456562042236
2.010922908782959
1.9811376333236694
2.0164201259613037
2.046867847442627
0
0
0
0
0
0
0
0
0
0
0
0
0
0
0
0
0
0
0
0
0
0
0
0
0
0
0
2.6327569484710693
2.6018226146698
2.571821928024292
2.5602235794067383
2.571894407272339
2.6110384464263916
2.6982932090759277
0
0
0
0
0
0
0
0
0
0
0
0
0
0
0
0
0
0
0
0
0
0
0
0
0
0
0
0
0.9086965322494507
0.8895964026451111
0.881373941898346
0.84676593542099
0.8552904725074768
0.864311933517456
0.8261332511901855
0.8271098136901855
0.8381694555282593
0.8265904784202576
0.8392761945724487
0.8390634655952454
0.8455631732940674
0.8597592115402222
0.8698503375053406
0.8823067545890808
0.8971569538116455
0.9290981292724609
3.1331121921539307
3.1497833728790283
3.2089340686798096
0
0
0
0
0
0
0
0
0
0
0
0
0
0
0
0
0
0
0
0
0
0
0
0
0
0.7223435044288635
0.711675763130188
0.7222949266433716
0.7159274220466614
0.7148200273513794
0.7204017043113708
0.7120856642723083
0.7106431126594543
0.7130894660949707
0.7338519096374512
0.7250657677650452
0.7152996063232422
0.7274762392044067
0.7100288271903992
0.7365193367004395
0.7210670113563538
0.7320609092712402
0.735237181186676
0.7389999032020569
0.737163782119751
0.7360281348228455
0.7526274919509888
0.7481539845466614
0.7577926516532898
0.7479634284973145
0.7636051177978516
0.769199788570404
0.7587352991104126
0.7832182049751282
0.8016062378883362
0.7789790630340576
0.7849396467208862
0.7971736192703247
0.8078152537345886
0.8005789518356323
0.8256615400314331
0.8083726167678833
0.8500525951385498
0.8394051790237427
0.8579174280166626
0.8598034977912903
0.854264497756958
0.888782262802124
0.8889716863632202
0.9075234532356262
0.949855387210846
0.9350881576538086
0.9513605237007141
0.9585586190223694
0.9982179403305054
1.000412940979004
1.0099514722824097
1.0355974435806274
1.0655361413955688
1.0635050535202026
1.1014128923416138
1.1192944049835205
1.1405984163284302
1.1612547636032104
0
0
0
0
0
0
0
0
0
0
0
0
0
0
0
0
0
0
0
0
0
0
0
0
0
0
0
0
0
0
0
0
0
0
3.218985080718994
3.159528970718384
3.1351046562194824
3.1587860584259033
3.153878927230835
3.222229480743408
0
0
0
0
0
0
0
0
0
0
0
0
0
0
0
