0
0
2.051103353500366
1.985687494277954
1.961704134941101
1.967881441116333
1.9344203472137451
1.9322826862335205
1.936087965965271
1.9549944400787354
1.9933295249938965
0
0
0
0
0
1.4034992456436157
1.3753844499588013
1.3842941522598267
0
0
0
0
0
0
0
0
0
0
0
0
0
0
0
0
0
0
0
0
0
0.8923358917236328
0.8735448122024536
0.8451551198959351
0.8221064209938049
0.8102851510047913
0.8117367625236511
0.7889395952224731
0.7901812791824341
0.7799168229103088
0.7854005694389343
0.7766531109809875
0.774498462677002
0.7992867827415466
0.7900954484939575
0.7744483351707458
0.8347267508506775
0.819895327091217
0.8405110836029053
0.8597559928894043
0.9132711887359619
0
0
2.2070906162261963
2.2938647270202637
2.3756704330444336
2.4390058517456055
2.5431532859802246
2.542632818222046
2.5325939655303955
2.5123729705810547
2.4864816665649414
2.4679605960845947
2.4439265727996826
2.4425714015960693
2.4256417751312256
2.415179967880249
2.4126927852630615
2.4048917293548584
2.384176254272461
2.3825809955596924
2.37041974067688
2.3735198974609375
2.3438704013824463
2.36641263961792
2.358809232711792
2.35038423538208
1.9453060626983643
2.3126792907714844
2.326862335205078
2.3275322914123535
2.3384974002838135
2.348567247390747
2.347438335418701
2.3628411293029785
2.3382415771484375
2.3391709327697754
2.3633198738098145
2.3643295764923096
2.3619120121002197
2.362666368484497
2.380880117416382
2.3985846042633057
2.391892194747925
2.4105489253997803
2.413499116897583
2.4026668071746826
2.444552421569824
2.452139377593994
2.441699743270874
2.3298072814941406
2.2155699729919434
2.1144683361053467
2.11025333404541
2.5330848693847656
2.5484821796417236
2.5945892333984375
2.6055922508239746
2.6303751468658447
2.6357581615448
2.6629796028137207
2.7012507915496826
2.719914436340332
2.753185749053955
2.7764852046966553
2.8187105655670166
2.8693044185638428
2.8495233058929443
2.7930126190185547
2.7486793994903564
2.6748032569885254
2.6258962154388428
2.5774857997894287
0
0
0
0
0
0
0
0
0
0
0
0
0
0
0
0
0.5980108380317688
0.5970242619514465
0.5676321983337402
0.5606539845466614
0.5381243824958801
0.5410361289978027
0.5211547017097473
0.4987415373325348
0.5042693018913269
0.5011913776397705
0.5029194951057434
0.4750315248966217
0.49280786514282227
0.49825677275657654
0.48460766673088074
0.46906521916389465
0.4849923849105835
0.4800644516944885
0.4835548400878906
0.48012587428092957
0.4741736054420471
0.47985732555389404
0.476033091545105
0.4865197539329529
0.5126340985298157
0.49798980355262756
0.4948829114437103
0.4842226505279541
0.49581968784332275
0.5252483487129211
0.502618134021759
0.5262826681137085
0.5337856411933899
0.530195415019989
0.5385527610778809
0.5484779477119446
0.6007556915283203
0.6114785671234131
0.9021840691566467
0.906906247138977
0.8786328434944153
0.8691276907920837
0.8682963252067566
0.8804900050163269
0.8842018842697144
0.8644006848335266
0.8736080527305603
0.872018039226532
0.8808056712150574
0.897316575050354
0.917754054069519
0.9145663976669312
0.9371653199195862
0.9856642484664917
0
1.7772432565689087
1.7194747924804688
1.683472990989685
1.6787784099578857
1.653936505317688
1.6430505514144897
1.638369083404541
1.6420221328735352
1.6567596197128296
1.6461920738220215
1.664339542388916
1.6908563375473022
1.713545799255371
1.7478303909301758
1.846634864807129
2.8448381423950195
2.6916260719299316
2.628749370574951
2.5860378742218018
2.5315067768096924
2.5068821907043457
2.4817867279052734
2.488877773284912
2.4714958667755127
2.449225902557373
2.436124801635742
2.4524919986724854
2.4752156734466553
2.4831721782684326
2.4947266578674316
2.5401322841644287
2.5511224269866943
2.6065545082092285
2.6731088161468506
2.7848052978515625
0
0
0
0
0
2.79426908493042
2.726092576980591
2.687390089035034
2.6472976207733154
2.637026786804199
2.6156415939331055
2.6204116344451904
2.637195587158203
2.629950761795044
2.6700010299682617
2.7274210453033447
2.797218084335327
0
0
0
0
0
0
0
0
0
0
0
0
0
0
0
0
0
0
0
0
0
0
0
0
0
0
0
1.9656580686569214
1.9227341413497925
1.9142600297927856
1.9062495231628418
1.9167641401290894
1.8951623439788818
1.920369267463684
1.9317978620529175
2.000706434249878
0
0
0
0
0
0
0
0
0
0
0
0
0
0
0
0
0
0
1.8769621849060059
0.6914869546890259
0.6577476263046265
0.6399271488189697
0.6328630447387695
0.639350175857544
0.6111999750137329
0.6064773797988892
0.6019375920295715
0.6096922159194946
0.5849704146385193
0.6049070954322815
0.5769191384315491
0.573634147644043
0.5989195108413696
0.5840247273445129
0.5867745876312256
0.6033909916877747
0.6017996072769165
0.6155839562416077
0.6323364973068237
0.6166819930076599
0.6434618830680847
0.6334490180015564
0.6818341612815857
0.670169472694397
2.3903677463531494
1.339202642440796
1.2913646697998047
1.2681972980499268
1.2737891674041748
1.2621781826019287
1.2406905889511108
1.2516610622406006
1.2499076128005981
1.2506920099258423
1.2493793964385986
1.2685701847076416
1.3103728294372559
1.321397066116333
2.5919699668884277
2.629209041595459
0
0
0
0
0
0
0
0
0
