2.0764660835266113
0
0
0
0
0
0
0
0
0
0
0
0
0
3.455021858215332
3.408217430114746
3.4087817668914795
3.4449284076690674
3.5
0
0
0
0
0
0
0
0
0
0
0
0
0
0
3.234360694885254
3.1833958625793457
3.182180166244507
3.1817641258239746
3.215590238571167
0
0
0
0
0
0
0
0
0
0
0
0
2.3184168338775635
2.2742531299591064
2.222398042678833
2.203733205795288
2.212754249572754
2.220285177230835
2.25350284576416
2.2967052459716797
0
0
0
0
0
0
0
0
0
0
0
0
0
0
0
0
0
0
0
0
0
0
0
0
0
0
0
0
3.2159371376037598
3.1518940925598145
3.1109015941619873
3.1093482971191406
3.124298095703125
3.169528007507324
0
0
0
0
0
0
0
0
0
0
0
0
0
0
0.990028977394104
0.963941752910614
0.959831953048706
0.9583350419998169
0.9410122632980347
0.9322952032089233
0.931914210319519
0.9100071787834167
0.9037074446678162
0.9134974479675293
0.9234384298324585
0.9423454999923706
0.9277900457382202
0.9632179737091064
0.9733325242996216
0.9715365767478943
1.0229929685592651
0
0
0
0
0
0
0
0
0
0
0
0
0
0
0
0
0
0
0
0
0
0
0
0
0
0
0
0
0
0
0
0
0
0
0
0
0
0
0
0
0
0
0
0
0
0
0
0
0
0
0
0
0
0
0
0
0
0
0
0
0
0
0
0
0
0
0
0
0
0
0
0
0
0
0
0
0
0
0
0
0
0
0
0
0
0
0
0
0
0
0
0
0
0
0
0
0
0
0
0
0
0
0
0
0
0
0
0
0
0
0
0
0
0
0
0
0
0
0.7296555638313293
0.7107815146446228
0.6974802017211914
0.6820123791694641
0.6554276347160339
0.6669366955757141
0.6597241759300232
0.6443660259246826
0.6334112286567688
0.6193907856941223
0.6315678358078003
0.6479568481445312
0.6292040348052979
0.6557176113128662
0.646041214466095
0.6407709121704102
0.6583672165870667
0.6570847630500793
0.656488299369812
0.6740754842758179
0.6891863346099854
0.6971391439437866
0.7460917234420776
0
0
0
0
0
0
0
0
0
0
0
0
0
0
0
0
0
0
0
0
0
0
0
0
0
0
0
0
0
0
1.965688705444336
1.922426700592041
1.9088107347488403
1.8906196355819702
1.9060572385787964
1.891699194908142
1.911268711090088
1.9568686485290527
1.991018533706665
0
0
0
0
0
0
0
0
0
0
0
0
0
0
0
0
0
0
0
0
0
3.474937677383423
3.4243011474609375
3.4285619258880615
3.4451560974121094
0
0
0
0
0
0
0
0
0
0
0
0
0
0
0
0
0
0
0
0
0
0
0
2.0641183853149414
2.008312702178955
1.9763017892837524
1.986984372138977
1.9745471477508545
1.9819293022155762
1.993835210800171
2.0058319568634033
2.065692186355591
