0
0
2.0518312454223633
2.004067897796631
1.9658892154693604
1.9416052103042603
1.9434159994125366
1.934427261352539
1.929746389389038
1.9760311841964722
2.0024938583374023
0
0
0
0
0
1.4183526039123535
1.3776769638061523
1.3849108219146729
0
0
0
0
0
0
0
0
0
0
0
0
0
0
0
0
0
0
0
0
0
0.9055073857307434
0.8498411774635315
0.8364695310592651
0.8238038420677185
0.8140612244606018
0.80289626121521
0.7834333777427673
0.7994593977928162
0.7971035838127136
0.7954322099685669
0.7672644853591919
0.7832664251327515
0.7881414294242859
0.8116776943206787
0.8153721690177917
0.7994982600212097
0.8339684009552002
0.8487079739570618
0.8605144023895264
0.9360729455947876
0
0
2.207510471343994
2.276583194732666
2.377385139465332
2.4625985622406006
2.560091733932495
2.5458226203918457
2.517378091812134
2.5024237632751465
2.479499101638794
2.458524465560913
2.449795722961426
2.433797836303711
2.4391188621520996
2.4282705783843994
2.417297601699829
2.3995087146759033
2.381791591644287
2.368894338607788
2.3759512901306152
2.3697609901428223
2.360302686691284
2.3467555046081543
2.341033697128296
2.34393310546875
1.9526962041854858
2.29701566696167
2.3356549739837646
2.3389341831207275
2.3382983207702637
2.334616184234619
2.344533681869507
2.349245309829712
2.3256547451019287
2.342592239379883
2.3344149589538574
2.354203224182129
2.3480615615844727
2.354402542114258
2.369058132171631
2.3730287551879883
2.388976573944092
2.405535936355591
2.3901312351226807
2.420667886734009
2.4330708980560303
2.468824863433838
2.443605661392212
2.32818603515625
2.241502523422241
2.11706280708313
2.0974507331848145
2.541036605834961
2.5648863315582275
2.595205068588257
2.608096122741699
2.6066508293151855
2.64762020111084
2.6719112396240234
2.699751853942871
2.725733518600464
2.759775161743164
2.7683513164520264
2.7999773025512695
2.848863124847412
2.8455357551574707
2.812721014022827
2.724405288696289
2.6896870136260986
2.610509157180786
2.5779623985290527
0
0
0
0
0
0
0
0
0
0
0
0
0
0
0
0
0.6155114769935608
0.5780304670333862
0.5565292239189148
0.5430323481559753
0.5398712754249573
0.5425314903259277
0.5310123562812805
0.5234320163726807
0.5195480585098267
0.5054855942726135
0.4968302845954895
0.48190897703170776
0.4989044964313507
0.5024194121360779
0.4691051244735718
0.49074551463127136
0.4889119565486908
0.48574069142341614
0.4649680256843567
0.4869886338710785
0.4831095039844513
0.4819115400314331
0.48282212018966675
0.4820343852043152
0.4947167932987213
0.47366806864738464
0.4857540726661682
0.4928506910800934
0.5055387616157532
0.5104057788848877
0.5381761193275452
0.539978563785553
0.5224506855010986
0.5345701575279236
0.5658314228057861
0.5822658538818359
0.5861196517944336
0.636790931224823
0.8902846574783325
0.9083108305931091
0.8930589556694031
0.8652468323707581
0.885108470916748
0.8692933320999146
0.8739985227584839
0.852980375289917
0.884566605091095
0.882079005241394
0.8829629421234131
0.8949621319770813
0.9099740982055664
0.9135002493858337
0.9487519264221191
0.9936574101448059
0
1.7851790189743042
1.7332484722137451
1.6987476348876953
1.6714282035827637
1.665132761001587
1.6477916240692139
1.6659119129180908
1.6500388383865356
1.6406208276748657
1.652620792388916
1.660489797592163
1.6805005073547363
1.6931596994400024
1.7472314834594727
1.8296030759811401
2.8385777473449707
2.694608449935913
2.632331371307373
2.570484161376953
2.528456926345825
2.5052638053894043
2.4808382987976074
2.4838833808898926
2.4628520011901855
2.4667439460754395
2.462582588195801
2.4607350826263428
2.472196340560913
2.4802207946777344
2.5276074409484863
2.5156588554382324
2.5730295181274414
2.610903024673462
2.675039291381836
2.7950820922851562
0
0
0
0
0
2.8192968368530273
2.7278404235839844
2.7008297443389893
2.650120973587036
2.641925573348999
2.639305591583252
2.6275627613067627
2.6266582012176514
2.663496732711792
2.674163579940796
2.722590208053589
2.7885451316833496
0
0
0
0
0
0
0
0
0
0
0
0
0
0
0
0
0
0
0
0
0
0
0
0
0
0
0
1.9488954544067383
1.9368467330932617
1.8836017847061157
1.9074617624282837
1.8804011344909668
1.9048855304718018
1.91756010055542
1.9536999464035034
2.0104525089263916
0
0
0
0
0
0
0
0
0
0
0
0
0
0
0
0
0
0
1.851920485496521
0.703572154045105
0.6561702489852905
0.6514778137207031
0.6248787045478821
0.6322371363639832
0.6096847057342529
0.5963373184204102
0.6075193285942078
0.6037958860397339
0.587186872959137
0.5862264633178711
0.5790691375732422
0.5878422260284424
0.5901964902877808
0.5996854305267334
0.5881183743476868
0.5944653153419495
0.5919874906539917
0.5959559679031372
0.6239187121391296
0.6201294660568237
0.6209185123443604
0.6533693075180054
0.6623281240463257
0.6864991784095764
2.389335870742798
1.3377597332000732
1.30998957157135
1.2660622596740723
1.2750093936920166
1.2522273063659668
1.2265862226486206
1.237396478652954
1.2386314868927002
1.2496229410171509
1.2585405111312866
1.2702990770339966
1.2726398706436157
1.3089061975479126
2.577204704284668
2.634429693222046
0
0
0
0
0
0
0
0
0
