0
0
0
0
0
0
0
0
0
2.5209569931030273
2.580667734146118
2.617457151412964
2.654994249343872
2.7056455612182617
2.7565670013427734
2.81341290473938
2.780433177947998
2.7273736000061035
2.6792008876800537
2.6541852951049805
2.602875232696533
2.5766451358795166
2.548011064529419
2.503718376159668
2.4889461994171143
2.4521987438201904
2.4277353286743164
1.970231056213379
2.0321521759033203
2.104581832885742
2.1740036010742188
1.8375329971313477
1.9148187637329102
1.971740484237671
2.048912525177002
2.144545555114746
2.1943604946136475
2.1684443950653076
2.16494083404541
2.1570732593536377
2.119751214981079
2.12483549118042
2.100634813308716
2.0980000495910645
2.1047534942626953
2.0954291820526123
2.0777204036712646
2.0616202354431152
2.0766994953155518
2.0586087703704834
2.0642242431640625
2.048243522644043
2.0555875301361084
2.0361547470092773
2.0421628952026367
2.0494494438171387
2.0419585704803467
2.039710283279419
2.0533089637756348
2.026230573654175
1.659887433052063
2.216427803039551
2.218158006668091
2.211441993713379
2.2130911350250244
2.221750020980835
2.2124617099761963
2.221824884414673
2.2442426681518555
2.251758575439453
2.246558666229248
2.243086099624634
2.25797176361084
2.2804343700408936
2.300466299057007
0
0
0
0
0
0
0.8288981914520264
0.8352828621864319
0.8191084265708923
0.8339419364929199
0.817803144454956
0.8107436895370483
0.7811137437820435
0.7855938076972961
0.7900483012199402
0.764857292175293
0.7583599090576172
0.7493922114372253
0.7443773150444031
0.7607634663581848
0.7493995428085327
0.7338643074035645
0.7244430184364319
0.7343606948852539
0.7235358357429504
0.7348637580871582
0.7267174124717712
0.7165504693984985
0.7178996205329895
0.7222800254821777
0.7075170278549194
0.722846269607544
0.7172176241874695
0.7148364782333374
0.7166770100593567
0.6988309025764465
0.6907870173454285
0.6830384135246277
1.161537528038025
0
0
0
0
0
0
0
0
0
0
0
0
0
0
0
0
2.8704745769500732
2.860172986984253
2.844709634780884
2.849865198135376
2.796694755554199
2.7934157848358154
2.7893829345703125
2.7869386672973633
2.898818254470825
3.2325878143310547
2.6850509643554688
2.6914966106414795
2.6908535957336426
2.6928064823150635
2.6941165924072266
2.6726038455963135
2.695936918258667
2.678738594055176
2.703788995742798
0
0
0
0
0
0
0
0
0
0
0
0
0
0
0
0
0
0
0
0
0
0
0
0
0
0
0
0
0
0
0
0
0
0
0
0
0
0
0
0
0
0
0
0
0
0
0
0
0
0
0
0
0
0
0
1.1259064674377441
1.1281317472457886
1.1011134386062622
1.095203161239624
1.0896031856536865
1.0701936483383179
1.047743320465088
1.0593730211257935
1.0323154926300049
1.0307313203811646
1.029520869255066
1.021344780921936
1.0164804458618164
1.0334107875823975
1.004339337348938
0.9844547510147095
0.9889584183692932
0.9893770813941956
0.9766167998313904
0.97971510887146
0.9845733642578125
1.045668601989746
1.153336763381958
1.2614177465438843
1.395005226135254
1.54768705368042
1.7621186971664429
0.9493758082389832
0.9362162351608276
1.1349519491195679
1.338904619216919
1.3230000734329224
1.3266106843948364
1.331966757774353
1.3232635259628296
1.3346902132034302
1.335508942604065
1.3290334939956665
1.3331044912338257
1.3170908689498901
1.3291815519332886
1.3319261074066162
1.3439818620681763
1.3449074029922485
1.3326414823532104
1.3701202869415283
1.3745102882385254
1.3733798265457153
1.364352822303772
1.3926315307617188
1.381164789199829
1.4036551713943481
1.3969662189483643
1.4091757535934448
1.4065370559692383
1.4159563779830933
1.4512834548950195
1.455438494682312
1.4713598489761353
1.482947587966919
1.4921534061431885
1.5122625827789307
1.496443748474121
1.5263787508010864
1.546120524406433
1.5247799158096313
1.4579153060913086
1.4289066791534424
1.3991990089416504
1.3586571216583252
1.3163790702819824
1.2953697443008423
1.2729549407958984
1.2394068241119385
1.2298645973205566
1.716060996055603
1.7469764947891235
1.7941070795059204
1.8211594820022583
1.8625555038452148
1.890481948852539
1.9258880615234375
0
0
0
3.0142762660980225
3.0668387413024902
3.071065664291382
3.106564998626709
3.162342071533203
3.18418288230896
3.160557270050049
3.0823471546173096
3.009781837463379
2.22149395942688
2.2660226821899414
2.283963680267334
2.312999725341797
2.35101580619812
2.372614622116089
2.402163505554199
2.4491050243377686
0
0
0
0
0
0
0
0
0
0
0
0
0
0
0
0
0
0
0
0
0
0
0
0
0
0
0
0
0
0
0
0
0
1.7374132871627808
1.7181802988052368
1.721138834953308
1.7251676321029663
1.7365117073059082
1.708550214767456
1.7194924354553223
1.7114895582199097
1.712463617324829
1.6934657096862793
1.6912797689437866
1.7012280225753784
1.7016361951828003
1.6987040042877197
0
0
0
0
0
0
0
