0
0
2.6822798252105713
2.622938871383667
2.617103338241577
2.589966297149658
2.612096071243286
2.6305465698242188
2.667185068130493
0
0
0
0
0
0
0
0
0
0
0
0
0
0
0
0
0
0
0
0
0
0
0
0
0
0
0
0
0
0
0
0
0
0
0
0
0
0
0
0
0
0
0
0
0
0
0
0
1.8588796854019165
1.7666312456130981
1.7734932899475098
1.7423142194747925
1.708072543144226
1.700905203819275
1.7208646535873413
1.7328541278839111
1.7657328844070435
1.7917211055755615
0
0
0
0
0
0
0
0
0
0
0
0
0
0
0
0
0
0
0
0
0
0
0
0
0
0
0
0
0
0
0
0
0
0
0
0
0
0
0
2.273928165435791
2.1999008655548096
2.209022283554077
2.1891028881073
2.1762773990631104
2.2023682594299316
2.211676597595215
2.2811360359191895
0
0
0
0
0
0
0
0
0
0
0
0
0
0
0
0
0
0
0
0
0
0
0
0
0
0
0
0
0
2.6254172325134277
2.5892090797424316
2.57981014251709
2.5649912357330322
2.596277952194214
2.6265923976898193
0
0
0
0
0
0
0
0
0
0
0
0
0
0
0
0
0
0
0
0
0
0
0
0
0
0
0
0
0
0
0
0
3.245155096054077
1.185927391052246
1.1279758214950562
1.113592505455017
1.101498007774353
1.1034225225448608
1.0983219146728516
1.0927811861038208
1.0705763101577759
1.0792938470840454
1.0965266227722168
1.0965319871902466
1.1006386280059814
1.132444977760315
1.1333820819854736
1.2019907236099243
0
0
0
0
0
0
0
0
0
0
0
0
0
0
2.4684598445892334
2.4291837215423584
2.404013156890869
2.3747570514678955
2.3745269775390625
2.4052257537841797
2.4462761878967285
0
0
0
0
0
0
0
0
0
0
0
0
0
0
0
0
0
0
0
0
0
0
0
0
0
0
1.9059979915618896
1.8921808004379272
1.8461761474609375
1.8578357696533203
1.8433821201324463
1.8781882524490356
1.8761664628982544
1.890045166015625
1.9605239629745483
0
0
0
0
0
0
0
0
0
0
0
0
0
3.335350275039673
3.2842674255371094
3.29024600982666
3.3221309185028076
3.3747403621673584
0
0
0
0
0
0
0
0
1.5940203666687012
1.5544039011001587
1.5218874216079712
1.5196632146835327
1.5065585374832153
1.5006978511810303
1.5067309141159058
1.5062024593353271
1.5300843715667725
1.5757827758789062
1.5947736501693726
0
0
0
0
0
0
0
0
0
0
0
0
0
0
0
0
0
0
0
0
0
0
0
0
0
0
0
0
0
0
0
0
0
0
0
0
2.623426675796509
2.5434343814849854
0.9974885582923889
0.9370516538619995
0.933587908744812
0.9399601221084595
0.8967732787132263
0.8979292511940002
0.8668511509895325
0.88434898853302
0.8884069919586182
0.8925767540931702
0.8849201202392578
0.8874572515487671
0.8888421654701233
0.9081544876098633
0.910262942314148
0.9151816368103027
0.948701798915863
0.9670108556747437
0
0
0
0
0
0
0
0
0
0
0
0
0
0
