0
0
2.0688321590423584
1.9900537729263306
1.9544514417648315
1.9273324012756348
1.922764539718628
1.933774709701538
1.9369343519210815
1.9498416185379028
1.9993213415145874
0
0
0
0
0
1.4123417139053345
1.3816006183624268
1.39633047580719
0
0
0
0
0
0
0
0
0
0
0
0
0
0
0
0
0
0
0
0
0
0.8932324647903442
0.8543941378593445
0.8444362878799438
0.8198402523994446
0.8305070996284485
0.8007609248161316
0.8054769039154053
0.8045210242271423
0.7942355871200562
0.789843738079071
0.796422004699707
0.7890525460243225
0.783902108669281
0.796703040599823
0.7835463285446167
0.8176998496055603
0.8252154588699341
0.8445401787757874
0.868193507194519
0.9103781580924988
0
0
2.205533504486084
2.2954728603363037
2.3595664501190186
2.467623710632324
2.553521156311035
2.5510408878326416
2.5375070571899414
2.482510805130005
2.4919075965881348
2.467454671859741
2.460402011871338
2.435779094696045
2.3998236656188965
2.4179489612579346
2.406266212463379
2.411679983139038
2.389662027359009
2.3661444187164307
2.3913378715515137
2.3793270587921143
2.3719918727874756
2.3498048782348633
2.353278398513794
2.3400766849517822
1.9411466121673584
2.2943003177642822
2.336179733276367
2.308462619781494
2.3248226642608643
2.3533122539520264
2.337918996810913
2.3323447704315186
2.335622787475586
2.3167200088500977
2.34216570854187
2.362096071243286
2.3729920387268066
2.371997833251953
2.372856616973877
2.3895063400268555
2.3915648460388184
2.4005913734436035
2.4067447185516357
2.3980677127838135
2.432694673538208
2.4557883739471436
2.479116678237915
2.316659688949585
2.217740297317505
2.120182514190674
2.1016383171081543
2.526028871536255
2.5390801429748535
2.5644571781158447
2.593996286392212
2.608783483505249
2.6479897499084473
2.680508852005005
2.7219464778900146
2.7230417728424072
2.770270586013794
2.7934298515319824
2.8057913780212402
2.8548314571380615
2.849677801132202
2.7873144149780273
2.756361961364746
2.670010566711426
2.628021001815796
2.5850565433502197
0
0
0
0
0
0
0
0
0
0
0
0
0
0
0
0
0.611839234828949
0.5915302038192749
0.5645440220832825
0.5430794358253479
0.5480664968490601
0.525417685508728
0.5247169137001038
0.5145736932754517
0.5267044901847839
0.5047405958175659
0.4825436472892761
0.4886254668235779
0.4987277090549469
0.49184635281562805
0.48720425367355347
0.48334139585494995
0.47870659828186035
0.49071595072746277
0.4741228222846985
0.49074044823646545
0.478333979845047
0.4930074214935303
0.4850461184978485
0.49152129888534546
0.4723628759384155
0.47845178842544556
0.508324146270752
0.5020197033882141
0.5093644857406616
0.4988725483417511
0.5514281392097473
0.5218318700790405
0.5386872887611389
0.543749988079071
0.558508038520813
0.598372220993042
0.5847804546356201
0.6310962438583374
0.9081249833106995
0.8989917039871216
0.9002333879470825
0.8829611539840698
0.8812461495399475
0.8746429085731506
0.8688600659370422
0.863332986831665
0.8635671138763428
0.8756899833679199
0.8792362213134766
0.8763679265975952
0.898017406463623
0.8958494663238525
0.9445370435714722
0.9846273064613342
0
1.7623883485794067
1.7269315719604492
1.6916399002075195
1.6780320405960083
1.655152440071106
1.6407631635665894
1.640148639678955
1.6404038667678833
1.632989525794983
1.6453533172607422
1.6780506372451782
1.6751278638839722
1.7106550931930542
1.7515863180160522
1.8226062059402466
2.8342461585998535
2.711937427520752
2.623903512954712
2.575145721435547
2.5504753589630127
2.5129270553588867
2.4926276206970215
2.4803171157836914
2.461383819580078
2.4615585803985596
2.443990468978882
2.4466779232025146
2.4679763317108154
2.4836606979370117
2.497659206390381
2.5109469890594482
2.5706512928009033
2.6097328662872314
2.6844780445098877
2.7904374599456787
0
0
0
0
0
2.8136494159698486
2.729177236557007
2.6794543266296387
2.6492114067077637
2.6370925903320312
2.6215615272521973
2.608210802078247
2.619835138320923
2.655393362045288
2.6722331047058105
2.707625389099121
2.797912359237671
0
0
0
0
0
0
0
0
0
0
0
0
0
0
0
0
0
0
0
0
0
0
0
0
0
0
0
1.954314112663269
1.936830759048462
1.9225380420684814
1.8976125717163086
1.8946435451507568
1.8997611999511719
1.921509861946106
1.953156590461731
2.004042863845825
0
0
0
0
0
0
0
0
0
0
0
0
0
0
0
0
0
0
1.8673988580703735
0.7008163928985596
0.678450345993042
0.6336702108383179
0.6373501420021057
0.6498322486877441
0.607847273349762
0.6140683889389038
0.5999670028686523
0.5968015789985657
0.5730377435684204
0.6002984642982483
0.5899086594581604
0.5970350503921509
0.5867069959640503
0.6020142436027527
0.6002410650253296
0.5856773257255554
0.5992075800895691
0.6012204885482788
0.6193380951881409
0.6129863262176514
0.6193469166755676
0.6422571539878845
0.6617039442062378
0.6816225051879883
2.3914151191711426
1.3326152563095093
1.2950102090835571
1.2824547290802002
1.2632838487625122
1.2657238245010376
1.2408236265182495
1.223128318786621
1.2336784601211548
1.2485121488571167
1.250110387802124
1.2571194171905518
1.2962754964828491
1.3407541513442993
2.5971875190734863
2.6303510665893555
0
0
0
0
0
0
0
0
0
