0
0
0
0
0
0
0
0
0
0
0
0
0
0
0
0
0
0
0
0
2.781341314315796
2.7505178451538086
2.284942388534546
2.1902291774749756
2.1686055660247803
2.1506412029266357
2.1317434310913086
2.127897024154663
1.6960853338241577
1.6371588706970215
1.6296124458312988
1.6133123636245728
1.594442367553711
1.5953892469406128
1.6084064245224
1.6109073162078857
1.6265124082565308
1.6439423561096191
1.690415620803833
0
0
0
0
0
0
1.2882968187332153
1.2277427911758423
1.2038441896438599
1.194433569908142
1.178460955619812
1.1578962802886963
1.1690036058425903
1.1675705909729004
1.1710597276687622
1.1824475526809692
1.1843832731246948
1.2064051628112793
1.2139561176300049
1.2485772371292114
0
0
0
0
0
0
0
0
0
0
0
0.9813210964202881
0.9419018626213074
0.9366897344589233
0.9116911888122559
0.886792004108429
0.9036278128623962
0.8843739628791809
0.892820417881012
0.8807092308998108
0.9084717035293579
0.8901665806770325
0.8932026028633118
0.8919057250022888
0.9133408069610596
0.9191646575927734
0.9400493502616882
0.961872935295105
0
0
0
0
0
0
0
0
0
0
0
0
0
0
0
0.9286136031150818
0.8746280074119568
0.8428244590759277
0.8344534635543823
0.8238539695739746
0.8189070820808411
0.8143192529678345
0.8022568821907043
0.798567533493042
0.7922580242156982
0.7980303764343262
0.8135610222816467
0.8021755814552307
0.7968124151229858
0.8006272315979004
0.8515673279762268
0.835151731967926
0.8434500098228455
0.8747552633285522
0
0
0
0
0
0
0
0
0
0
0
0
0
0
0
0
0
0
0
0
0
0
0
0
0
0
0
0
0
0
0
0
0
0
0
0
0
0
0
0
0
0
0
0
0
0
0
0
0
0
0
0
0
0
0
0
0
0
0
0
0
0
0
0
0
0
0
0
0
0
2.813262701034546
2.7845094203948975
2.756364107131958
2.751751184463501
2.7820937633514404
2.3988354206085205
2.3377225399017334
2.3126626014709473
2.3099141120910645
2.313697099685669
2.318211317062378
2.349245071411133
2.7871949672698975
2.8272032737731934
2.8429179191589355
2.952256441116333
0
0
0
0
0
0
0
0
0
0
0
0
0
0
0
0
0
0
0
0
0
0
0
0
0
0
0
0
3.1103062629699707
3.0412449836730957
3.00864577293396
2.9958994388580322
3.0240461826324463
3.08382511138916
2.605008602142334
2.5696299076080322
2.552558660507202
2.582519769668579
2.5866098403930664
2.6230788230895996
0
0
0
0
0
0
0
0
0
0
0
0
0
0
0
0
0
0
0
0
0
0
3.3163440227508545
3.211855411529541
3.195476531982422
3.1921632289886475
3.189810276031494
3.259089708328247
0
0
2.917968273162842
2.8643884658813477
2.8242735862731934
2.824845552444458
2.8641343116760254
2.9017043113708496
3.4559426307678223
0
0
0
0
0
0
0
0
0
0
0
0
0
0
1.2292381525039673
1.1990857124328613
1.179053783416748
1.1480644941329956
1.162013292312622
1.1455837488174438
1.1566177606582642
1.1636353731155396
1.1455451250076294
1.1397626399993896
1.1601203680038452
1.1862070560455322
1.2178210020065308
1.2365400791168213
1.678183913230896
1.6815418004989624
1.6877543926239014
1.7351957559585571
1.7601381540298462
2.201859474182129
2.150721311569214
2.126386880874634
2.100208044052124
2.0897483825683594
1.2022323608398438
1.199883222579956
1.1625010967254639
1.1382428407669067
1.14424467086792
1.1342521905899048
1.1234488487243652
1.1091598272323608
1.1234217882156372
1.1394988298416138
1.1300307512283325
1.1320241689682007
1.1504744291305542
1.1776657104492188
1.2185503244400024
0
0
0
0
0
0
0
0
0
0
0
0
0
0
0
0
0
0
0
0
0
0
0
