0
0
0
0
0
1.9211534261703491
1.9003866910934448
1.896056890487671
1.9053834676742554
1.8797684907913208
1.8797601461410522
1.9091882705688477
1.9228992462158203
1.9640549421310425
0
0
0
0
0
0
0
0
0
0
0
0
0
0
0
0
0
0
0
0
2.0508229732513428
1.9992892742156982
1.962356448173523
1.969494104385376
1.9627230167388916
1.9465720653533936
0.6489365696907043
0.6214197278022766
0.6136054396629333
0.610076904296875
0.5962534546852112
0.6036047339439392
0.5756223201751709
0.5644218921661377
0.5826449394226074
0.565133810043335
0.5500889420509338
0.5594576001167297
0.5705019235610962
0.553921639919281
0.5343112945556641
0.5562824606895447
0.5586020350456238
0.5754506587982178
0.5677562952041626
0.5866219401359558
0.5986178517341614
0.5756701231002808
0.6112442016601562
0.6087272763252258
0.6387584209442139
0.69643634557724
3.472764730453491
3.5
0
0
0
0
0
0
0
0
0
0
0
0
0
0
0
0
1.6684764623641968
1.6401448249816895
1.6076788902282715
1.6151213645935059
1.59395170211792
1.611840844154358
1.6136776208877563
1.6188602447509766
1.6607112884521484
1.670615792274475
2.6644763946533203
2.682847261428833
2.6699776649475098
2.7378029823303223
0
0
0
0
0
0
0
0
0
0
0
0
0
0
0
0
0
0
0
0
0
0
0
0
0
0
0
0
2.5385711193084717
2.493637800216675
2.460695266723633
1.5882790088653564
1.525002360343933
1.5162614583969116
1.4742012023925781
1.4727263450622559
1.4683952331542969
1.4926095008850098
1.470619797706604
1.478026270866394
1.5115536451339722
1.5319511890411377
0
0
0
0
0
0
0
0
0
0
0
0
0
0
0.6289306879043579
0.5912585854530334
0.5508572459220886
0.5398936867713928
0.5423130989074707
0.5524824261665344
0.5359721183776855
0.5171618461608887
0.4974410831928253
0.5027294158935547
0.5176323652267456
0.519530177116394
0.5054020285606384
0.49956968426704407
0.49565404653549194
0.5036985278129578
0.5122057795524597
0.5037562847137451
0.5004639029502869
0.5180624723434448
0.5155471563339233
0.5267711877822876
0.5277350544929504
0.5330192446708679
0.5477367043495178
0.5683260560035706
0.5617807507514954
0.61565762758255
0
0
0
0
0
0
0
0
0
0
0
0
0
0
0
0
0
0
0
0
0
0
0
0
0
0
0
0
0
0
0
0
0
0
0
0
0
0
0
0
0
0
0
0
0
0
0.7360547780990601
0.6957353949546814
0.6909139752388
0.6634036302566528
0.6610316634178162
0.6633104085922241
0.6511642336845398
0.674311101436615
0.6410743594169617
0.6506907343864441
0.6478250026702881
0.6472175121307373
0.643608570098877
0.6539486646652222
0.6422860622406006
0.6461507081985474
0.6628958582878113
0.6532770395278931
0.6898698210716248
0.6926448941230774
0.6905747652053833
0.7199507355690002
0
0
0
0
0
1.9505914449691772
1.8873716592788696
1.8824591636657715
1.8881081342697144
1.870072841644287
1.8713281154632568
1.8850719928741455
1.9083776473999023
1.9667216539382935
2.8536267280578613
2.8134825229644775
2.848994255065918
2.902378797531128
0
0
0
0
0
0
0
0
0
0
0
0
0
0
0
0
0
0
0
0
0
0
0
0
0
0
0
0
0
0
0
0
0
0
2.309680461883545
2.2859175205230713
2.241024971008301
2.2519381046295166
1.6875405311584473
1.6572881937026978
1.6546019315719604
1.6308990716934204
1.628568172454834
1.6111410856246948
1.6366233825683594
1.6218171119689941
1.665369987487793
1.6833723783493042
0
0
0
0
0
0
3.396793842315674
3.342447280883789
3.3174617290496826
3.301520586013794
3.316394090652466
3.3693630695343018
0
0
0
0
0
0
0.7981157302856445
0.7581225633621216
0.7567793726921082
0.7293221950531006
0.713960587978363
0.7292346954345703
0.7017878293991089
0.6967440247535706
0.7109484076499939
0.7059375047683716
0.6929655075073242
0.7135021090507507
0.7250816822052002
0.7120481729507446
0.7310909032821655
0.7301849126815796
0.7309034466743469
0.7493902444839478
0.7705809473991394
0.7817630171775818
0.8235464692115784
0
0
0
0
0
