0
0
0
0
0
0
0
0
0
0
0
0
0
0
0
0
0
0
0
0
0
0
1.9832549095153809
1.9306749105453491
1.904658555984497
1.898973822593689
1.881636381149292
1.8881779909133911
1.8883132934570312
1.930916428565979
1.9441859722137451
0
3.481854200363159
3.4743945598602295
3.4533402919769287
3.4173004627227783
3.3721506595611572
3.375662326812744
3.3571362495422363
3.309404134750366
3.300712823867798
3.29048490524292
3.255234479904175
3.241137981414795
3.22512149810791
3.224804639816284
3.2267348766326904
3.185138463973999
3.1646251678466797
3.1954312324523926
3.1509244441986084
3.1571619510650635
3.138582944869995
3.1242969036102295
3.143422842025757
3.1218013763427734
3.1287918090820312
3.147489309310913
3.130599021911621
3.1243674755096436
3.1314709186553955
3.1374311447143555
3.137737274169922
3.135171890258789
3.146752119064331
3.1633594036102295
3.1704957485198975
3.190974473953247
3.1633591651916504
3.1852736473083496
3.190058469772339
3.222102403640747
3.2196784019470215
3.2328803539276123
3.2637100219726562
3.2639191150665283
3.2887656688690186
3.2698516845703125
3.3219971656799316
3.3367695808410645
1.5858561992645264
1.5904632806777954
1.5675104856491089
1.5795224905014038
1.5531585216522217
1.5660598278045654
1.5361565351486206
1.5609406232833862
1.5585671663284302
1.5417159795761108
1.5707134008407593
1.555741786956787
1.5727981328964233
1.561558723449707
1.56040620803833
1.5537527799606323
1.5544040203094482
1.5724190473556519
1.5675556659698486
1.5875537395477295
1.573906421661377
1.5985394716262817
1.5913280248641968
1.6010410785675049
1.6190063953399658
1.6177074909210205
1.6191816329956055
1.6187107563018799
1.6382514238357544
1.6348848342895508
1.6646989583969116
1.6621415615081787
1.659134864807129
1.6934373378753662
1.7104604244232178
1.7238752841949463
1.7323946952819824
1.7475889921188354
1.752502679824829
1.76802659034729
1.7738440036773682
1.812941551208496
1.8382011651992798
1.840163230895996
1.867931604385376
1.8849928379058838
1.907239317893982
1.928059697151184
1.9614677429199219
1.9889485836029053
2.028337240219116
2.049772262573242
2.0878071784973145
2.1175436973571777
2.1514480113983154
2.192591667175293
2.2019715309143066
2.276352643966675
2.3058977127075195
2.3442890644073486
2.4137418270111084
2.4609525203704834
2.5135393142700195
2.5698909759521484
0.8695625066757202
0.8035931587219238
0.779269278049469
0.7720161080360413
0.7585603594779968
0.7339141964912415
0.7191634178161621
0.7170575857162476
0.7192432284355164
0.7258626818656921
0.7125807404518127
0.7457984089851379
0.7283053398132324
0.723381519317627
0.7451701760292053
0.7508471012115479
0.7409300804138184
0.7659618854522705
0.7669278383255005
0.8030957579612732
0.8323752880096436
3.341625690460205
3.357839822769165
3.3505594730377197
3.354173183441162
3.3756585121154785
3.39439058303833
3.3932852745056152
3.415513515472412
3.422973155975342
3.427932024002075
3.4400947093963623
3.4626636505126953
3.480402708053589
0
0
0
0
0
0
0
0
0
0
0
0
0
0
0
0
0
0
0
0
0
0
0
0
0
0
0
0
0
0
0
2.8151378631591797
2.7174265384674072
2.713419198989868
2.6838903427124023
2.693911075592041
2.7228097915649414
2.7954609394073486
0
0
0
1.9320809841156006
1.868325114250183
1.8508565425872803
1.8175642490386963
1.8381284475326538
1.8426856994628906
1.8360906839370728
1.8714721202850342
1.9003329277038574
0
0
0
0
0
0
0
0
0
0
0
0
0
0
0
0
0
0
0
0
0
0
0
0
0
2.3142638206481934
2.2132720947265625
2.15372896194458
2.107555627822876
2.1235029697418213
2.149696111679077
2.1780295372009277
2.181814432144165
2.221881628036499
2.2615044116973877
2.279846429824829
2.3239810466766357
2.3477132320404053
2.3768093585968018
2.4081828594207764
2.4450056552886963
0.53924161195755
0.5168287754058838
0.523919939994812
0.46830108761787415
0.473989874124527
0.45746907591819763
0.47037580609321594
0.4532431960105896
0.468797892332077
0.4578607380390167
0.4520384967327118
0.45041748881340027
0.4515988528728485
0.46868884563446045
0.4502852261066437
0.44798585772514343
0.43003830313682556
0.45514023303985596
0.4450116455554962
0.4499802589416504
0.45314648747444153
0.46905916929244995
0.44695863127708435
0.463427871465683
0.4740498661994934
0.4554712176322937
0.49542975425720215
0.5062503218650818
0.5165048241615295
0.5243270993232727
0.5656731724739075
3.2942028045654297
3.2182555198669434
3.1812760829925537
3.1736207008361816
3.1880171298980713
3.2319693565368652
0
0
0
0
0
2.1605424880981445
2.08394455909729
2.0461668968200684
2.051961898803711
2.0451323986053467
2.045902967453003
2.062896490097046
2.0757651329040527
2.1161599159240723
0
0
0
0
0
0
0
0
0
0
0
0
0
0
0
0
0
2.4259471893310547
2.3750691413879395
2.350987195968628
2.3312509059906006
2.344158172607422
2.3464975357055664
2.3800227642059326
2.4578890800476074
0
0
0
0
0
0
0
0
0
0
0
0
0
0
0
