0
0
2.0425872802734375
1.9992389678955078
1.9595342874526978
1.947240948677063
1.9507609605789185
1.9287675619125366
1.9422296285629272
1.9575213193893433
1.9955261945724487
0
0
0
0
0
1.4177957773208618
1.3727182149887085
1.3676215410232544
0
0
0
0
0
0
0
0
0
0
0
0
0
0
0
0
0
0
0
0
0
0.8944033980369568
0.8609456419944763
0.8532232046127319
0.8103199005126953
0.8132033944129944
0.7830531001091003
0.7856078743934631
0.7944566607475281
0.7903788089752197
0.7980734705924988
0.8038771152496338
0.8033597469329834
0.7771240472793579
0.8024224638938904
0.8054390549659729
0.8149908781051636
0.829214334487915
0.840482234954834
0.8721552491188049
0.9146226644515991
0
0
2.2049753665924072
2.2631618976593018
2.347106695175171
2.4473681449890137
2.5336482524871826
2.5559377670288086
2.5157790184020996
2.485806465148926
2.5023131370544434
2.4591968059539795
2.4409573078155518
2.4325578212738037
2.4253320693969727
2.4059500694274902
2.399442434310913
2.3852109909057617
2.3945934772491455
2.382997512817383
2.3777194023132324
2.373694896697998
2.362889051437378
2.36580491065979
2.327454090118408
2.357379674911499
1.9438891410827637
2.3053126335144043
2.3463058471679688
2.3365726470947266
2.331537961959839
2.3279151916503906
2.3477535247802734
2.337751865386963
2.334789514541626
2.3539445400238037
2.339752435684204
2.349544048309326
2.3622944355010986
2.358992576599121
2.3653252124786377
2.3725438117980957
2.3821492195129395
2.37955379486084
2.391422748565674
2.416334629058838
2.434634208679199
2.4393317699432373
2.46915602684021
2.3344550132751465
2.2259464263916016
2.133035898208618
2.089198589324951
2.5360472202301025
2.5448505878448486
2.564121723175049
2.6004743576049805
2.6180782318115234
2.642549514770508
2.6797850131988525
2.718291759490967
2.7186925411224365
2.759577751159668
2.7821884155273438
2.80523419380188
2.855473279953003
2.863447427749634
2.8085827827453613
2.7389402389526367
2.6807379722595215
2.6315152645111084
2.564774990081787
0
0
0
0
0
0
0
0
0
0
0
0
0
0
0
0
0.6065707802772522
0.6129876971244812
0.5779221653938293
0.5405659079551697
0.5423511266708374
0.5264391303062439
0.5243188738822937
0.529571533203125
0.49947869777679443
0.5138825178146362
0.49744272232055664
0.4872737228870392
0.505913496017456
0.46858423948287964
0.481047660112381
0.5153106451034546
0.5005354285240173
0.46844232082366943
0.47810980677604675
0.4933721125125885
0.4676849842071533
0.4939599931240082
0.48602932691574097
0.4789704978466034
0.485880970954895
0.5008260011672974
0.4992523789405823
0.49429652094841003
0.5013655424118042
0.5146374106407166
0.5240358710289001
0.5264009833335876
0.5478070974349976
0.5697211623191833
0.5631469488143921
0.5781987905502319
0.6138609647750854
0.6211025714874268
0.9151849746704102
0.9219837188720703
0.8858956694602966
0.8814860582351685
0.8774932026863098
0.8766841888427734
0.8854590654373169
0.8525826930999756
0.8806406855583191
0.8828781843185425
0.8947723507881165
0.8968754410743713
0.9019520282745361
0.9332218766212463
0.9469178318977356
0.973824679851532
0
1.7686725854873657
1.7317352294921875
1.6925699710845947
1.680471420288086
1.6550471782684326
1.639801263809204
1.6352323293685913
1.6323961019515991
1.6366620063781738
1.662304162979126
1.6542696952819824
1.6821212768554688
1.7172714471817017
1.7481812238693237
1.8228471279144287
2.852301836013794
2.687448263168335
2.6245267391204834
2.567486524581909
2.5289933681488037
2.491861343383789
2.486011505126953
2.4796578884124756
2.47135329246521
2.469672918319702
2.4506614208221436
2.471776247024536
2.458900213241577
2.490760326385498
2.520504951477051
2.529021978378296
2.5504069328308105
2.6060445308685303
2.690145969390869
2.7718794345855713
0
0
0
0
0
2.8129687309265137
2.7389540672302246
2.6840929985046387
2.642038583755493
2.646008253097534
2.632554054260254
2.6206839084625244
2.621807336807251
2.646939516067505
2.68888258934021
2.7093465328216553
2.78615403175354
0
0
0
0
0
0
0
0
0
0
0
0
0
0
0
0
0
0
0
0
0
0
0
0
0
0
0
1.9701838493347168
1.929442048072815
1.8929665088653564
1.8966543674468994
1.8951863050460815
1.905882477760315
1.9178173542022705
1.9584285020828247
2.010117769241333
0
0
0
0
0
0
0
0
0
0
0
0
0
0
0
0
0
0
1.8602375984191895
0.7223809361457825
0.663981556892395
0.6593042016029358
0.6289360523223877
0.6287695169448853
0.6164280772209167
0.5976934432983398
0.6070716381072998
0.6097747683525085
0.6045253276824951
0.5802722573280334
0.5906402468681335
0.5818641781806946
0.5892341136932373
0.5894129276275635
0.6002957820892334
0.5930169224739075
0.5931174755096436
0.6098200678825378
0.6086095571517944
0.6010839343070984
0.6148051619529724
0.6385047435760498
0.6463031768798828
0.679575502872467
2.380615234375
1.351415753364563
1.295133113861084
1.2664804458618164
1.2716487646102905
1.2330271005630493
1.2503796815872192
1.2561198472976685
1.2409273386001587
1.2551391124725342
1.2555428743362427
1.2793703079223633
1.2868167161941528
1.3217337131500244
2.584223508834839
2.6338071823120117
0
0
0
0
0
0
0
0
0
