0
2.8404533863067627
2.7928988933563232
2.778686285018921
2.7758193016052246
2.7879209518432617
2.799333333969116
2.89534330368042
0
0
0
0
1.626771092414856
1.5973169803619385
1.5597816705703735
1.5423386096954346
1.5453170537948608
1.5330861806869507
1.5314491987228394
1.5541783571243286
1.5600708723068237
1.5893017053604126
1.618103265762329
0
0
0
0
0
0
0
0
0
0
0
0
0
2.238445281982422
2.2001068592071533
2.1624388694763184
2.1594812870025635
2.1529150009155273
2.177933692932129
2.192312479019165
2.2337138652801514
0
0
0
0
0
0
0
0
0
0
0
0
0
0
0
0
0
0
0
0
0
0
0
0
0
0
0
0
0
0
0
0
0
0
0
0
0
0
0
0
0
0
0
0
0
0
0
0
0
0
0
0
0
0
0
0
0
0
0
0
0
0
0
0
0
0
0
0
0
0
0
0
0
0
0
0
0
0
0
0
0
2.1082301139831543
2.086599588394165
2.078460216522217
2.059025287628174
2.078824758529663
2.0646023750305176
2.1075491905212402
2.218928575515747
3.47517728805542
3.43955659866333
3.4105043411254883
3.403831720352173
2.4451708793640137
1.9481287002563477
1.9107818603515625
1.882792592048645
1.8798285722732544
1.878713607788086
1.8897266387939453
1.9058510065078735
1.95200514793396
3.146359920501709
3.1581287384033203
3.124192476272583
3.117830514907837
2.246713161468506
2.180340528488159
2.1534032821655273
2.1254982948303223
2.126770257949829
2.1362688541412354
2.1780142784118652
2.191852331161499
3.0267820358276367
3.007107734680176
3.019228935241699
3.0152437686920166
3.011641502380371
3.012986421585083
3.0307745933532715
3.0225183963775635
3.014791488647461
3.0420682430267334
3.023397445678711
3.0392494201660156
3.018035411834717
3.046833038330078
1.2185661792755127
1.2085295915603638
3.0715301036834717
3.072754383087158
3.4263131618499756
3.211397647857666
3.1460258960723877
3.160942554473877
3.184863805770874
3.2064642906188965
3.2157065868377686
3.227325677871704
3.2689762115478516
3.3006601333618164
3.3147194385528564
3.3404784202575684
3.353951930999756
2.814645528793335
2.7696805000305176
2.772307872772217
2.7875938415527344
2.787003755569458
2.8312747478485107
0
0
0
2.5858609676361084
2.531339168548584
2.5215353965759277
2.530794620513916
2.5363357067108154
2.546257734298706
2.6055855751037598
0
0
0
0
0
0
0
0
0
0
0
0
0
0
0
0
0
0
0
0
0
0
0
0
0
0
0
0
0
0
0
0
3.400137424468994
0
0
0
0
0
0
0
0
0
0
0
0
0
0
0
0
0
0
0
0
0
0
0
3.177672863006592
3.1343913078308105
3.114222764968872
3.117208242416382
3.1412861347198486
3.2725419998168945
0
0
0
2.4018378257751465
2.296241283416748
2.288170099258423
2.2563483715057373
2.2550976276397705
2.271674633026123
2.278155565261841
2.302856922149658
0
0
0
0
0
0
0
0
0
0
0
0
0
0
0
0
0
0
0
0
0
3.2763864994049072
1.640753984451294
1.6020039319992065
1.5557645559310913
1.5641188621520996
1.5327951908111572
1.5342341661453247
1.5410674810409546
1.5558346509933472
1.5647317171096802
1.5793037414550781
1.62509024143219
0
0
0
0
0
0
2.829362154006958
2.758580446243286
2.755058526992798
2.7383694648742676
2.7350902557373047
2.7808010578155518
2.8335533142089844
0
0
0
0
0
1.4383347034454346
1.3801876306533813
1.3370569944381714
1.3421170711517334
1.330489993095398
1.3169598579406738
1.3114005327224731
1.332784652709961
1.297598958015442
1.321872591972351
1.3462566137313843
1.3436955213546753
1.4049023389816284
0
0
0
0
0
0
0
0
0
0
0
0
0
0
0
0
0
0
