1.3924264907836914
1.359571099281311
1.3480256795883179
1.3219833374023438
1.323443055152893
1.314143180847168
1.3252034187316895
1.3814934492111206
1.340435266494751
1.377000331878662
1.3962904214859009
0
0
0
0
0
0
0
0
0
0
0
0
0
0
0
0
0
0
0
0
0
0
0
0
0
2.5539424419403076
2.478041887283325
2.452465772628784
2.436750888824463
2.4180548191070557
2.452298879623413
2.482991933822632
2.546536684036255
0
0
0
0
0
0
0
0
0
0
3.403668165206909
3.346766710281372
1.5657315254211426
1.5043665170669556
1.467665672302246
1.4358596801757812
1.4428044557571411
1.4404555559158325
1.4412208795547485
1.446347713470459
1.4511959552764893
1.4650622606277466
1.493127465248108
1.5213545560836792
0
0
0
0
0
3.0272328853607178
2.9320764541625977
2.915011167526245
2.920280694961548
2.9028618335723877
2.9483377933502197
0
0
0
0
0
0
0
0
0
0
0
0
0
0
0
0
0
0
0
0
0
0
0
0
3.2108798027038574
3.166339635848999
3.1522533893585205
3.170931577682495
3.2029128074645996
0
0
0
0
0
0
0
0
0
0
0
1.7199453115463257
1.663076639175415
1.676340937614441
1.635941743850708
1.6490569114685059
1.6510943174362183
1.6651427745819092
1.662142276763916
1.6895356178283691
1.7634656429290771
0
0
0
0
0
0
0
0
0
0
0
0
0
0
0
0
0
0
0
0
0
0
0.8854655027389526
0.8518550992012024
0.8593471646308899
0.8872365951538086
3.0497682094573975
0
0
0
0
0
0
0
0
0
0
0
0
0
0
0
0
0
0
0
0
0
0
0
0
3.0824005603790283
3.0311670303344727
3.0211424827575684
3.023165702819824
3.0462732315063477
1.9849554300308228
1.9057972431182861
1.8608285188674927
0.7580558657646179
0.7227599024772644
0.6947569847106934
0.6787904500961304
0.6885069012641907
0.6551777720451355
0.6551072001457214
0.6675379276275635
0.661036491394043
0.6461754441261292
0.6543034911155701
0.6511098146438599
0.6610628962516785
0.6311567425727844
0.6649056673049927
0.6642180681228638
0.6807940602302551
0.6870513558387756
0.675116777420044
0.7096669673919678
0.6953486204147339
0.7378441691398621
0.7666690945625305
0
0
0
0
0
0
0
0
0
0
0
0
0
0
0
0
3.487368106842041
3.4874565601348877
3.488050699234009
0
0
0
0
1.4371130466461182
1.4239988327026367
1.4566826820373535
3.099304676055908
3.133674144744873
0
0
0
0
0
2.846391201019287
2.7846124172210693
2.769411087036133
2.786616563796997
2.8030946254730225
2.856999397277832
0
0
0
0
0
0
0
0
0
0
0
0
0
0
0
0
0
0
0
0
0
0
0
0
0
0
0
0
0
0
0
0
0
0
0
0
0
0
0
0
0
0
0
0
0
0
0
0
0
0
0
0
0
0
0
2.0441932678222656
1.982865571975708
1.9788979291915894
1.9696803092956543
1.9376046657562256
1.9616105556488037
1.9771937131881714
1.9725760221481323
2.0186562538146973
0
0
0
0
0
0
0
0
0
0
0
0
0
0
0
0
0
0
0
0
0
0
0
0
0
0
0
0
0
0
0
0
2.483743906021118
2.522770643234253
0
0
0
0
0
0
0
0
0
0
1.4176712036132812
1.3972947597503662
