0
0
2.0502562522888184
1.9955531358718872
1.9549452066421509
1.956194281578064
1.9279069900512695
1.9477293491363525
1.9550256729125977
1.9826931953430176
1.9999490976333618
0
0
0
0
0
1.3875280618667603
1.3742278814315796
1.3844358921051025
0
0
0
0
0
0
0
0
0
0
0
0
0
0
0
0
0
0
0
0
0
0.9058115482330322
0.8585067391395569
0.8386119604110718
0.818520188331604
0.8010432124137878
0.8154008984565735
0.786191999912262
0.8080174922943115
0.8023832440376282
0.7919812202453613
0.797021210193634
0.7887842655181885
0.806485116481781
0.8015406131744385
0.8106144070625305
0.811398446559906
0.8283406496047974
0.8494160771369934
0.8877865076065063
0.8997094035148621
0
0
2.18729829788208
2.2819931507110596
2.3766629695892334
2.4707694053649902
2.572571039199829
2.5343358516693115
2.5035130977630615
2.4965226650238037
2.4757940769195557
2.472750663757324
2.4451496601104736
2.437075138092041
2.4290266036987305
2.419281244277954
2.4047746658325195
2.402850389480591
2.3941750526428223
2.402487277984619
2.3855435848236084
2.3553218841552734
2.345471143722534
2.3415751457214355
2.355053663253784
2.347971200942993
1.9560766220092773
2.3040285110473633
2.3370044231414795
2.326072931289673
2.333237648010254
2.338329792022705
2.3123574256896973
2.3473973274230957
2.3346145153045654
2.3238816261291504
2.3204567432403564
2.3737194538116455
2.3422257900238037
2.3747730255126953
2.365407705307007
2.365140914916992
2.4036219120025635
2.4030745029449463
2.4100592136383057
2.418799877166748
2.4325428009033203
2.4451181888580322
2.4343998432159424
2.339319944381714
2.22514009475708
2.102146863937378
2.0976624488830566
2.5292348861694336
2.545668601989746
2.5851027965545654
2.603100538253784
2.641597270965576
2.634430408477783
2.6690287590026855
2.7045013904571533
2.722736120223999
2.7544686794281006
2.788027286529541
2.7988016605377197
2.8447511196136475
2.858348846435547
2.8041019439697266
2.7278003692626953
2.6678667068481445
2.62699031829834
2.5745511054992676
0
0
0
0
0
0
0
0
0
0
0
0
0
0
0
0
0.6022034287452698
0.5978906154632568
0.5573883056640625
0.5672199726104736
0.5201579928398132
0.5295037031173706
0.5102518200874329
0.5281160473823547
0.5088538527488708
0.5189750790596008
0.5043379664421082
0.48604097962379456
0.4903315603733063
0.48361560702323914
0.49153098464012146
0.48882392048835754
0.46893346309661865
0.4825931489467621
0.47107115387916565
0.49299442768096924
0.48966652154922485
0.48406705260276794
0.5024996995925903
0.47438228130340576
0.502382755279541
0.48579564690589905
0.49483752250671387
0.5044797658920288
0.5164142847061157
0.5141060948371887
0.52375328540802
0.5178182125091553
0.5298973321914673
0.5314339995384216
0.5500423312187195
0.5850082039833069
0.5916981101036072
0.6172168254852295
0.9231036901473999
0.9114096164703369
0.8894522190093994
0.8773710131645203
0.8727012276649475
0.8662126064300537
0.8616814613342285
0.8870294094085693
0.8633779287338257
0.886014997959137
0.8798097372055054
0.8886228799819946
0.8993839025497437
0.9331966638565063
0.9357447624206543
1.0157338380813599
0
1.778115153312683
1.7232617139816284
1.6869261264801025
1.6803773641586304
1.650154948234558
1.6532270908355713
1.638643503189087
1.6461946964263916
1.662862777709961
1.6366894245147705
1.6741859912872314
1.6893624067306519
1.704200267791748
1.7632529735565186
1.8265941143035889
2.84737491607666
2.7178003787994385
2.604013204574585
2.5691699981689453
2.5442988872528076
2.5068721771240234
2.481456756591797
2.4749529361724854
2.458928108215332
2.452354669570923
2.4666295051574707
2.467261552810669
2.459503650665283
2.4779038429260254
2.499863624572754
2.5151259899139404
2.5810389518737793
2.6069412231445312
2.67289662361145
2.788074493408203
0
0
0
0
0
2.836939811706543
2.7485852241516113
2.6740803718566895
2.6514320373535156
2.6280267238616943
2.6123502254486084
2.610427141189575
2.6267471313476562
2.6598286628723145
2.6634280681610107
2.7290306091308594
2.777033567428589
0
0
0
0
0
0
0
0
0
0
0
0
0
0
0
0
0
0
0
0
0
0
0
0
0
0
0
1.9579943418502808
1.9318609237670898
1.916656494140625
1.8995083570480347
1.896762490272522
1.900188684463501
1.9134559631347656
1.964767575263977
2.0075180530548096
0
0
0
0
0
0
0
0
0
0
0
0
0
0
0
0
0
0
1.861840844154358
0.6922324895858765
0.6679619550704956
0.6586856245994568
0.62982177734375
0.6261860728263855
0.6229847073554993
0.6129935383796692
0.5984662175178528
0.5959303975105286
0.6058200597763062
0.5948975086212158
0.5821356773376465
0.604165256023407
0.5904185771942139
0.5916397571563721
0.5947913527488708
0.6007792949676514
0.5935999751091003
0.6050060391426086
0.6160117983818054
0.6135223507881165
0.638458251953125
0.6633133888244629
0.659216046333313
0.6823154091835022
2.398991107940674
1.3480345010757446
1.2911731004714966
1.2782114744186401
1.26582932472229
1.2388269901275635
1.2357593774795532
1.2276747226715088
1.237791657447815
1.2461222410202026
1.2482433319091797
1.2820444107055664
1.2866549491882324
1.3222931623458862
2.612224817276001
2.633091449737549
0
0
0
0
0
0
0
0
0
