0.6906899213790894
0.705742597579956
0.6953687071800232
0.7035447359085083
0.7121669054031372
0.7328642010688782
0.7178813219070435
0.7432922124862671
0.763582170009613
0.786758303642273
0.8238702416419983
0
0
0
0
0
0
0
0
0
0
0
0
0
0
0
0
0
0
0
0
0
0
0
0
0
0
0
0
0
0
0
0
0
0
0
0
0
0
0
0
0
0
0
0
0
0
0
0
0
0
0
3.2203481197357178
3.165189504623413
3.1439642906188965
3.150606632232666
3.1664817333221436
3.250617265701294
0.98805171251297
1.0085759162902832
1.0574606657028198
1.0782455205917358
1.1214467287063599
1.1657730340957642
1.2066514492034912
1.273121953010559
1.2982103824615479
1.3444589376449585
1.3346571922302246
1.3089847564697266
1.3233026266098022
1.3035101890563965
1.314942479133606
1.3004757165908813
1.299318552017212
1.3048911094665527
1.2840653657913208
1.277968168258667
1.2855561971664429
1.2683535814285278
1.274759292602539
1.2488864660263062
1.274177074432373
1.2651517391204834
1.266140341758728
1.2529761791229248
1.2535879611968994
1.243188500404358
1.2685420513153076
1.254085659980774
1.262853741645813
1.2583223581314087
1.2670401334762573
1.2721627950668335
1.2612249851226807
1.2537037134170532
1.2687175273895264
1.2642171382904053
1.2686628103256226
1.2783396244049072
1.2544547319412231
1.2998583316802979
1.29437255859375
1.313552737236023
1.3291215896606445
1.2957364320755005
1.2488110065460205
1.1735199689865112
1.1311649084091187
1.0648858547210693
1.04583740234375
0.9836680889129639
0.9647908210754395
0.951049268245697
1.2650686502456665
1.2136223316192627
1.187287449836731
1.13960599899292
1.1157981157302856
1.0590959787368774
1.0427911281585693
1.0470224618911743
1.5503870248794556
1.5710622072219849
1.5928926467895508
1.6093616485595703
1.6237177848815918
1.6605989933013916
1.6721268892288208
1.6872355937957764
1.7313077449798584
1.7543377876281738
1.7936205863952637
1.8165940046310425
1.8505064249038696
1.8882509469985962
1.9363206624984741
1.9253168106079102
1.8880409002304077
1.8708997964859009
1.8514291048049927
1.8404831886291504
1.7979626655578613
1.7802315950393677
1.761204719543457
1.7295656204223633
1.711363434791565
0
0
0
0
0
2.4480292797088623
2.40073823928833
2.3891735076904297
2.3813436031341553
2.39557147026062
2.409550666809082
2.4810802936553955
0
0
0
0
0
0
0
0.5233890414237976
0.4982651472091675
0.4700333774089813
0.4571387767791748
0.45041781663894653
0.436249703168869
0.4387015700340271
0.42737534642219543
0.42468520998954773
0.43915238976478577
0.4279766380786896
0.41547703742980957
0.42548903822898865
0.4212944209575653
0.40851300954818726
0.42075368762016296
0.4216121435165405
0.4280123710632324
0.4165148437023163
0.417137086391449
0.4085069000720978
0.4256154000759125
0.42425158619880676
0.4237019121646881
0.4421425759792328
0.44809696078300476
0.45744889974594116
0.46190303564071655
0.46475788950920105
0.46581321954727173
0.4860423803329468
0.5232287049293518
0
0
0
0
0
0
0
0
0
0
2.3953685760498047
2.2999868392944336
2.2801566123962402
2.282273769378662
2.2790465354919434
2.290989637374878
2.2964670658111572
2.366551160812378
0
0
0
0
0
0
0
0
0
0
0
0
0
0
0
0
0
3.3998706340789795
0
0
0
0
0
0
0
0
0
0
1.3665438890457153
1.3066043853759766
1.2535184621810913
1.249322772026062
1.2298014163970947
1.237876296043396
1.2211196422576904
1.2262325286865234
1.2370092868804932
1.237097978591919
1.221909761428833
1.2651970386505127
1.2813564538955688
1.3492474555969238
0
0
0
0
0
0
0
0
0
0
0
0
0
0
0
0
0
0
0
0
0
0
0
0
0
0
0
0
0
0
0
0
0
0
0
0
1.4000428915023804
1.3601824045181274
1.351176381111145
1.3209813833236694
1.2977372407913208
1.297913908958435
1.2941241264343262
1.2878862619400024
1.3220270872116089
1.3126243352890015
1.3306584358215332
1.3423562049865723
1.4148210287094116
0
0
0
0
0
0
0
0
0
0
0
0
0
0
0
2.4731314182281494
2.4268267154693604
2.3914918899536133
2.376293182373047
2.361353874206543
2.390397310256958
2.412139654159546
2.5016157627105713
3.180891990661621
3.101383924484253
3.0851290225982666
3.076946258544922
3.0826990604400635
3.132546901702881
0
0
0.8164357542991638
0.7670295238494873
0.7465202212333679
0.7277320027351379
0.7286203503608704
0.7318738698959351
0.7273138165473938
0.7111770510673523
0.7060840725898743
0.7156466841697693
0.694756031036377
0.6865671873092651
