2.057720422744751
2.0511648654937744
2.0899369716644287
2.1305184364318848
2.1512229442596436
2.191314458847046
2.229038953781128
2.1733906269073486
2.140197277069092
2.101972818374634
2.075432300567627
2.046430826187134
2.011401891708374
1.9538347721099854
1.9368054866790771
0
0
0
0
0
0
0
0
0
0
0
0
0
0
0
0
0
0
0
0
0
0
0
0
0
0
0
0
0
0
1.6299374103546143
1.654436469078064
1.6364812850952148
1.6328693628311157
1.6418535709381104
1.6424734592437744
1.649868130683899
1.6365636587142944
1.6414541006088257
1.6260255575180054
1.6342693567276
1.6374694108963013
1.638838291168213
1.617075800895691
2.126152515411377
1.7599096298217773
1.6505783796310425
1.654322624206543
1.6568890810012817
1.6426043510437012
1.6916297674179077
1.6906424760818481
1.6781511306762695
1.6972451210021973
1.7102351188659668
1.7079496383666992
1.7332801818847656
1.7335143089294434
1.7396328449249268
0
0
0
0
0
0
0
0
0
0
0
3.4521219730377197
3.4879162311553955
0
0
0
0
0
0
3.466956615447998
3.405975103378296
2.7601585388183594
2.806079149246216
2.6343226432800293
2.6059112548828125
2.519817352294922
2.489729166030884
2.4691951274871826
2.4118638038635254
3.0235795974731445
3.0957608222961426
3.1650643348693848
3.237339496612549
3.3143138885498047
3.325404644012451
3.2896623611450195
3.2459325790405273
3.207049608230591
3.1694347858428955
3.1472878456115723
0
1.9290961027145386
1.8805210590362549
1.8446376323699951
1.7972311973571777
1.7756450176239014
1.7126723527908325
1.6746203899383545
1.6697863340377808
2.240868091583252
2.2759971618652344
2.3157870769500732
2.368729829788208
2.386775493621826
2.446159601211548
2.4835684299468994
0.5913295745849609
0.6017107367515564
0.5921805500984192
0.6025100350379944
0.5918423533439636
2.4483892917633057
2.421928882598877
2.3724119663238525
2.3559558391571045
0
0
0
0
0
0
0
0
0
0
0
0
0
0
0
0
0
0
0
0
0
0
0
0
0
0
0
0
0
0
0
0
0
0
0
0
0
0
0
0
0
0
0
0
1.9856116771697998
2.013737201690674
2.048363208770752
2.0637576580047607
2.1250369548797607
2.1405653953552246
2.19873309135437
2.219517707824707
2.2815101146698
2.285341739654541
1.6731337308883667
1.6632660627365112
1.7101483345031738
1.7626200914382935
1.7882555723190308
1.8325453996658325
1.8792250156402588
1.943520426750183
1.9905012845993042
2.8923110961914062
2.8697540760040283
2.851916790008545
2.829085350036621
2.8006250858306885
2.779043436050415
2.7600648403167725
2.721389055252075
2.6944966316223145
2.664050817489624
2.6480252742767334
2.617030382156372
2.6314563751220703
2.615389823913574
2.5958852767944336
2.5771710872650146
2.565964460372925
2.5557737350463867
2.537513017654419
2.529578685760498
2.5540690422058105
2.780508041381836
2.5495214462280273
2.5377750396728516
2.5454158782958984
2.539534330368042
2.5355541706085205
2.5132381916046143
2.5050246715545654
2.5209951400756836
2.5215859413146973
2.5185327529907227
2.515223979949951
2.5058295726776123
2.5352461338043213
2.509957790374756
2.516162395477295
2.530815839767456
2.5279321670532227
2.525388479232788
2.5322580337524414
2.5332138538360596
2.563533067703247
2.56147837638855
2.584477663040161
2.564387559890747
2.606001615524292
2.607285737991333
2.6335642337799072
2.623749256134033
2.6442079544067383
2.656712055206299
2.661367177963257
2.6734092235565186
2.7116360664367676
2.745041608810425
2.7456092834472656
2.7797553539276123
2.7891204357147217
2.8306753635406494
2.859891891479492
2.8752713203430176
2.899310827255249
2.932908773422241
2.968132257461548
0.9754087328910828
0.9620482921600342
0.9574403166770935
2.1656739711761475
2.125020742416382
2.0747132301330566
2.0216121673583984
1.9863715171813965
1.9490092992782593
2.4874603748321533
2.5506343841552734
2.586796283721924
2.635444402694702
2.6691462993621826
2.7407398223876953
2.794426202774048
2.847193479537964
2.8316547870635986
2.7877886295318604
2.7663397789001465
2.729214668273926
2.6822547912597656
2.674680471420288
2.6283562183380127
0
0
0
0
0
0
0
0
0
0
0
0
0
0
0
0
0
1.336324691772461
1.4149739742279053
1.5058064460754395
1.626595139503479
1.6859099864959717
1.6844942569732666
1.6685465574264526
1.6691635847091675
1.6695671081542969
1.654876947402954
1.6702094078063965
1.6513268947601318
1.6545740365982056
1.641587495803833
1.66659414768219
1.6548479795455933
1.677403450012207
1.6603857278823853
1.6499017477035522
1.653958797454834
1.6477843523025513
1.653300166130066
1.6729310750961304
1.6734700202941895
1.6704591512680054
1.6761739253997803
1.6895952224731445
1.692592978477478
1.702075719833374
1.711307168006897
1.7291051149368286
1.718551754951477
1.7218953371047974
1.7399160861968994
1.659791350364685
1.5725011825561523
1.5037715435028076
1.4320423603057861
1.3624058961868286
1.4621162414550781
1.4225220680236816
1.4085254669189453
1.862673044204712
1.8689807653427124
1.8868776559829712
1.8967852592468262
1.9299684762954712
1.945359468460083
1.966652750968933
2.0072057247161865
2.027522325515747
2.025503396987915
