0
0
0
0
0
0
0
1.3463245630264282
1.333965539932251
1.3095179796218872
1.2787160873413086
1.2858834266662598
1.2711983919143677
1.2849268913269043
1.2827240228652954
1.2730624675750732
1.2977023124694824
1.3099465370178223
1.3502005338668823
1.3867446184158325
3.314906358718872
3.338651657104492
3.311854600906372
3.3102548122406006
3.321542978286743
3.3409314155578613
3.361084222793579
3.353654623031616
3.3637490272521973
3.370131254196167
3.391840696334839
3.3706793785095215
3.3990206718444824
3.4380178451538086
3.4344751834869385
3.427212953567505
3.4636693000793457
3.4838802814483643
0
0
0
0
0
0
0
0
0
0
0
0
0
0
0
2.6043975353240967
2.5318796634674072
2.526350736618042
2.487806558609009
2.504951000213623
2.5163700580596924
2.565387010574341
0
0
0
0
0
0
0
0
0
0
0
0
0
0
0
0
0
0
0
0
0
0
0
0
0
0
0
0
0
0
0
0
0
0
0
0
0
0
0
0
0
0
0
0
2.1407907009124756
0
0
0
0
0
0
0
0
0
0
0
0
0
0
0
0
0
0
0
0
0
0
0
0
0
0
0
0
0
3.4902820587158203
3.4875705242156982
0
0
0
0
0
0
0
0
0
0
0
0
0
0
0
0
0
0
0
0
0
0
0
0
0
0
0
2.624112844467163
0.9028766751289368
0.8314358592033386
0.7998991012573242
0.7794911861419678
0.7811031937599182
0.7601346969604492
0.7860168218612671
0.7708646655082703
0.7471309900283813
0.7603905200958252
0.7505579590797424
0.7601884603500366
0.7541615962982178
0.7564703822135925
0.7870319485664368
0.7820369005203247
0.7845587730407715
0.7847735285758972
0.7905331254005432
0.8411444425582886
0
0
0
0
0
0
0
0
0
0
2.184419870376587
2.156074285507202
2.121831178665161
2.133504867553711
2.1252217292785645
2.1274759769439697
2.1522467136383057
2.2283835411071777
0
0
0
0
0
0
0
0
0
0
0
0
0
0
0
0
0
0
0
0
0
0
2.6680233478546143
0
0
0
1.0070347785949707
0.9901899099349976
0.9629288911819458
0.9560842514038086
0.9314460158348083
0.9282158017158508
0.9173969030380249
0.9283428192138672
0.9316922426223755
0.9173060655593872
0.9243969917297363
0.9111461043357849
0.9496557712554932
0.9566677808761597
0.9721575379371643
1.0278841257095337
1.048949956893921
0
0
0
0
0
0
0
0
2.537158966064453
2.4718215465545654
2.4598236083984375
2.407003879547119
2.4238393306732178
2.4560787677764893
2.470968723297119
0
0
0
0
0
0
0
0
0
0
0
0
0
0
0
0
0
0
0
2.8147594928741455
2.7649970054626465
2.7357776165008545
2.7362818717956543
2.742030620574951
2.763927459716797
2.8383004665374756
0
0
0
0
0
0
0
0
0
0
0
0
0
0
0
0
0
0
0
0
0
0
0
0
0
0
0
0
0
0
0
0
0
0
2.8051021099090576
2.725886583328247
2.6839096546173096
2.6912615299224854
2.690286874771118
2.729616641998291
2.7791390419006348
0
0
0
0
0
0
0
0
0
0
0
0
0
0
0
0
0
0
0
0
0
0
0
0
0
0
0
0
0
0
0
0
0
