0
0
0
0
0.7187134623527527
0.6839054226875305
0.6657840609550476
0.6500292420387268
0.6421605348587036
0.6411392688751221
0.6128947734832764
0.6364129781723022
0.6408242583274841
0.624880850315094
0.624580442905426
0.5945987701416016
0.6074438691139221
0.6121681332588196
0.612890362739563
0.6115952730178833
0.6057699918746948
0.6242784261703491
0.6309617757797241
0.6515096426010132
0.6426020264625549
0.659522294998169
0.690747082233429
0.7199136018753052
0
0
0
0
0
0
0
0
0
0
0
3.4696335792541504
3.4125280380249023
3.3989081382751465
3.3946120738983154
3.415701150894165
0
0
0
2.5252232551574707
2.466688394546509
2.4653737545013428
2.4595823287963867
2.463999032974243
2.460395097732544
2.511016845703125
0
0
0
0
0
0
0
0
0
0
0
0
0
0
1.9315924644470215
1.8674317598342896
1.861770749092102
1.829437494277954
1.8476008176803589
1.830664038658142
1.8520541191101074
1.8806370496749878
1.9273890256881714
0
0
0
0
0
0
0
0
0
0
0
0
0
0
0
0
0
1.7249791622161865
1.6741400957107544
1.6393004655838013
1.6246931552886963
1.6361440420150757
1.6290439367294312
1.6323562860488892
1.638686180114746
1.6496483087539673
1.6623972654342651
1.7358713150024414
0
0
0
0
0
0
0
0
0
0
0
0
0
0
0
0
0
0
0
0
0
0
0
0
0
0
0
0
2.2771878242492676
2.1962244510650635
2.1734867095947266
2.171135663986206
2.148794651031494
2.171032667160034
2.1835615634918213
2.2461414337158203
0
0
0
0
0
0
0
0
0
0
0
0
0
0
0
0
0
2.2166099548339844
2.166865587234497
2.1379499435424805
2.1264419555664062
2.128293991088867
2.1438210010528564
2.1547207832336426
0.4670500159263611
0.42257100343704224
0.3989516794681549
0.4003259539604187
0.385515421628952
0.37491321563720703
0.364437460899353
0.3688933253288269
0.3407036066055298
0.3505474030971527
0.36145132780075073
0.35477763414382935
0.3334599733352661
0.3461909294128418
0.3246782720088959
0.332374632358551
0.32706302404403687
0.3273809552192688
0.3267233371734619
0.3291154205799103
0.3482760190963745
0.3410145938396454
0.3517507016658783
0.33329662680625916
0.35567623376846313
0.3420156240463257
0.34578004479408264
0.3482131063938141
0.339485228061676
0.3609265685081482
0.37586405873298645
0.38786396384239197
0.3722482919692993
0.3922214210033417
0.39571648836135864
0.3922763764858246
0.4216614067554474
0
0
0
0
0
0
0
0
0
0
2.4211301803588867
2.395662784576416
2.383406639099121
2.387012481689453
2.3877785205841064
2.4219422340393066
2.475022077560425
0
0
0
0
0
0
0
0
0
0
0
0
0
0
3.412909746170044
3.352043867111206
3.3150596618652344
3.307105541229248
3.3404459953308105
3.4399731159210205
0
0
0
0
0
0
0
0
1.5407564640045166
1.500583529472351
1.4722455739974976
1.4687511920928955
1.461388349533081
1.4797275066375732
1.4759548902511597
1.4892696142196655
1.4957530498504639
1.5120290517807007
1.5837229490280151
0
0
0
2.7736575603485107
2.731374740600586
2.7356276512145996
2.7268669605255127
2.774763584136963
2.8132615089416504
0
0
0
0
0
0
0
0
0
0
0
0
0
0
0
0
0
0
0
0
0
0
0
0
0
0
0
0
0
0
0
0
0
0
0
0
0
0
0
0
0
0
0
0
0
0
0
0
0
0
0
0
0
0
0
0
0
0
0
0
0
0
0
0
0
0
0
0
0
0
0
0
0
0
0
0
0
0
0
0
0
0
0
0
0
0
0
0
0
0
0
0
0
