0
0
2.0547685623168945
1.9847753047943115
1.978661298751831
1.9441075325012207
1.9278547763824463
1.9291640520095825
1.9550871849060059
1.966341257095337
1.984086036682129
0
0
0
0
0
1.4121191501617432
1.3742635250091553
1.3862686157226562
0
0
0
0
0
0
0
0
0
0
0
0
0
0
0
0
0
0
0
0
0
0.8718034625053406
0.8547281622886658
0.8419976234436035
0.8301496505737305
0.8110243082046509
0.793641209602356
0.8024168014526367
0.7813799977302551
0.7842673063278198
0.7975703477859497
0.769176185131073
0.7916359305381775
0.7918458580970764
0.8055539727210999
0.8187831044197083
0.811606764793396
0.8243471384048462
0.8573421239852905
0.8692913055419922
0.9222076535224915
0
0
2.2173609733581543
2.2839744091033936
2.3590407371520996
2.4464495182037354
2.562883138656616
2.541499137878418
2.515289545059204
2.5014894008636475
2.475757122039795
2.4589524269104004
2.4494097232818604
2.455674648284912
2.432931423187256
2.4289424419403076
2.403956651687622
2.3905086517333984
2.3674049377441406
2.3593204021453857
2.3739612102508545
2.3511106967926025
2.3420605659484863
2.3638923168182373
2.329817056655884
2.343904972076416
1.9544456005096436
2.309180736541748
2.343780040740967
2.321030616760254
2.3269429206848145
2.343822717666626
2.323729991912842
2.3541672229766846
2.3442976474761963
2.342960834503174
2.3498008251190186
2.3504390716552734
2.370276689529419
2.345916986465454
2.355929374694824
2.3784525394439697
2.3812122344970703
2.3995516300201416
2.395005941390991
2.4225361347198486
2.4394850730895996
2.4476983547210693
2.44927716255188
2.317744731903076
2.210249662399292
2.105656385421753
2.099294424057007
2.5372519493103027
2.5548295974731445
2.553582191467285
2.5998754501342773
2.6229875087738037
2.6633999347686768
2.663989305496216
2.6979424953460693
2.739581346511841
2.7529220581054688
2.798785924911499
2.8356194496154785
2.850346803665161
2.8723108768463135
2.795482873916626
2.7228972911834717
2.67783522605896
2.6166269779205322
2.5521631240844727
0
0
0
0
0
0
0
0
0
0
0
0
0
0
0
0
0.596588134765625
0.5982023477554321
0.5666629076004028
0.5504485964775085
0.5453916788101196
0.5230163335800171
0.5267782807350159
0.5400424599647522
0.5148885846138
0.513321042060852
0.4855062961578369
0.49669238924980164
0.4836651384830475
0.49295735359191895
0.49440059065818787
0.46999692916870117
0.4957300126552582
0.48488396406173706
0.46624326705932617
0.4896220266819
0.4756664037704468
0.5117878317832947
0.4815087616443634
0.47584840655326843
0.4980018138885498
0.49711400270462036
0.4973323345184326
0.5179228186607361
0.5031816959381104
0.51185542345047
0.5220754146575928
0.5297110080718994
0.539566159248352
0.5436248183250427
0.5682903528213501
0.5578033924102783
0.5860444903373718
0.6379159092903137
0.9053192138671875
0.8968420624732971
0.8960692286491394
0.8782644271850586
0.882489800453186
0.873073935508728
0.8632327318191528
0.8587236404418945
0.8543951511383057
0.873810887336731
0.876879870891571
0.8794621825218201
0.9024295806884766
0.8975692391395569
0.9515372514724731
1.000043511390686
0
1.776619791984558
1.7085914611816406
1.6803613901138306
1.6913858652114868
1.640321969985962
1.645398497581482
1.633833885192871
1.6538803577423096
1.6488299369812012
1.649146556854248
1.6598515510559082
1.6926549673080444
1.7032291889190674
1.7558917999267578
1.8442093133926392
2.842747211456299
2.704955577850342
2.622610569000244
2.5590717792510986
2.522686243057251
2.502732515335083
2.481471061706543
2.4699692726135254
2.4369683265686035
2.4576947689056396
2.437469244003296
2.4677138328552246
2.4802050590515137
2.4758105278015137
2.496093988418579
2.5282561779022217
2.59366774559021
2.6032862663269043
2.6573476791381836
2.776402235031128
0
0
0
0
0
2.809171438217163
2.7025833129882812
2.6997854709625244
2.6647086143493652
2.6219584941864014
2.609781265258789
2.6363718509674072
2.638545036315918
2.6542861461639404
2.6610512733459473
2.714440107345581
2.8082761764526367
0
0
0
0
0
0
0
0
0
0
0
0
0
0
0
0
0
0
0
0
0
0
0
0
0
0
0
1.9641451835632324
1.9193196296691895
1.8918938636779785
1.897257685661316
1.885109543800354
1.90924870967865
1.9245407581329346
1.9334465265274048
1.9999895095825195
0
0
0
0
0
0
0
0
0
0
0
0
0
0
0
0
0
0
1.8518922328948975
0.6974790692329407
0.688865602016449
0.6472055315971375
0.6247398853302002
0.6213343143463135
0.5961049795150757
0.6201049089431763
0.6155258417129517
0.6063267588615417
0.572485089302063
0.5979657173156738
0.5693097710609436
0.5752558708190918
0.5918228030204773
0.5899319648742676
0.5920149683952332
0.5777767896652222
0.6041945219039917
0.6046874523162842
0.6181285977363586
0.6098365187644958
0.6419028043746948
0.6539097428321838
0.6638010144233704
0.690040111541748
2.374410390853882
1.3339238166809082
1.3041789531707764
1.269720196723938
1.265957236289978
1.2601431608200073
1.2517858743667603
1.248423457145691
1.2536505460739136
1.2572485208511353
1.287091851234436
1.2658084630966187
1.2925999164581299
1.3038220405578613
2.586026191711426
2.631995439529419
0
0
0
0
0
0
0
0
0
