0.5082769393920898
0.5176312923431396
0.5257518291473389
0.5081709027290344
0.5561842918395996
0.5551161766052246
0.5548320412635803
0.5849566459655762
0.6146222949028015
0
0
0
0
0
0
0
0
0
0
0
0
0
0
0
0
0
0
0
0
0
0
0
0
0
0
0
0
0
0
0
0
0
0
2.272573947906494
2.2193922996520996
2.2387852668762207
2.2123496532440186
2.214465856552124
2.2288336753845215
2.2654550075531006
2.3134493827819824
0
0
0
0
0
0
0
0
0
0
0
0
0
0
0
0
0
0
0
0
0
0
0
0
0
0
0
0
0
0
0
0
1.2466764450073242
1.2022956609725952
1.1847114562988281
1.1513655185699463
1.1413171291351318
1.1310607194900513
1.150943398475647
1.1176308393478394
1.1516163349151611
1.160997748374939
1.148971676826477
1.1607210636138916
1.2036470174789429
1.2427488565444946
0
0
0
0
0
0
0
0
0
0
0
0
0
0
0
0
0
0
0
0
0
0
0
0
0
0
2.9123854637145996
2.8584322929382324
2.8095600605010986
2.799657106399536
2.8150784969329834
2.8386619091033936
0
0
0
0
0
0
0
0
0
0
0
1.9490488767623901
1.910828709602356
1.8870826959609985
1.9000931978225708
1.8804413080215454
1.8988680839538574
1.9123014211654663
1.952634572982788
0
0
0
0
0
1.0395015478134155
0.9816510677337646
0.9671891331672668
0.9466772079467773
0.9443951845169067
0.9329637289047241
0.9143052697181702
0.9295319318771362
0.9362808465957642
0.910232663154602
0.9302107095718384
0.9147078990936279
0.9319161176681519
0.9548904299736023
0.9592523574829102
0.9851115345954895
1.0374383926391602
2.647343873977661
2.7235820293426514
0
0
0
0
0
0
0
0
0
0
0
0
0
0
0
3.007181167602539
2.9648399353027344
2.9746525287628174
2.9554057121276855
2.9931435585021973
0
0
0
0
0
0
0
0
0
0
0
0
0
1.4839695692062378
1.4733176231384277
1.4482483863830566
1.4462593793869019
1.418383002281189
1.439107060432434
1.4273779392242432
1.4420344829559326
1.457465648651123
1.474938988685608
1.5019009113311768
0
0
0
0
0
0
0
0
0
0
0
0
0
3.208881378173828
3.159888744354248
3.14801287651062
3.1654415130615234
3.1775622367858887
0
0
0
0
0
0
0
0
0
0
0
0
0
0
1.9037983417510986
1.835761308670044
1.8170675039291382
1.8146401643753052
1.7966220378875732
1.7933112382888794
1.7920371294021606
1.829328179359436
1.8545682430267334
0
0
0
0
0
0
0
0
0
0
0
0
0
0
0
0
0
0
0
0
0
0
0
0
0
0
0
0
0
0
0
0
0
0
2.987555503845215
2.928548812866211
2.9264721870422363
2.919419050216675
2.9321463108062744
2.9764785766601562
0
0
0
0
0
0
0
0
0
0
0
0
0
0
0
0
0
0
0
0
0
0
0
0
0
0
0
2.9511959552764893
2.872811794281006
2.8542308807373047
2.854858160018921
2.868361234664917
2.9114649295806885
2.9862875938415527
0
0
0
0
0
0
0
0
0
0
0.60288405418396
0.561371922492981
0.5724242329597473
0.5497167110443115
0.5514082312583923
0.5280973315238953
0.5228629112243652
0.524041473865509
0.5133974552154541
0.51047682762146
0.514819324016571
0.5106055736541748
0.49464499950408936
0.5333049893379211
0.5132567286491394
0.5099409818649292
0.5203397274017334
0.5053693056106567
0.5130494236946106
