0
0
2.056572914123535
1.9830032587051392
1.951248288154602
1.9312583208084106
1.914341926574707
1.9411518573760986
1.9456058740615845
1.9547553062438965
1.9994122982025146
0
0
0
0
0
1.399132251739502
1.3766813278198242
1.380813479423523
0
0
0
0
0
0
0
0
0
0
0
0
0
0
0
0
0
0
0
0
0
0.9108501076698303
0.8573656678199768
0.8709239959716797
0.8219099044799805
0.8013707399368286
0.7891193628311157
0.7911471724510193
0.7902094721794128
0.789619505405426
0.7829632759094238
0.8130641579627991
0.7919167876243591
0.7904217839241028
0.799441933631897
0.7872349619865417
0.8065555095672607
0.8340304493904114
0.8401317596435547
0.853742241859436
0.9372519850730896
0
0
2.2014963626861572
2.2953972816467285
2.354710102081299
2.4631340503692627
2.5621230602264404
2.514531373977661
2.5136570930480957
2.509765386581421
2.4983365535736084
2.466857671737671
2.4592106342315674
2.449506998062134
2.4238364696502686
2.4359166622161865
2.406191825866699
2.4101402759552
2.384312391281128
2.3527352809906006
2.3737668991088867
2.348766803741455
2.381554365158081
2.365884304046631
2.3448550701141357
2.3489596843719482
1.9526925086975098
2.3150758743286133
2.335899829864502
2.333939552307129
2.338362693786621
2.3383984565734863
2.341200828552246
2.341425895690918
2.3126237392425537
2.315796375274658
2.3517072200775146
2.3592803478240967
2.364039659500122
2.3678128719329834
2.377776622772217
2.373704671859741
2.400235891342163
2.368424654006958
2.4276769161224365
2.4053313732147217
2.441465139389038
2.4406275749206543
2.4446918964385986
2.3482329845428467
2.2176854610443115
2.1386938095092773
2.1044788360595703
2.515322685241699
2.5580976009368896
2.5609543323516846
2.595510721206665
2.608675718307495
2.632073402404785
2.660444736480713
2.6861071586608887
2.7204232215881348
2.7595818042755127
2.783290386199951
2.8422110080718994
2.846876859664917
2.8694872856140137
2.7895827293395996
2.73976469039917
2.6791493892669678
2.5955448150634766
2.56980037689209
0
0
0
0
0
0
0
0
0
0
0
0
0
0
0
0
0.6174881458282471
0.5771359801292419
0.567690908908844
0.5596531629562378
0.5238326191902161
0.5120850205421448
0.5293603539466858
0.49593663215637207
0.5008565783500671
0.5092788338661194
0.492343544960022
0.47234734892845154
0.5063751935958862
0.4858408272266388
0.4951699376106262
0.4859435260295868
0.5016795992851257
0.4787363111972809
0.4812495708465576
0.4863075911998749
0.5047709345817566
0.4784987270832062
0.4889906942844391
0.500757098197937
0.4852639436721802
0.5066629648208618
0.4923408627510071
0.49792274832725525
0.5035624504089355
0.5270722508430481
0.5392193794250488
0.5191217660903931
0.5445975065231323
0.5377955436706543
0.5767473578453064
0.572532594203949
0.6106836795806885
0.6228970885276794
0.9211879968643188
0.8941646814346313
0.8771436214447021
0.8664087057113647
0.8847118616104126
0.8733814358711243
0.8824868202209473
0.8768221735954285
0.8666787147521973
0.8740920424461365
0.8634232878684998
0.8945649862289429
0.9031205177307129
0.9190123677253723
0.9298790693283081
0.9932419657707214
0
1.7771304845809937
1.7365484237670898
1.687960147857666
1.6630172729492188
1.6668447256088257
1.6506925821304321
1.6372098922729492
1.6462643146514893
1.6285276412963867
1.6394660472869873
1.6663000583648682
1.6809645891189575
1.7142678499221802
1.7492209672927856
1.8314218521118164
2.8417539596557617
2.6903679370880127
2.6209959983825684
2.574364423751831
2.5525808334350586
2.5059690475463867
2.5041277408599854
2.4743967056274414
2.4460251331329346
2.4646689891815186
2.466707706451416
2.458829641342163
2.475792407989502
2.480320930480957
2.498732089996338
2.526350498199463
2.5564467906951904
2.614729642868042
2.6611523628234863
2.7882192134857178
0
0
0
0
0
2.807050943374634
2.7266640663146973
2.690638303756714
2.6517302989959717
2.638638496398926
2.6336076259613037
2.631922721862793
2.6248466968536377
2.6527438163757324
2.662240982055664
2.7182419300079346
2.8034448623657227
0
0
0
0
0
0
0
0
0
0
0
0
0
0
0
0
0
0
0
0
0
0
0
0
0
0
0
1.932080626487732
1.9201995134353638
1.9024803638458252
1.9046751260757446
1.9278556108474731
1.9123417139053345
1.9087822437286377
1.9358155727386475
1.9860119819641113
0
0
0
0
0
0
0
0
0
0
0
0
0
0
0
0
0
0
1.8598508834838867
0.7155829668045044
0.6791914701461792
0.652125358581543
0.6566882729530334
0.6275107264518738
0.6020433306694031
0.5938349962234497
0.6096481680870056
0.5827697515487671
0.5909152626991272
0.6062082648277283
0.5808401703834534
0.5781376957893372
0.5992050170898438
0.5832023620605469
0.5712052583694458
0.5987970232963562
0.584263026714325
0.603071928024292
0.6049343347549438
0.608860433101654
0.616170346736908
0.6248202919960022
0.6369549632072449
0.6897904276847839
2.392223834991455
1.334487795829773
1.2829039096832275
1.2700984477996826
1.2676827907562256
1.2493692636489868
1.252747654914856
1.2566221952438354
1.2550525665283203
1.239394187927246
1.2575924396514893
1.293556809425354
1.2922073602676392
1.3345766067504883
2.5901596546173096
2.646763324737549
0
0
0
0
0
0
0
0
0
