0
0
2.0570993423461914
2.007030725479126
1.934849500656128
1.931231141090393
1.941460132598877
1.94150972366333
1.9327337741851807
1.9697661399841309
1.9923254251480103
0
0
0
0
0
1.4032751321792603
1.373278021812439
1.3832169771194458
0
0
0
0
0
0
0
0
0
0
0
0
0
0
0
0
0
0
0
0
0
0.9000095129013062
0.8452075719833374
0.8431029915809631
0.8287069797515869
0.8173179626464844
0.8086259365081787
0.8025224208831787
0.7773058414459229
0.784857451915741
0.7852681875228882
0.7978531122207642
0.7916750907897949
0.7940893769264221
0.8106584548950195
0.8034040331840515
0.8246852159500122
0.8295513987541199
0.8494311571121216
0.8463836312294006
0.904609203338623
0
0
2.202901601791382
2.2939727306365967
2.3589043617248535
2.4419376850128174
2.5621540546417236
2.5346248149871826
2.5056114196777344
2.4927287101745605
2.4859402179718018
2.461578845977783
2.460733652114868
2.445403814315796
2.4458348751068115
2.425508737564087
2.408328056335449
2.391043186187744
2.3687009811401367
2.3724658489227295
2.369821786880493
2.3717455863952637
2.359668016433716
2.357729434967041
2.3438637256622314
2.354219675064087
1.947109580039978
2.2965500354766846
2.3355214595794678
2.346830129623413
2.3339099884033203
2.355473518371582
2.335564613342285
2.334613800048828
2.3466079235076904
2.3428237438201904
2.357473611831665
2.353126049041748
2.3537285327911377
2.384840726852417
2.379760265350342
2.3811962604522705
2.39070987701416
2.3939943313598633
2.423372745513916
2.4251160621643066
2.4208903312683105
2.433487892150879
2.450084924697876
2.325453519821167
2.211482286453247
2.1374144554138184
2.1100809574127197
2.5159316062927246
2.5597636699676514
2.55791974067688
2.574035406112671
2.6121647357940674
2.6444616317749023
2.679745674133301
2.6925995349884033
2.7347280979156494
2.7532854080200195
2.7831549644470215
2.81770658493042
2.8649165630340576
2.8712353706359863
2.811612606048584
2.7359509468078613
2.6819136142730713
2.623790740966797
2.5738987922668457
0
0
0
0
0
0
0
0
0
0
0
0
0
0
0
0
0.6176615953445435
0.5808882117271423
0.5751596093177795
0.5473735332489014
0.5350829362869263
0.5189299583435059
0.5178208947181702
0.5036856532096863
0.5238968729972839
0.5025426745414734
0.5017277002334595
0.49949154257774353
0.48465800285339355
0.4809211194515228
0.49140259623527527
0.4711412489414215
0.488373726606369
0.49457573890686035
0.49621474742889404
0.5028789639472961
0.48584091663360596
0.4866633713245392
0.48148825764656067
0.47978731989860535
0.4896126389503479
0.481036514043808
0.496326744556427
0.5088830590248108
0.516956627368927
0.5176836848258972
0.5275541543960571
0.5269901156425476
0.5221977233886719
0.5522171258926392
0.5595999956130981
0.5825908184051514
0.5961006879806519
0.6418310403823853
0.9171811938285828
0.8968707919120789
0.8979179859161377
0.903741717338562
0.8658642172813416
0.869756281375885
0.8819182515144348
0.8754156827926636
0.893395721912384
0.8603636622428894
0.8747844696044922
0.8840182423591614
0.8941337466239929
0.9207611083984375
0.9256271719932556
0.9807992577552795
0
1.7763177156448364
1.7288891077041626
1.6818362474441528
1.672935962677002
1.6558254957199097
1.624541997909546
1.6340090036392212
1.649979591369629
1.6444761753082275
1.6523969173431396
1.6804304122924805
1.6786309480667114
1.6849931478500366
1.748397946357727
1.8352798223495483
2.8607609272003174
2.70674991607666
2.607987403869629
2.5793752670288086
2.5473904609680176
2.5039308071136475
2.4838249683380127
2.461232900619507
2.476135015487671
2.4504337310791016
2.455526828765869
2.4625062942504883
2.4590625762939453
2.468141555786133
2.5125999450683594
2.5188534259796143
2.5785953998565674
2.6131653785705566
2.6835684776306152
2.7801573276519775
0
0
0
0
0
2.8199312686920166
2.731222152709961
2.673825263977051
2.6520490646362305
2.630854845046997
2.6302554607391357
2.6311676502227783
2.631918430328369
2.651867151260376
2.6789638996124268
2.704700231552124
2.788803815841675
0
0
0
0
0
0
0
0
0
0
0
0
0
0
0
0
0
0
0
0
0
0
0
0
0
0
0
1.9577909708023071
1.9201005697250366
1.9293553829193115
1.89719557762146
1.8942656517028809
1.9037925004959106
1.910124659538269
1.9496268033981323
1.995673656463623
0
0
0
0
0
0
0
0
0
0
0
0
0
0
0
0
0
0
1.8690717220306396
0.7106534838676453
0.6743078827857971
0.6617581844329834
0.6303291916847229
0.6333245635032654
0.6206585764884949
0.593087911605835
0.6086010932922363
0.5999007821083069
0.5930036902427673
0.5949057340621948
0.5736591219902039
0.5802783370018005
0.5888690948486328
0.5850556492805481
0.5810322165489197
0.5862495303153992
0.5956207513809204
0.6012014746665955
0.6185340881347656
0.6179588437080383
0.6234267950057983
0.6339944005012512
0.663189709186554
0.6841660737991333
2.4005367755889893
1.3201665878295898
1.2974210977554321
1.270247459411621
1.2721883058547974
1.2434701919555664
1.2498729228973389
1.2363699674606323
1.241153597831726
1.2458786964416504
1.2468414306640625
1.2718970775604248
1.2652182579040527
1.3116683959960938
2.58530855178833
2.6351876258850098
0
0
0
0
0
0
0
0
0
