0
0
2.0454726219177246
1.9873182773590088
1.9605897665023804
1.9280576705932617
1.957745909690857
1.9103891849517822
1.9396313428878784
1.947364091873169
2.010956048965454
0
0
0
0
0
1.4137861728668213
1.3663487434387207
1.387542486190796
0
0
0
0
0
0
0
0
0
0
0
0
0
0
0
0
0
0
0
0
0
0.8930798768997192
0.866937518119812
0.8357920050621033
0.821537435054779
0.8045758008956909
0.817115843296051
0.7986124753952026
0.8171348571777344
0.7846913933753967
0.7951550483703613
0.7816849946975708
0.8013208508491516
0.7959386706352234
0.7873298525810242
0.805910050868988
0.8058581352233887
0.8235500454902649
0.8497403264045715
0.8823986053466797
0.9033479690551758
0
0
2.211209297180176
2.2930219173431396
2.36232590675354
2.4654600620269775
2.545259475708008
2.5460193157196045
2.5179035663604736
2.4864468574523926
2.4737489223480225
2.460284471511841
2.442161798477173
2.4456591606140137
2.432785987854004
2.413006067276001
2.4020094871520996
2.400507688522339
2.378077745437622
2.3864316940307617
2.3631885051727295
2.381072998046875
2.3640925884246826
2.352187156677246
2.3413584232330322
2.3381917476654053
1.9626898765563965
2.3143515586853027
2.374419689178467
2.3378071784973145
2.346327543258667
2.3378541469573975
2.3323869705200195
2.3538007736206055
2.352992057800293
2.3428351879119873
2.3425869941711426
2.3555519580841064
2.3553452491760254
2.376315116882324
2.3659346103668213
2.365280866622925
2.371061086654663
2.407956838607788
2.4252967834472656
2.424730062484741
2.4462664127349854
2.4338486194610596
2.4446561336517334
2.3428847789764404
2.2280433177948
2.1202268600463867
2.099674701690674
2.5283138751983643
2.5487687587738037
2.5693180561065674
2.6050007343292236
2.645887851715088
2.643481492996216
2.6792070865631104
2.695763349533081
2.726959228515625
2.7647674083709717
2.7840003967285156
2.840690851211548
2.8544509410858154
2.8841824531555176
2.800440788269043
2.7348413467407227
2.6681160926818848
2.619706153869629
2.5748672485351562
0
0
0
0
0
0
0
0
0
0
0
0
0
0
0
0
0.6213793754577637
0.602349042892456
0.5752893090248108
0.5505177974700928
0.5411933064460754
0.5388259887695312
0.5242151021957397
0.5070392489433289
0.5138249397277832
0.5085006356239319
0.4854440987110138
0.49888041615486145
0.49432292580604553
0.4854840934276581
0.5062591433525085
0.4780592918395996
0.4862479567527771
0.48696181178092957
0.4836731255054474
0.47946110367774963
0.45867282152175903
0.48814859986305237
0.4905316233634949
0.47890403866767883
0.4919765591621399
0.4908845126628876
0.49841681122779846
0.5010143518447876
0.5020522475242615
0.49721559882164
0.5013076066970825
0.5163543820381165
0.5413601398468018
0.519424557685852
0.5431374311447144
0.5785735845565796
0.6135136485099792
0.6405295133590698
0.9162330031394958
0.9124112129211426
0.8873555064201355
0.8626319169998169
0.8762826323509216
0.8776521682739258
0.8825271129608154
0.890459418296814
0.8734248280525208
0.8606361746788025
0.887911856174469
0.8786042928695679
0.9106948971748352
0.9089595079421997
0.9317848682403564
0.9962179660797119
0
1.7812145948410034
1.7200927734375
1.7011011838912964
1.6331731081008911
1.6531291007995605
1.644307255744934
1.6627116203308105
1.655800223350525
1.6243869066238403
1.6451267004013062
1.666536808013916
1.6707730293273926
1.690988540649414
1.776200532913208
1.8241380453109741
2.848026990890503
2.7045023441314697
2.6273672580718994
2.579174757003784
2.5241293907165527
2.506727695465088
2.486919403076172
2.477351427078247
2.4671108722686768
2.4499104022979736
2.4657535552978516
2.464191198348999
2.4887399673461914
2.4880685806274414
2.5031533241271973
2.5303542613983154
2.5603315830230713
2.608463764190674
2.697014570236206
2.7987418174743652
0
0
0
0
0
2.8087053298950195
2.722066640853882
2.683654546737671
2.6606688499450684
2.63531494140625
2.6344499588012695
2.6269986629486084
2.6425845623016357
2.635680675506592
2.6726253032684326
2.6961510181427
2.8034255504608154
0
0
0
0
0
0
0
0
0
0
0
0
0
0
0
0
0
0
0
0
0
0
0
0
0
0
0
1.9540910720825195
1.9181338548660278
1.9014246463775635
1.8850983381271362
1.883400321006775
1.9053376913070679
1.9123786687850952
1.9422485828399658
2.0137932300567627
0
0
0
0
0
0
0
0
0
0
0
0
0
0
0
0
0
0
1.8522441387176514
0.7156420350074768
0.6697607040405273
0.6400609016418457
0.6378349661827087
0.6324912905693054
0.6194236278533936
0.5931934714317322
0.5922762155532837
0.5956180691719055
0.6005362272262573
0.5989809632301331
0.5769709944725037
0.5863848924636841
0.6045255661010742
0.604172945022583
0.592338502407074
0.582364022731781
0.6083799600601196
0.5991989970207214
0.6086055040359497
0.6248230934143066
0.6175130605697632
0.6099687814712524
0.6578522324562073
0.6899076104164124
2.3868119716644287
1.334327220916748
1.3073641061782837
1.2761107683181763
1.2758240699768066
1.2669236660003662
1.2265981435775757
1.2320061922073364
1.2476297616958618
1.2478481531143188
1.2464814186096191
1.2863340377807617
1.2861076593399048
1.3201227188110352
2.594062089920044
2.6402482986450195
0
0
0
0
0
0
0
0
0
