0
0
2.0338659286499023
1.9807628393173218
1.9507042169570923
1.9455050230026245
1.928715467453003
1.9275660514831543
1.9328970909118652
1.9740172624588013
2.0044636726379395
0
0
0
0
0
1.3956886529922485
1.3684821128845215
1.3967489004135132
0
0
0
0
0
0
0
0
0
0
0
0
0
0
0
0
0
0
0
0
0
0.9010394811630249
0.8558273315429688
0.8446924090385437
0.8194249272346497
0.8176345825195312
0.8064097166061401
0.8043090105056763
0.7831552028656006
0.7770605683326721
0.7896145582199097
0.7795669436454773
0.7791801691055298
0.8066756129264832
0.801878035068512
0.8168678283691406
0.8215880990028381
0.8128621578216553
0.8545371294021606
0.8861935138702393
0.9142639636993408
0
0
2.217022180557251
2.2673845291137695
2.36289119720459
2.443869113922119
2.5474460124969482
2.518944263458252
2.529013156890869
2.495176315307617
2.4909934997558594
2.469574451446533
2.4416613578796387
2.443338632583618
2.403027296066284
2.4455559253692627
2.39500093460083
2.3821611404418945
2.3855931758880615
2.392873525619507
2.364820718765259
2.3686275482177734
2.3388619422912598
2.3210926055908203
2.3524487018585205
2.3578898906707764
1.9372527599334717
2.3027656078338623
2.331320285797119
2.3351778984069824
2.350825786590576
2.350245475769043
2.323413372039795
2.3422560691833496
2.3507471084594727
2.323533535003662
2.3501110076904297
2.350562810897827
2.356088161468506
2.355513095855713
2.390347957611084
2.3778069019317627
2.3914034366607666
2.3994193077087402
2.408012866973877
2.4316163063049316
2.431986093521118
2.4410288333892822
2.456672191619873
2.3330135345458984
2.215888261795044
2.1009926795959473
2.117814302444458
2.545868158340454
2.549689769744873
2.5697340965270996
2.5718114376068115
2.6097168922424316
2.6478066444396973
2.659886598587036
2.6826529502868652
2.729645013809204
2.750373125076294
2.78568434715271
2.820598840713501
2.8443691730499268
2.8635964393615723
2.7938103675842285
2.746764659881592
2.6830079555511475
2.6441609859466553
2.5826263427734375
0
0
0
0
0
0
0
0
0
0
0
0
0
0
0
0
0.6168456673622131
0.5850326418876648
0.5599998235702515
0.5431889891624451
0.5336790084838867
0.534017026424408
0.5057784914970398
0.5026292204856873
0.506969153881073
0.5110456347465515
0.49967050552368164
0.4924319386482239
0.4797557294368744
0.5077888369560242
0.4903743863105774
0.48083633184432983
0.49749597907066345
0.4945656359195709
0.4842225909233093
0.4658015966415405
0.4972001612186432
0.48361676931381226
0.48030516505241394
0.48341214656829834
0.47726914286613464
0.4866721034049988
0.4807574152946472
0.5044194459915161
0.4957417845726013
0.509053111076355
0.5162416696548462
0.5273379683494568
0.5357308983802795
0.5589727759361267
0.5534219741821289
0.585188090801239
0.6074444651603699
0.6436364054679871
0.9177013635635376
0.892517626285553
0.8811028599739075
0.8594692945480347
0.8689006567001343
0.8501603007316589
0.876312255859375
0.8737422227859497
0.8680206537246704
0.8564236760139465
0.8866453170776367
0.8722366094589233
0.8921794295310974
0.9367026686668396
0.9476931691169739
0.9899612665176392
0
1.7640595436096191
1.7358064651489258
1.7054224014282227
1.6621698141098022
1.653812289237976
1.6537822484970093
1.6463847160339355
1.645774006843567
1.6532433032989502
1.664933204650879
1.648901343345642
1.6999297142028809
1.6866061687469482
1.7390891313552856
1.813887357711792
2.8605434894561768
2.698127508163452
2.6408965587615967
2.5680840015411377
2.5488462448120117
2.4892938137054443
2.505079746246338
2.4699361324310303
2.456624746322632
2.4523916244506836
2.461941719055176
2.4650063514709473
2.4684765338897705
2.5022997856140137
2.5150036811828613
2.4997498989105225
2.569610595703125
2.6020874977111816
2.6561121940612793
2.791971206665039
0
0
0
0
0
2.814727544784546
2.7403390407562256
2.6763973236083984
2.628499746322632
2.617475748062134
2.62837553024292
2.6155104637145996
2.6264142990112305
2.6243703365325928
2.660291910171509
2.724496841430664
2.7913362979888916
0
0
0
0
0
0
0
0
0
0
0
0
0
0
0
0
0
0
0
0
0
0
0
0
0
0
0
1.9627336263656616
1.9291701316833496
1.9092847108840942
1.9028767347335815
1.9120537042617798
1.8930221796035767
1.9100768566131592
1.9337078332901
1.9963773488998413
0
0
0
0
0
0
0
0
0
0
0
0
0
0
0
0
0
0
1.8726351261138916
0.7030413150787354
0.6774657368659973
0.6336768865585327
0.6350662112236023
0.639946699142456
0.6089364290237427
0.5874525904655457
0.6110274791717529
0.5864691734313965
0.5865925550460815
0.5904842019081116
0.5945304036140442
0.5974958539009094
0.5805763602256775
0.59589684009552
0.5954268574714661
0.593282163143158
0.5956093668937683
0.6021830439567566
0.6152101159095764
0.6175287365913391
0.6224956512451172
0.6411315202713013
0.6584471464157104
0.6764585375785828
2.3914084434509277
1.3358286619186401
1.3024643659591675
1.2917531728744507
1.2692815065383911
1.2577769756317139
1.2344647645950317
1.24415123462677
1.2419700622558594
1.2518422603607178
1.2556793689727783
1.29459547996521
1.2840287685394287
1.326662540435791
2.593224287033081
2.632297992706299
0
0
0
0
0
0
0
0
0
