0
0
0
0
0
0
0
0
0
0
0
0
0
0
0
0
0
0
0
0
0
0
0
0
0
0
0
0
0
0
0
0
0
0
0
0
0
0
0
2.67362380027771
2.607661008834839
2.58221435546875
2.577357530593872
2.5816469192504883
2.594611644744873
2.644037961959839
0
0
0
0
0
0
0
0
0
0
0
0
0
0
0
0
0
0
0
0
0
0
0
0
0
0
0
0
0
0
0
0
0
0
0
0
0
0
0
0
0
2.399275779724121
2.307363748550415
2.270686626434326
2.259272575378418
0.9489535093307495
0.9546027183532715
2.283419370651245
2.344257354736328
0
0
0
0
0
0
0
0
0
0
0
0
0
0
0
0
0
0
0
0
0
0
0
0
0
0
0
0
0
0
0
0
0
0
0
0
0
0
0
0
0
0
0
0
2.192011594772339
2.1371233463287354
2.130866527557373
2.1247496604919434
2.1132853031158447
2.157844305038452
2.1740598678588867
2.2372283935546875
0
0
0
0
0
0
0
0
0
0
0
0
0
0
0
0
0
0
0
0
0
0
0
0
0
0
0
0
0
0
0
0
0
0
0
0
0
0
0
0
0
0
0
0
0
2.8048973083496094
2.753326892852783
2.751845598220825
2.756943464279175
2.783430814743042
2.813342332839966
0
0
0
0
0
0
0
0
0
0
0
0
0
0
2.3280999660491943
2.2873032093048096
0
0
0
0
0
0
0
0
0
0
0
0
0
0
0
0
0
0
0
0
0
0
0
0
0
0
0
0
0
0
0
0
0
2.6610636711120605
2.644408941268921
2.62941837310791
2.627321243286133
0.9444986581802368
0.9039783477783203
0.8822099566459656
0.8774369359016418
0.8554948568344116
0.8512257933616638
0.8425556421279907
0.8451115489006042
0.8442744612693787
0.8437227010726929
0.8496690988540649
0.8469775915145874
0.8396967053413391
0.865772545337677
0.8762354254722595
0.8941324949264526
0.9346654415130615
0.9381759166717529
0
3.2339704036712646
0
0
0
0
0
0
0
0
0
0
0
0
0
0
0
0
0
0
0
0
0
0
0
0
0
0
0
0
0
0
0
0
0
0
0
2.131706476211548
2.0766055583953857
2.0454366207122803
2.0222079753875732
2.015688896179199
2.0184755325317383
2.04366397857666
2.065509557723999
2.1257190704345703
0
0
0
0
0
0
0
0
0
0
0
0
0
0
0
0
0
0
0
0
0
0
0
0
0
0
0
0
0
0
0
0
0
0
0
0
0
0
0
0
0
0
0
0
0
