0
0
2.0591113567352295
1.9806008338928223
1.9604203701019287
1.9533835649490356
1.934644341468811
1.9302436113357544
1.931530237197876
1.9457464218139648
2.01851749420166
0
0
0
0
0
1.4076497554779053
1.3786494731903076
1.3767993450164795
0
0
0
0
0
0
0
0
0
0
0
0
0
0
0
0
0
0
0
0
0
0.8935691118240356
0.8524885773658752
0.8497147560119629
0.8272271752357483
0.806176483631134
0.8173868656158447
0.796733558177948
0.7955787181854248
0.8017356991767883
0.7795779705047607
0.7968223690986633
0.7917160987854004
0.7795660495758057
0.7919611930847168
0.825772762298584
0.8372323513031006
0.8365302085876465
0.8402101993560791
0.8633660674095154
0.9096009731292725
0
0
2.20003342628479
2.2629878520965576
2.37560772895813
2.45504093170166
2.5433223247528076
2.5292460918426514
2.526669979095459
2.500565528869629
2.4829518795013428
2.4643781185150146
2.446441173553467
2.448596715927124
2.4410223960876465
2.413555860519409
2.4027459621429443
2.4082913398742676
2.3831050395965576
2.3707785606384277
2.366176128387451
2.3809170722961426
2.3551948070526123
2.3427469730377197
2.3324391841888428
2.3397464752197266
1.9506698846817017
2.2991714477539062
2.335216999053955
2.34078049659729
2.3388819694519043
2.3219802379608154
2.3317105770111084
2.334683418273926
2.3335304260253906
2.3480398654937744
2.3502049446105957
2.3520538806915283
2.348161220550537
2.3683924674987793
2.375871181488037
2.3831820487976074
2.406018018722534
2.3840982913970947
2.4063689708709717
2.411111354827881
2.423194646835327
2.4412784576416016
2.4501211643218994
2.343672752380371
2.2371697425842285
2.1212430000305176
2.118368148803711
2.5434281826019287
2.552123546600342
2.5797739028930664
2.594032049179077
2.615553140640259
2.632948398590088
2.6635324954986572
2.699413537979126
2.719022035598755
2.7487661838531494
2.780620813369751
2.8005223274230957
2.8615658283233643
2.8593270778656006
2.7941300868988037
2.7342894077301025
2.659883975982666
2.617662191390991
2.587189197540283
0
0
0
0
0
0
0
0
0
0
0
0
0
0
0
0
0.6310268640518188
0.5996218323707581
0.5709208250045776
0.5510748624801636
0.5530622005462646
0.5152357816696167
0.5241258144378662
0.5213271379470825
0.5208709239959717
0.49346351623535156
0.4783451557159424
0.5106396079063416
0.5122405290603638
0.500963032245636
0.48663973808288574
0.4792654514312744
0.4743618667125702
0.48003658652305603
0.4765457212924957
0.48441824316978455
0.4973617196083069
0.465328186750412
0.4946111738681793
0.4893159568309784
0.49882522225379944
0.48441851139068604
0.48393967747688293
0.501020073890686
0.4963670074939728
0.5009991526603699
0.5185866355895996
0.5203151106834412
0.5540169477462769
0.5567383766174316
0.5623736381530762
0.5644432306289673
0.5849536061286926
0.6363173723220825
0.9085838198661804
0.8892545700073242
0.8867405652999878
0.8904932737350464
0.8747010827064514
0.873559832572937
0.8570799827575684
0.8745665550231934
0.8690997362136841
0.8988135457038879
0.8761966824531555
0.8995211720466614
0.911645770072937
0.9139943718910217
0.9353302121162415
0.9831476807594299
0
1.7723369598388672
1.7188910245895386
1.6943902969360352
1.6530745029449463
1.6718366146087646
1.6481497287750244
1.642936110496521
1.6305657625198364
1.6353522539138794
1.6579300165176392
1.6668068170547485
1.700066328048706
1.6934239864349365
1.7589136362075806
1.81914484500885
2.8453667163848877
2.698869466781616
2.6253879070281982
2.579415798187256
2.541616439819336
2.5067496299743652
2.492525577545166
2.488398790359497
2.4575867652893066
2.4578113555908203
2.4581565856933594
2.4659793376922607
2.4679486751556396
2.48476243019104
2.4955403804779053
2.5376882553100586
2.565484046936035
2.6340765953063965
2.6575639247894287
2.7832517623901367
0
0
0
0
0
2.819883346557617
2.720536708831787
2.6832401752471924
2.6595358848571777
2.6240909099578857
2.5962841510772705
2.6275761127471924
2.6203341484069824
2.6467440128326416
2.6804354190826416
2.7135281562805176
2.8003220558166504
0
0
0
0
0
0
0
0
0
0
0
0
0
0
0
0
0
0
0
0
0
0
0
0
0
0
0
1.980837345123291
1.9312692880630493
1.9101088047027588
1.8863105773925781
1.8953689336776733
1.8829158544540405
1.9057751893997192
1.9233317375183105
2.005234718322754
0
0
0
0
0
0
0
0
0
0
0
0
0
0
0
0
0
0
1.8604843616485596
0.7119925022125244
0.6578014492988586
0.6510586738586426
0.6340476870536804
0.6286941170692444
0.6158434152603149
0.6016026735305786
0.6198117733001709
0.6048412322998047
0.5962141156196594
0.5832743048667908
0.590359628200531
0.613849937915802
0.5813805460929871
0.5811439156532288
0.5790195465087891
0.6008798480033875
0.6025668978691101
0.6166425943374634
0.5990115404129028
0.6375030875205994
0.646588921546936
0.6419917345046997
0.6633880138397217
0.6842702031135559
2.4024322032928467
1.342350721359253
1.3101880550384521
1.2817401885986328
1.2779333591461182
1.2567272186279297
1.2518986463546753
1.2648794651031494
1.2470632791519165
1.236280918121338
1.249649167060852
1.2632594108581543
1.2910830974578857
1.3370128870010376
2.574556350708008
2.633073091506958
0
0
0
0
0
0
0
0
0
