0.7714163661003113
0.7909921407699585
0.7801714539527893
0.7999916076660156
0.8010918498039246
0.810201108455658
0.8290337920188904
0.8855276107788086
3.1302101612091064
3.1225459575653076
3.0802602767944336
3.142930507659912
3.205225706100464
0
0
0
0
2.1817781925201416
2.107632875442505
2.0743813514709473
2.0700509548187256
2.053971767425537
2.0883426666259766
2.0927157402038574
2.102832555770874
2.1768970489501953
3.4520883560180664
3.4468324184417725
0
0
0
0
0
0
2.5799689292907715
2.4678122997283936
2.4565255641937256
2.444729804992676
2.4314022064208984
2.458287000656128
2.494204044342041
2.543938398361206
0
0
0
0
0
0
0
0
0
0
0
0
0
0
0
0
0
0
0
0
0
0
0
0
0
0
0
0
0
0
0
0
0
0
0
0
0
0
0
0
0
0
0
0
0
0
0
0
0
0
0
0
0
0
0
0
0
1.3206992149353027
1.331824779510498
0
0
0
0
0
0
0
0
0
0
0
3.44297194480896
0
0
0
0
0
0
0
0
0
0
0
0
0
0
0
0
0
0
0
0
0
0
0
0
0
0
0
0
0
0
0
0
0
0
0
0
0
0
0
0
0
0
0
0
0
0
0
0
0
0
0
0
0
0
0.34779098629951477
0.3357888460159302
0.31401824951171875
0.2953539192676544
0.2976246476173401
0.29770609736442566
0.2817726135253906
0.2740213871002197
0.2878924608230591
0.28122156858444214
0.27728861570358276
0.2550289034843445
0.2559034526348114
0.26381024718284607
0.258510559797287
0.26667147874832153
0.263313889503479
0.2682562470436096
0.25517773628234863
0.25493207573890686
0.25072479248046875
0.2601720988750458
0.2630740702152252
0.23576106131076813
0.24781616032123566
0.2560122311115265
0.2580355107784271
0.24379658699035645
0.2395499050617218
0.2511863112449646
0.2542334794998169
0.25113412737846375
0.27467191219329834
0.26169735193252563
0.25743356347084045
0.27128875255584717
0.2623009979724884
0.26629531383514404
0.27699393033981323
0.27873629331588745
0.28620943427085876
0.30372023582458496
0.29865843057632446
0.3114805221557617
0.33003005385398865
0.3642003536224365
0
0
0
0
0
0
0
0
0
0
0
0
0
0
0
1.9754434823989868
1.937991738319397
1.9277478456497192
1.8819491863250732
1.8897939920425415
1.8976047039031982
1.8981677293777466
1.9527122974395752
2.0093002319335938
0
0
0
0
0
0
0
0
0
0
0
0
0
3.5
3.5
0
0
0
0
0
0
0
0
0
0
0
0
0
0
0
0
0
0
2.331134080886841
1.4168332815170288
1.3743855953216553
1.369799256324768
1.3434152603149414
1.3276997804641724
1.329460620880127
1.3297128677368164
1.3375029563903809
1.3313238620758057
1.3496350049972534
1.383061170578003
1.391333818435669
0
0
0
0
3.3729372024536133
3.3512754440307617
3.3345370292663574
3.3426592350006104
3.406686544418335
0
0
0
0
0
0
0
0
0
0
0
0
1.760780692100525
1.7090625762939453
1.6973178386688232
1.678693175315857
1.6916594505310059
1.6622726917266846
1.6862751245498657
1.7149773836135864
1.699981689453125
1.7628134489059448
0
0
0
0
0
0
0
0
3.478607177734375
3.4971201419830322
0
2.5619089603424072
2.514277935028076
2.5150599479675293
2.4828412532806396
2.5116119384765625
2.546319007873535
2.6114814281463623
0
0
3.4173357486724854
3.3576064109802246
3.332181692123413
3.3456130027770996
3.379948854446411
0
0
0
0
0
0
0
0
0.8822237253189087
0.8474748730659485
0.8051930069923401
0.7950403690338135
0.8138769865036011
0.7910377383232117
0.7874014377593994
0.7712177634239197
0.7706924676895142
0.7686436176300049
0.7671762704849243
0.7716293334960938
0.7737835049629211
