0
0
0
0
0
0
0
0
0
0
0
0
0
0
0
0
0
0
0
0
0
0
0
0
0
0
0
0
0
0
0
0
0
0
0
0
0
0
0
0
0
0
0
0
0
0
0
0
0
0
0
0
0
0
0
0
0
0
0
0
0
0
0
0
0
0
0
0
0
0
0
0
0
0
0
0
0
0
0
0
0
0
0
0
0
0
0
0
0
0
0
0
0
0
0
0
0
0
0
0
0
0
0
0
0
0
0
0
0
0
0
0
0
0
0
0
0
0
0
0
0
0
0
0
0
0
0
0
0
0
0
0
0
0
0
0
0
0
0
0
0
0
0
0
1.3604673147201538
1.3229918479919434
1.2833157777786255
1.2680327892303467
1.2552379369735718
1.2605764865875244
1.2428617477416992
1.247573733329773
1.2767006158828735
1.2655885219573975
1.3036788702011108
1.3201433420181274
1.3324644565582275
0
0
0
0
0
0
0
0
0
0
0
0
0
0
0
0
0
0
0
0
0
0
0
0
0
0
0
0
0
0
0
0
0
0
0
0
0
0
0
0
0
0
3.335888624191284
3.3087825775146484
3.302910327911377
3.3409078121185303
3.434648275375366
0
0
0
0
3.3192427158355713
3.3090693950653076
3.2896246910095215
3.2930095195770264
3.3437790870666504
0
0
0
1.3866262435913086
1.3352233171463013
1.3170299530029297
1.2999413013458252
1.3131736516952515
1.2850364446640015
1.2913323640823364
1.3064979314804077
1.3111227750778198
1.3184490203857422
1.3440641164779663
1.3856257200241089
0
0
0
1.6962326765060425
1.6071667671203613
1.625405192375183
1.6064196825027466
1.5862590074539185
1.6097317934036255
1.5984995365142822
1.6172444820404053
1.6211735010147095
1.6655967235565186
0
0
0
0
0
0
0
0
0
0
0
0
0
0
0
0
0
0
0
0
0
0
0
0
3.431062936782837
0
0
0
0
0
0
0
0
0
0
0
0
0
0
0
0
0
0
0
0
0
0
0
0
0
0
0
0
0
0
0
0
0
0
0
0
0
0
0
0
0
0
0
0
0
0
0
0
0
0
0
0
0
0
0
0
0
0
0
0
0
0
0
0
0
0
0
0
0
0
0
0
0
0
0
0
0
0
0
0
0
0
0
0
0
0
0
0
0
0
0
0
0
0
