0
1.0358277559280396
0.9865004420280457
0.9671478271484375
0.9607138633728027
0.9335291385650635
0.9090868830680847
0.9160112142562866
0.9283798336982727
0.8961315751075745
0.9046356678009033
0.9185214638710022
0.9259217977523804
0.9105978608131409
0.9239628314971924
0.9434192180633545
0.958804726600647
0.9884591102600098
1.041009783744812
0
0
0
0
0
3.2783243656158447
3.197321653366089
3.1472785472869873
3.1458213329315186
3.1810827255249023
3.2159993648529053
0
0
0
0
0
0
0
0
0
0
0
0
0
0
0
0
3.0186355113983154
2.972393274307251
2.944110155105591
2.9304072856903076
2.9633498191833496
3.001460075378418
0
0
0
0
0
0
0
0
2.215008497238159
2.194700241088867
0
0
0
0
0
0
0
0
0
0
0
0
0
0
0
0
0
0
0
0
0
0
0
0
0
0
0
0
0
0
0
0
0
0
1.2296702861785889
1.187852144241333
1.172424077987671
1.137887716293335
1.1374711990356445
1.1363372802734375
1.1366064548492432
1.1175438165664673
1.1030441522598267
1.131824254989624
1.146606683731079
1.151430606842041
1.1603319644927979
1.1824672222137451
1.255011796951294
0
0
0
0
0
0
0
0
0
0
0
0
0
0
0
0
0
0
0
0
0
0
2.7103285789489746
0
0
0
0
0
0
0
0
0
0
0
0
0
0
0
0
0
0
0
0
0
0
0
0
0
0
0
0
0
0
0
0
0
0
0
0
0
0
0
0
0
0
0
0
3.112807035446167
3.123661756515503
3.1338083744049072
2.2222726345062256
2.247499704360962
2.2609739303588867
1.784678339958191
1.7754861116409302
1.7788593769073486
1.7990305423736572
1.8154690265655518
1.8284275531768799
1.8215895891189575
1.8190659284591675
1.836901307106018
1.8783056735992432
1.88080894947052
1.8907257318496704
1.863466739654541
0.9385004043579102
0.9449717998504639
0.930331826210022
0.9424726963043213
0.9518342018127441
0.9652547836303711
0.9773077368736267
0.9988807439804077
0.9939855337142944
1.0130894184112549
1.0059363842010498
1.0430827140808105
1.0389692783355713
1.0833743810653687
1.0913262367248535
1.106942892074585
1.1221507787704468
1.1642225980758667
0
0
0
0
0
0
0.5464457869529724
0.53568434715271
0.5297045111656189
0.5644006729125977
0.5858601331710815
0.6120367050170898
0.5999801754951477
0.6155503392219543
0.6296606063842773
0.6774392127990723
0.6928224563598633
0.7039098739624023
0.7270742654800415
0.7562885880470276
0.7913687229156494
0.8040992617607117
0.849644124507904
0.8580890893936157
0.8812971711158752
0.8860848546028137
0.8704830408096313
0.870879590511322
0.8678775429725647
0.8412976861000061
0.8447003960609436
0.8576812148094177
0.8394344449043274
0.8531109690666199
0.8335180878639221
0.8464987874031067
0.8421145081520081
0.8421502709388733
0.8229453563690186
0.8223875164985657
0.8154504895210266
0.8433628082275391
0.818778932094574
0.8399143218994141
0.8222737312316895
0.8268744945526123
0.8196404576301575
0.8035308718681335
0.8450030088424683
0.8272708058357239
0.8146002888679504
0.8116313815116882
0.823820173740387
0.8440120816230774
0.8494648933410645
0.8256120085716248
0.84657222032547
0.8441857695579529
0.8418823480606079
0.8345036506652832
0.8647500872612
0.8483827114105225
0.8427016735076904
0.8569624423980713
0.8688076734542847
0.867443859577179
0.8746547698974609
0.8854653239250183
0.8746240735054016
0.898366391658783
0.9234236478805542
0.901567816734314
0.9275127053260803
0.9245895743370056
0.945616602897644
0.9441322684288025
0.9735751748085022
0.9956569075584412
0.9819000959396362
0.9783014059066772
0.9545410871505737
0.9234813451766968
0.9084651470184326
0.895298182964325
0.8633374571800232
0.8462095260620117
0.8371263742446899
0.8007364869117737
0.7675684690475464
0.7998422980308533
0.764550507068634
0.7580362558364868
0.7493814826011658
0.7217892408370972
0.7190452218055725
0.6982991695404053
0.6990357041358948
0.7026171684265137
0.6966549754142761
0
0
0
0
0
0
0
0
0
0
1.8060760498046875
1.7880946397781372
1.7687302827835083
1.769063115119934
1.7505282163619995
1.733494520187378
1.7254505157470703
1.718252420425415
1.7074066400527954
1.6868584156036377
1.6847749948501587
1.6746143102645874
2.590362310409546
2.586193084716797
2.5699570178985596
2.56048846244812
2.5496785640716553
0
0
0
0
0
0
0
0
0
0
0
0
0
0
0
0
0
0
0
