0
0
2.0527915954589844
1.984689474105835
1.9482057094573975
1.946030616760254
1.951712727546692
1.928472876548767
1.9409116506576538
1.9613538980484009
1.9900966882705688
0
0
0
0
0
1.4353573322296143
1.3521250486373901
1.376884937286377
0
0
0
0
0
0
0
0
0
0
0
0
0
0
0
0
0
0
0
0
0
0.8907353281974792
0.8682822585105896
0.8316624760627747
0.8391193151473999
0.8089562654495239
0.8116986751556396
0.8095319867134094
0.8001148700714111
0.7926384806632996
0.7776260375976562
0.789614737033844
0.7911115884780884
0.8000044822692871
0.802421510219574
0.8040099740028381
0.8253043293952942
0.833257257938385
0.854934573173523
0.8789480328559875
0.9156936407089233
0
0
2.209773540496826
2.2585296630859375
2.363231897354126
2.473550796508789
2.5432755947113037
2.5318384170532227
2.504828929901123
2.4986088275909424
2.4678943157196045
2.4666659832000732
2.429887533187866
2.4519503116607666
2.4227166175842285
2.429619550704956
2.3895955085754395
2.418377637863159
2.3728082180023193
2.3797507286071777
2.3802778720855713
2.3564136028289795
2.3508052825927734
2.3545684814453125
2.3484559059143066
2.357210159301758
1.9480907917022705
2.3048880100250244
2.337087869644165
2.3408985137939453
2.3237409591674805
2.3286707401275635
2.332587957382202
2.3470616340637207
2.3485071659088135
2.3349852561950684
2.361344575881958
2.35843563079834
2.3705103397369385
2.3559210300445557
2.400239944458008
2.380070924758911
2.405210018157959
2.3928029537200928
2.4148201942443848
2.421604871749878
2.4286580085754395
2.4396886825561523
2.449854850769043
2.3371284008026123
2.212474822998047
2.1284291744232178
2.085197925567627
2.5337443351745605
2.5602128505706787
2.57564377784729
2.582836627960205
2.609926223754883
2.63900089263916
2.691253185272217
2.704596519470215
2.700239658355713
2.7505338191986084
2.8033924102783203
2.8173677921295166
2.8531863689422607
2.8569588661193848
2.806816577911377
2.7541158199310303
2.663914442062378
2.6253554821014404
2.5840117931365967
0
0
0
0
0
0
0
0
0
0
0
0
0
0
0
0
0.6113660931587219
0.591823399066925
0.5616747140884399
0.5325731039047241
0.5551324486732483
0.548769474029541
0.5292263031005859
0.5153566598892212
0.5251706838607788
0.4934728443622589
0.49628719687461853
0.4992309808731079
0.4813672602176666
0.47948402166366577
0.48567017912864685
0.48946186900138855
0.487407922744751
0.4743518531322479
0.4952233135700226
0.4788278043270111
0.4882408082485199
0.4872599244117737
0.48175451159477234
0.4920266568660736
0.48202595114707947
0.49638664722442627
0.4921642541885376
0.5012177228927612
0.49697837233543396
0.5028737783432007
0.5209342241287231
0.5243464708328247
0.5475494861602783
0.5593209862709045
0.5638594031333923
0.5751829743385315
0.5844007134437561
0.6229912638664246
0.9304758906364441
0.902549684047699
0.8879440426826477
0.8717069029808044
0.8899100422859192
0.8862355947494507
0.8719092607498169
0.8601462244987488
0.8814882636070251
0.8875646591186523
0.8624820113182068
0.8946117758750916
0.9145957827568054
0.9239374995231628
0.9298617243766785
1.0122833251953125
0
1.765743374824524
1.7295252084732056
1.6913657188415527
1.6810264587402344
1.6534456014633179
1.649203896522522
1.6354039907455444
1.6336784362792969
1.633407711982727
1.6376137733459473
1.6649383306503296
1.6676099300384521
1.7153791189193726
1.741235375404358
1.8321704864501953
2.8318569660186768
2.6865031719207764
2.6188302040100098
2.58225154876709
2.5441575050354004
2.503934144973755
2.4936318397521973
2.486708402633667
2.46756911277771
2.459390640258789
2.4444334506988525
2.476231336593628
2.462007761001587
2.4628686904907227
2.5221314430236816
2.5377068519592285
2.5781381130218506
2.644280195236206
2.6649012565612793
2.7838101387023926
0
0
0
0
0
2.8257663249969482
2.719733953475952
2.697178840637207
2.6498711109161377
2.6305906772613525
2.630871534347534
2.6311843395233154
2.629274606704712
2.6532461643218994
2.6784019470214844
2.720806121826172
2.7876012325286865
0
0
0
0
0
0
0
0
0
0
0
0
0
0
0
0
0
0
0
0
0
0
0
0
0
0
0
1.973563313484192
1.9158259630203247
1.9035977125167847
1.8978580236434937
1.8830989599227905
1.9000359773635864
1.9073385000228882
1.9367690086364746
1.99166738986969
0
0
0
0
0
0
0
0
0
0
0
0
0
0
0
0
0
0
1.8804104328155518
0.709988534450531
0.6767385005950928
0.6463281512260437
0.6401392817497253
0.6346396207809448
0.6072836518287659
0.605051577091217
0.5783264636993408
0.5828213691711426
0.6036258935928345
0.6139000654220581
0.5859141945838928
0.6024200916290283
0.5924452543258667
0.5824894905090332
0.5911672711372375
0.5955477356910706
0.599671483039856
0.6011496186256409
0.6133825778961182
0.6276214718818665
0.6377487778663635
0.6470345258712769
0.6711603403091431
0.6735910177230835
2.4098973274230957
1.3221017122268677
1.2949097156524658
1.2945613861083984
1.277438759803772
1.2555650472640991
1.2613043785095215
1.2467342615127563
1.2288780212402344
1.2643275260925293
1.2589037418365479
1.2743637561798096
1.2926630973815918
1.3154195547103882
2.5958919525146484
2.625568389892578
0
0
0
0
0
0
0
0
0
