0
0
0
0
0
0
0
3.0887627601623535
3.038804054260254
3.034085512161255
3.0139071941375732
3.02955961227417
3.0644891262054443
0
0
1.7976388931274414
1.7053327560424805
1.6883844137191772
1.6726564168930054
1.6707855463027954
1.647120714187622
1.6708368062973022
1.6738780736923218
1.67330002784729
1.7075846195220947
1.7732797861099243
0
0
0
3.3882243633270264
3.3534345626831055
3.335890531539917
3.3451576232910156
3.3638129234313965
0
0
0
0
0
0
0
2.4014360904693604
2.3279407024383545
2.2946338653564453
2.309189558029175
2.31097149848938
2.3344993591308594
2.370495080947876
0
0.6795122027397156
0.6674677729606628
0.6338391304016113
0.6338004469871521
0.6237682104110718
0.6147245764732361
0.6004481315612793
0.5977349281311035
0.592529296875
0.5939584970474243
0.5868409872055054
0.5780540704727173
0.5940601229667664
0.5938137769699097
0.5901545882225037
0.5866178870201111
0.6071357131004333
0.6129420399665833
0.6203672885894775
0.6214666366577148
0.6081544160842896
0.6343165040016174
0.6557624936103821
0.6602398157119751
0.6930656433105469
1.7716513872146606
1.7414054870605469
1.7316714525222778
1.7166541814804077
1.719677448272705
1.7289515733718872
1.7363598346710205
1.7580441236495972
1.8017548322677612
0
0
0
0
0
0
0
0
0
0
0
0
0
0
1.843421220779419
1.79252028465271
1.7420920133590698
1.7170876264572144
1.7269444465637207
1.7207452058792114
1.7306451797485352
1.7385507822036743
1.7806212902069092
1.8026305437088013
0
0
0
3.116637945175171
3.0996055603027344
3.0799217224121094
3.0869977474212646
3.1208314895629883
0
0
2.3227667808532715
2.281282901763916
2.245891809463501
2.248728036880493
2.247406482696533
2.266261339187622
2.2811594009399414
2.3696303367614746
0.9033499956130981
0.8629135489463806
0.8465901017189026
0.8375516533851624
0.8208761811256409
0.8177614808082581
0.8080834150314331
0.8068315982818604
0.8245095014572144
0.8083400726318359
0.7969762086868286
0.8122010231018066
0.792589008808136
0.8404424786567688
0.82839435338974
0.8170871138572693
0.8531567454338074
0.8740402460098267
0.9089382290840149
3.0613694190979004
2.977607011795044
2.9320058822631836
2.9300968647003174
2.9521536827087402
2.9864134788513184
0
0
0
1.7338550090789795
1.6887024641036987
1.6714367866516113
1.6671921014785767
1.658158779144287
1.634023904800415
1.6503047943115234
1.6514683961868286
1.6933144330978394
1.7333526611328125
2.540987730026245
2.5102930068969727
2.527617931365967
2.574687957763672
2.601771831512451
3.326099395751953
3.3241748809814453
3.2994234561920166
3.3063528537750244
3.2905173301696777
3.284799337387085
3.2754507064819336
3.2850828170776367
0
3.1995561122894287
3.1981592178344727
3.1972360610961914
3.1910572052001953
3.229586362838745
3.220717191696167
3.2102291584014893
3.2023556232452393
3.2234737873077393
3.2315564155578613
3.239833354949951
3.259218215942383
3.2441821098327637
3.2751240730285645
3.2678167819976807
3.3136115074157715
0
0
3.3383500576019287
3.1265082359313965
2.968923807144165
2.8367514610290527
2.6682207584381104
2.5435478687286377
2.4297640323638916
2.3243954181671143
2.2181556224823
2.134174346923828
2.0469205379486084
2.0118470191955566
1.9171315431594849
1.897571086883545
1.8126492500305176
1.7558974027633667
1.7200318574905396
1.6530925035476685
1.616626262664795
1.5884720087051392
1.5472930669784546
1.4965224266052246
1.494373083114624
1.4193450212478638
1.412133812904358
1.3810069561004639
1.3333762884140015
1.3186252117156982
1.309216856956482
1.2682678699493408
1.2434903383255005
1.223036527633667
1.2119741439819336
1.1896953582763672
1.1837941408157349
1.1478426456451416
1.1570439338684082
1.1700539588928223
1.2066437005996704
1.210654616355896
1.249176025390625
1.2952712774276733
1.307695984840393
1.3564704656600952
1.4012651443481445
1.455229640007019
0
0
0
0
0
0
0
0
0
0
2.1688809394836426
2.128755569458008
2.1091842651367188
2.095776081085205
2.094242572784424
2.097255229949951
2.116346836090088
2.1573326587677
0
0
0
0
0
0
0
0
3.5
3.4750308990478516
3.4887309074401855
0
0
0
0
0
0
0
0
0
0
0
0
0
0
2.285255193710327
2.2368979454040527
2.234344244003296
2.209859609603882
2.2114481925964355
2.242521047592163
2.243138074874878
2.3242549896240234
0
0
0
0
0
0
0
0
0
0
0
0
0
0
0
0
0
0
3.144641399383545
3.0581817626953125
2.9935059547424316
3.0077948570251465
3.0322988033294678
3.0551507472991943
0
0
0
0
0
0
0
0
0
0
0
2.398280620574951
2.4003050327301025
2.3620686531066895
2.343156576156616
2.3162317276000977
2.3089590072631836
2.2745838165283203
2.2791454792022705
2.2474849224090576
2.327070951461792
2.409555673599243
2.506692886352539
2.195371627807617
2.166538715362549
2.1683950424194336
2.134279489517212
2.119049549102783
2.1256418228149414
2.1105058193206787
2.091871500015259
2.1203250885009766
2.085463762283325
2.083388566970825
2.987624168395996
2.980201482772827
2.952895164489746
0
0
0
0
0
0
0
