0
0
0
0
0
0
0
0
0
0
0
0
0
0
0
0
0
0
0
0
0
0
0
0
0
0
0
0
0
0
0
0
0
0
0
0
0
0
0
0
0
0
0
0
0
0
0
0
0
0
0
0
0
0
0
0
0
0
0
0
0
0
0
0
0
0
0
0
0
0
0
0
0
0
0
0
0
0
0
0
0
0
0
1.1590758562088013
1.1401777267456055
1.110776424407959
1.1071380376815796
1.0859687328338623
1.0726745128631592
1.0826945304870605
1.0746601819992065
1.0932193994522095
1.0881612300872803
1.0825998783111572
1.0996004343032837
1.1151926517486572
1.1740103960037231
1.1853952407836914
0
0
0
0
0
0
0
0
0
0
0
0
2.4816813468933105
2.4481611251831055
2.423983335494995
2.435011386871338
2.433198928833008
2.447472333908081
2.513092517852783
0
0
0
0
0
0
0
0
0
0
0
0
0
0
0
0
0
0
0
0
0
0
0
0
0
0
0
0
0
0
0
0
2.409116506576538
2.3881185054779053
2.370595932006836
2.3721976280212402
2.3794572353363037
2.397282361984253
2.480193614959717
0
0
0
0
0
0
3.111931085586548
3.0356802940368652
3.0170300006866455
3.038483142852783
3.0360424518585205
3.1028056144714355
0
0
0
0
0
0
0
0
0
0
0
3.414030075073242
1.9588507413864136
1.892695665359497
1.8977103233337402
1.8688315153121948
1.8758810758590698
1.8766326904296875
1.8868415355682373
1.9078736305236816
1.9324146509170532
0
0
0
0
0
0
2.314234972000122
2.2621524333953857
2.2327396869659424
2.237718343734741
2.2246901988983154
2.217376232147217
2.263399839401245
0
0
0
0
0
0
0
0
0
3.1845152378082275
3.150270938873291
3.155546188354492
3.1561262607574463
3.212200403213501
0
0
0
0
0
0
0
0
0
0
0
0
0
0
0
0
0
0
2.65906023979187
2.633159875869751
2.6087849140167236
1.4494348764419556
1.4001359939575195
1.378255844116211
1.347999930381775
1.3275291919708252
0.4399864971637726
0.42152145504951477
0.42146390676498413
0.39205801486968994
0.38532349467277527
0.3919254541397095
0.4001126289367676
0.3682388663291931
0.3822782039642334
0.3980332911014557
0.3708750307559967
0.36284685134887695
0.3836881220340729
0.36108067631721497
0.36788761615753174
0.3761933445930481
0.3730602562427521
0.3604487180709839
0.3551675081253052
0.35736969113349915
0.3594484329223633
0.369337260723114
0.3576340675354004
0.359465628862381
0.3653256595134735
0.3699793517589569
0.37448763847351074
0.3524640202522278
0.39222949743270874
0.3719497323036194
0.3851463198661804
0.40559396147727966
0.415836900472641
0.4491233825683594
0.44829678535461426
0
0
0
0
0
0
0
0
0
0
0
0
0
0
0
0
0
0
0
0
0
0
0
0
3.3904612064361572
3.3246383666992188
3.306842565536499
3.3095085620880127
3.3272883892059326
3.415642738342285
0
0
0
0
0
0
0
0
0
0
0
0
0
0
0
0
0
0
1.6495691537857056
0
0
0
0
0
0
0
0
0
0
0
0
0
0
0
0
0
0
0
0
0
0
0
0
0
0
0
0
0
0
0
0
0
0
