1.656201958656311
1.6716904640197754
1.7123589515686035
0
0
0
0
0
0
0
0
0
0
0
0
0
0
0
0
0
0
0
0
0
2.3389599323272705
2.2801880836486816
2.2605268955230713
2.233973741531372
2.243574619293213
2.2250328063964844
2.258223295211792
2.2933552265167236
0
0
0
0
0
0
0
0
0
0
0
0
0
0
0
0
0
0
0
0
0
2.2455790042877197
2.213366985321045
0
0
0
0
0
0
0
0
0
0
0
0
0
0
0
0
0
0
0
0
0
0
0
0
0
0
0
0
0
0
2.6461453437805176
2.5984995365142822
2.548186779022217
2.556915760040283
2.5631520748138428
2.5715925693511963
2.6322081089019775
0
0
0
0
0.9748985767364502
0.9515281915664673
0.9335010647773743
0.9147857427597046
0.9082484841346741
0.916414201259613
0.895186185836792
0.9006235599517822
0.8816201686859131
0.8952450156211853
0.907484769821167
0.9006490111351013
0.9037818312644958
0.9182483553886414
0.9311914443969727
0.9560189247131348
0.9760522246360779
0
0
0
0
0
0
0
0
2.981835126876831
2.980095386505127
3.0127787590026855
2.5038161277770996
2.507190465927124
2.5168986320495605
2.5448598861694336
2.5755391120910645
2.58290958404541
2.6206157207489014
2.6128015518188477
2.631308078765869
1.6786609888076782
1.678842544555664
1.7106130123138428
1.722556233406067
1.7380529642105103
1.7378307580947876
1.7792068719863892
1.7943882942199707
1.7987555265426636
1.8251190185546875
1.8285622596740723
0
0
0
0
0
0
0
0
0
0
0
0
0
0
0
0
0
0
0
0
0
0.825029194355011
0.8311006426811218
0.8683310151100159
0.8819206357002258
0.9079861044883728
0.9524248838424683
0.9714828729629517
1.0037562847137451
1.040354609489441
1.1037651300430298
1.1348427534103394
1.1750110387802124
1.1640101671218872
1.1451078653335571
1.1427899599075317
1.1301751136779785
1.1450376510620117
1.1258798837661743
1.128579020500183
1.1062262058258057
1.109595775604248
1.1026215553283691
1.1011079549789429
1.0937459468841553
1.1050149202346802
1.093356728553772
1.095399022102356
1.0957239866256714
1.0880348682403564
1.100679636001587
1.0951396226882935
1.0899908542633057
1.1072462797164917
1.0927716493606567
1.0847688913345337
1.097673773765564
1.0825425386428833
1.097877025604248
1.0989214181900024
1.094117522239685
1.0959199666976929
1.123287558555603
1.1171844005584717
1.104853868484497
1.1133641004562378
1.1078931093215942
1.1190588474273682
1.1214967966079712
1.119385838508606
1.1450340747833252
1.1601742506027222
1.1624170541763306
1.16887629032135
1.168299674987793
1.1937822103500366
1.166974663734436
1.1144342422485352
1.0621029138565063
1.0419985055923462
0.9970835447311401
0.9745509028434753
0.9317736625671387
0.8948727250099182
0.8796971440315247
0.8357625603675842
0.835284411907196
0.839417040348053
0
0
0
0
0
0
0
0
0
0
0
0
0
0
0
0
0
0
0
0
0
0
0
0
0
0
0
0
0
0
0
0
0
0
0
0
0
0
0
0
0
0
0
0
0
0
0
0
0
0
0
0
0
0
0
0
0
0
0
0
0
0
0
0
0
0
0
0
0
0
0
0
0
0
0
0
0
0
0
0
0
0
0
1.6955550909042358
1.658132553100586
0
0
0
0
0
0
0
0
3.2851102352142334
3.2295331954956055
3.214477777481079
3.2254111766815186
3.2313461303710938
3.3241894245147705
0
0
0
0
0
0
0
0
0
0
0
0
0
0
0
0
0
0
0
0
0
1.7069458961486816
1.6631832122802734
1.6268523931503296
1.63121497631073
1.61300528049469
1.6195398569107056
1.6332350969314575
1.6490975618362427
