1.7904644012451172
1.7162400484085083
1.6284669637680054
0.7303969264030457
0.6945073008537292
0.6615421175956726
0.6420459747314453
0.6430398225784302
0.6388503313064575
0.6309229135513306
0.6023363471031189
0.6182438731193542
0.5999836921691895
0.6135296821594238
0.6142855286598206
0.6135866641998291
0.6185548305511475
0.612504780292511
0.6302703619003296
0.621707022190094
0.6279953122138977
0.641619086265564
0.6621866226196289
0.6451420187950134
0.6509855389595032
0.6889662146568298
0.7123209238052368
2.145390510559082
2.780099391937256
2.8361730575561523
2.888406753540039
2.9513981342315674
3.010925054550171
3.0565648078918457
3.051898241043091
3.0261542797088623
2.9779961109161377
2.946943759918213
2.9193789958953857
2.8708157539367676
2.9417564868927
0
0
0
0
0
0
1.8580924272537231
1.8348596096038818
1.8054444789886475
1.7881461381912231
1.7859060764312744
1.7951661348342896
1.809224247932434
1.835641860961914
1.8675116300582886
0
3.133883237838745
3.061634063720703
3.03084135055542
3.0366384983062744
3.0256597995758057
3.090676784515381
0
0
0
0
0
0
0
0
0
0
0
0
0
0
0
0
0
0
0
0
0
0
2.753702402114868
2.738096237182617
2.7177915573120117
2.7289845943450928
2.751655101776123
2.7954962253570557
0
0
0
0
0
0
0
2.6717028617858887
2.580104351043701
2.570220947265625
2.6216588020324707
1.316009759902954
1.258135199546814
1.2522557973861694
1.214692234992981
1.2147785425186157
1.19499671459198
1.1980611085891724
1.208884596824646
1.202473521232605
1.2133424282073975
1.215246319770813
1.2320873737335205
1.2596842050552368
1.2879462242126465
1.6476945877075195
1.695899486541748
1.7091076374053955
1.747514009475708
1.7835371494293213
1.8071653842926025
1.8364999294281006
1.8661742210388184
1.945817470550537
1.9510217905044556
1.9019054174423218
1.8935585021972656
1.863925814628601
1.8637316226959229
1.819934606552124
1.7962267398834229
1.7946152687072754
1.7736448049545288
1.7774794101715088
1.7509750127792358
1.7227429151535034
1.7151950597763062
1.6912181377410889
1.6776291131973267
1.6641225814819336
1.6535093784332275
1.6614187955856323
1.6298574209213257
1.6205101013183594
1.613996148109436
1.6061216592788696
1.182526707649231
1.2162867784500122
1.3004099130630493
1.4136229753494263
1.5422406196594238
0
0
0
0
0
0.7478227615356445
0.7139707207679749
0.7102134823799133
0.6871750354766846
0.6805434823036194
0.6675610542297363
0.6517174243927002
0.6700383424758911
0.6402726769447327
0.6544139981269836
0.6523828506469727
0.6387901902198792
0.6582744717597961
0.6478025317192078
0.6518778204917908
0.6775761246681213
0.6830692887306213
0.685164213180542
0.6907176375389099
0.6978589296340942
0.709220290184021
0.7449495792388916
0
0
0
0
0
0
0
0
0
0
0
0
0
0
0
0
0
0
0
0
0
0
0
0
0
0
0
0
0
0
0
0
0
0
0
0
0
0
0
0
0
0
0
0
0
0
0
2.0973267555236816
2.0252718925476074
1.985641360282898
1.972391128540039
1.9760886430740356
1.9851874113082886
1.9872314929962158
2.0175437927246094
2.0975799560546875
0
0
0
3.197505235671997
3.18856143951416
3.152348279953003
3.1682064533233643
3.21592116355896
0
0
0
0
0
0
0
0
0
0
0
0
0
0
0
0
0
0
2.34093976020813
2.272655487060547
2.265820264816284
2.231354236602783
2.2561562061309814
2.2562596797943115
2.297379732131958
2.3493847846984863
0
0
0
0
0
0
0
0.9821534752845764
0.9509259462356567
0.9512876272201538
0.9221217036247253
0.9072490930557251
0.929301381111145
0.8895248770713806
0.8890242576599121
0.8916307091712952
0.8966026902198792
0.885090172290802
0.9126754999160767
0.9140517711639404
0.9261762499809265
0.9184693098068237
0.9503582715988159
0.9670523405075073
3.107884645462036
3.072309970855713
3.031245231628418
3.0876009464263916
3.149573802947998
3.2080559730529785
3.2658369541168213
0
0
0
0
0
0
0
0
0
0
0
0
0
0
0
0
0
0
0
0
0
0
0
0
0
0
0
0
0
0
0
3.42531418800354
3.365013599395752
3.3671770095825195
3.390049934387207
3.3948965072631836
0
0
0
0
0
0
0
0
0
0
0
0
3.422159433364868
3.386892557144165
3.3798863887786865
3.40627384185791
3.4478042125701904
0
0
0
0
0
1.9224718809127808
1.794640064239502
