0
0
2.0623271465301514
1.9915401935577393
1.9463906288146973
1.9223864078521729
1.9376944303512573
1.9311870336532593
1.9507163763046265
1.9766931533813477
2.000910758972168
0
0
0
0
0
1.412524700164795
1.3895835876464844
1.3912761211395264
0
0
0
0
0
0
0
0
0
0
0
0
0
0
0
0
0
0
0
0
0
0.9061861634254456
0.8670205473899841
0.8541595935821533
0.8302361369132996
0.8033502101898193
0.8198013305664062
0.8029204607009888
0.7971715927124023
0.8119385838508606
0.79857337474823
0.7932843565940857
0.7772249579429626
0.7784720063209534
0.8054767847061157
0.8081847429275513
0.8335138559341431
0.839702844619751
0.8339430689811707
0.8677695989608765
0.9054213762283325
0
0
2.2168149948120117
2.279689311981201
2.365180730819702
2.449939250946045
2.541827440261841
2.5288007259368896
2.492936849594116
2.4958784580230713
2.492157220840454
2.497964859008789
2.4623544216156006
2.4358413219451904
2.437434196472168
2.4251818656921387
2.3959336280822754
2.4001810550689697
2.3810434341430664
2.381431818008423
2.381866693496704
2.35430645942688
2.372567653656006
2.35780930519104
2.3522820472717285
2.351593255996704
1.9492340087890625
2.2800421714782715
2.351994037628174
2.3375461101531982
2.321216344833374
2.333080530166626
2.35494065284729
2.346189260482788
2.327219247817993
2.3493874073028564
2.3479034900665283
2.3690378665924072
2.368976593017578
2.3779237270355225
2.370328426361084
2.3656442165374756
2.3998217582702637
2.3966479301452637
2.4206862449645996
2.4263343811035156
2.462475299835205
2.4459664821624756
2.439967632293701
2.3096139430999756
2.208120346069336
2.1116783618927
2.121222972869873
2.536787509918213
2.5535426139831543
2.5727691650390625
2.6009280681610107
2.6035587787628174
2.635921001434326
2.668137311935425
2.6860756874084473
2.719184160232544
2.7536988258361816
2.779761791229248
2.8181684017181396
2.8414506912231445
2.8684709072113037
2.807314872741699
2.7463765144348145
2.6808738708496094
2.620826005935669
2.573476552963257
0
0
0
0
0
0
0
0
0
0
0
0
0
0
0
0
0.6090496778488159
0.5895647406578064
0.5655114054679871
0.5495728254318237
0.5556802749633789
0.5462680459022522
0.5202648043632507
0.5037397742271423
0.5180461406707764
0.5083556771278381
0.4828876852989197
0.49410533905029297
0.4799668788909912
0.49279212951660156
0.5019692182540894
0.4994351863861084
0.4978545904159546
0.48801910877227783
0.4936935603618622
0.47408586740493774
0.4761257469654083
0.4793173372745514
0.49188175797462463
0.4838658273220062
0.4844871759414673
0.4882684051990509
0.5021528601646423
0.4952722191810608
0.5034886598587036
0.524509072303772
0.5167959332466125
0.5204808115959167
0.5457035899162292
0.5535884499549866
0.5644100904464722
0.560684859752655
0.6023889183998108
0.6439831256866455
0.9088637828826904
0.8831958770751953
0.8885540962219238
0.8786168098449707
0.8822863698005676
0.8798612356185913
0.8713843822479248
0.865286648273468
0.8805733919143677
0.894784152507782
0.8732098340988159
0.9006592035293579
0.8948892951011658
0.9153303503990173
0.9641812443733215
0.9939444661140442
0
1.7634820938110352
1.7153465747833252
1.6919457912445068
1.6744921207427979
1.653584361076355
1.646116852760315
1.651006817817688
1.641951322555542
1.643122673034668
1.6312904357910156
1.6570032835006714
1.6913466453552246
1.705398678779602
1.758427381515503
1.8258923292160034
2.8505496978759766
2.7013657093048096
2.6187939643859863
2.575559616088867
2.529339075088501
2.4996047019958496
2.4999499320983887
2.4682846069335938
2.4653286933898926
2.453439235687256
2.4506561756134033
2.461060047149658
2.478456497192383
2.486362934112549
2.498927593231201
2.50614595413208
2.5607874393463135
2.614607810974121
2.6755154132843018
2.7816193103790283
0
0
0
0
0
2.8331117630004883
2.7288219928741455
2.6874120235443115
2.6416208744049072
2.6443326473236084
2.627570867538452
2.6185266971588135
2.6462624073028564
2.63714337348938
2.678462028503418
2.7249534130096436
2.7990407943725586
0
0
0
0
0
0
0
0
0
0
0
0
0
0
0
0
0
0
0
0
0
0
0
0
0
0
0
1.9667319059371948
1.9486504793167114
1.9056075811386108
1.892702341079712
1.8981555700302124
1.9119460582733154
1.9037531614303589
1.9340956211090088
2.0002264976501465
0
0
0
0
0
0
0
0
0
0
0
0
0
0
0
0
0
0
1.8669394254684448
0.6969124674797058
0.6726065278053284
0.6607868671417236
0.6292926669120789
0.6269878149032593
0.6220296621322632
0.6091660857200623
0.599612295627594
0.5798536539077759
0.5873809456825256
0.5819486379623413
0.6086887717247009
0.5951753258705139
0.5881562829017639
0.5738393068313599
0.6159215569496155
0.60915607213974
0.5967119932174683
0.6302318572998047
0.6088740229606628
0.6239274144172668
0.6237359046936035
0.6279565095901489
0.6623383164405823
0.6849778294563293
2.3823654651641846
1.3428770303726196
1.2849996089935303
1.2820290327072144
1.269379734992981
1.2506040334701538
1.248243808746338
1.2367348670959473
1.256622314453125
1.244481086730957
1.2409026622772217
1.2665032148361206
1.2867518663406372
1.3245718479156494
2.5722713470458984
2.6410791873931885
0
0
0
0
0
0
0
0
0
