1.7691067457199097
1.8141182661056519
1.8029862642288208
1.8282873630523682
1.8609933853149414
0
0
0
0
0
0
0
0
0
0
0
0
0
0.6504724025726318
0.6332146525382996
0.6019091010093689
0.6141358017921448
0.5901581048965454
0.5872534513473511
0.5968986749649048
0.5687363147735596
0.5578703880310059
0.5589990019798279
0.5795974731445312
0.5753727555274963
0.5624321103096008
0.5765844583511353
0.5843902826309204
0.5668985247612
0.5600640773773193
0.562282919883728
0.5740474462509155
0.5876525640487671
0.5869950652122498
0.5994254946708679
0.5987375378608704
0.6380649209022522
0.6689532995223999
0
0
0
0
0
0
0
0
0
0
0
0
0
0
0
0
0
0
0
0
0
0
1.883030891418457
1.8297308683395386
1.816074013710022
1.801469087600708
1.8038822412490845
1.7796927690505981
1.7974971532821655
1.8066003322601318
1.853360652923584
2.945547580718994
2.9266133308410645
2.8960330486297607
2.881922960281372
2.8921701908111572
2.9257006645202637
0
0
0
0
0
0
0
0
0
0
0
0
2.9910495281219482
2.9334475994110107
2.9120285511016846
2.9119324684143066
2.916724681854248
2.952223300933838
0
0
2.1975388526916504
2.1900947093963623
2.189835548400879
2.214503288269043
2.2366528511047363
2.230074644088745
1.307830810546875
1.2950702905654907
1.1725267171859741
1.1770679950714111
1.1791540384292603
1.2141793966293335
1.189100980758667
1.1900721788406372
1.219494342803955
1.2259206771850586
1.2226595878601074
1.2324934005737305
1.2612624168395996
1.2771772146224976
1.280794620513916
1.294986367225647
1.3128912448883057
1.3217706680297852
1.3176161050796509
1.2997380495071411
1.255706787109375
1.223069667816162
1.2201426029205322
1.1978461742401123
1.1563750505447388
1.1054983139038086
1.1091222763061523
1.0984992980957031
1.0615267753601074
1.0305362939834595
1.0522981882095337
1.0071107149124146
0.9811955094337463
0.9919829368591309
0.9616660475730896
0.9622291326522827
0.9534110426902771
0.9419056177139282
0.90809166431427
0.919546365737915
0.902549684047699
0.41597044467926025
0.41270554065704346
0.41262316703796387
0.40635964274406433
0.43662917613983154
0.4564153850078583
0.46351081132888794
0.4851331114768982
0.49390506744384766
0.5204695463180542
0.5324376225471497
0.553706705570221
0.5906654596328735
0.6184731721878052
0.6417005062103271
0.6872380971908569
0.7315474152565002
0.7570297718048096
0.924849808216095
0.9304181933403015
0.9728883504867554
1.056260108947754
1.1811615228652954
1.2787843942642212
0
0
0
0
0
0
0
0
2.2571659088134766
2.205467462539673
2.164604425430298
2.1561625003814697
2.1620914936065674
2.150574207305908
2.1725504398345947
2.220184326171875
0
0
0
0
0
0
0
0
0
0
0
0
0
0
0
0
0
0
0
0
0
0
2.682619094848633
2.6145706176757812
2.5998833179473877
2.5964367389678955
2.5984561443328857
2.616621494293213
2.7047228813171387
0
0
0
0
0
0
0
0
3.3678083419799805
3.3058502674102783
3.2913873195648193
3.2815003395080566
3.3387272357940674
0
0
0
0
0
0
0
0
0
0
0
0
0
0
0
0
0
0
0
0
0
0
0
0
2.6662068367004395
2.649412155151367
2.6171975135803223
2.606335401535034
2.604257106781006
2.585066556930542
2.5824222564697266
2.5794358253479004
2.5678844451904297
3.463773727416992
3.4664082527160645
0
0
0
0
0
0
0
0
0
0
0
0
0
0
2.3737635612487793
2.334829807281494
2.3042399883270264
2.291400194168091
2.2911837100982666
2.301853656768799
2.3218963146209717
2.401127338409424
0
0
0
0
0
1.1840664148330688
1.139406681060791
1.1073966026306152
1.117256760597229
1.111814022064209
1.0957709550857544
1.0817575454711914
1.0884504318237305
1.0974863767623901
1.0983368158340454
1.1078660488128662
1.1091498136520386
1.107637643814087
1.155739426612854
1.2066318988800049
0
0
0
0
0
0
2.685948371887207
2.6048107147216797
2.5586633682250977
2.55442476272583
2.5749244689941406
2.602800130844116
2.644650936126709
0
0
0
0
0
0
0
0
0
0
0
0
0
0
0
0
0
0
0
0
0
0
0
0
0
0
0
0
0
0
0
0
0
0
0
0
1.8560962677001953
1.8143962621688843
1.80446195602417
1.7708245515823364
1.8027104139328003
