0.5809476375579834
0.5716775059700012
0.592609167098999
0.6157394647598267
0.6285640597343445
0.6322978734970093
0.6331713795661926
0.6610192656517029
0.6778703927993774
0.6888634562492371
0.7152225971221924
0.7267869114875793
0.7389796376228333
0.7616059184074402
0.8050695061683655
0.8272216320037842
0.8374454975128174
0.8482098579406738
0.8957570195198059
0.9260727167129517
0.9581984877586365
1.0591320991516113
1.0725557804107666
1.1075397729873657
1.171829104423523
1.2281215190887451
1.297351360321045
1.3564378023147583
1.4402532577514648
1.5274244546890259
1.617432713508606
1.7415685653686523
1.8734750747680664
0
0
0
0
0
0
0
0
0
0
0
0
0
0
0
0
0
0
0
0
0
0
0
0
0
0
0
0
0
0
3.106445789337158
3.028862953186035
3.0124380588531494
2.997803211212158
3.0122032165527344
3.052015542984009
0
0
0
2.218074321746826
2.1481478214263916
2.0830013751983643
2.09161114692688
2.085716485977173
2.091500759124756
2.1043484210968018
2.1372287273406982
2.1963882446289062
0
0
0
0
0
0
0
0
3.1240761280059814
1.4689754247665405
1.3741934299468994
1.3581829071044922
1.332938551902771
1.327607274055481
1.3097714185714722
1.3223756551742554
1.3203833103179932
1.3097178936004639
1.3259345293045044
1.3399038314819336
1.372354507446289
1.4230231046676636
0
2.793389320373535
2.7527050971984863
2.7268612384796143
2.7301361560821533
2.743765115737915
2.7953131198883057
0
0
0
0
0
0
0
0
0
0
0
0
0
0
0
0
0
1.1499054431915283
1.0881133079528809
1.0834307670593262
1.0556230545043945
1.054064393043518
1.049872636795044
1.0535567998886108
1.0550516843795776
1.0445516109466553
1.0663012266159058
1.0510035753250122
1.0300177335739136
1.060178279876709
1.0920900106430054
1.1218301057815552
0
0
0
0
0
0
0
0
0
0
0
0
0
0
0
1.7518805265426636
1.6823045015335083
1.6246681213378906
1.552024245262146
1.503248929977417
1.4400529861450195
1.4067453145980835
1.3753451108932495
1.3214961290359497
1.3044053316116333
1.2570853233337402
1.2152044773101807
1.2115801572799683
1.15968918800354
1.1086595058441162
1.1039884090423584
1.0992854833602905
1.0746030807495117
1.0378384590148926
1.0362703800201416
1.0132707357406616
0.9002772569656372
0.8724022507667542
0.847000002861023
0.839266300201416
0.8331862688064575
0.8102470636367798
0.8138688802719116
0.7907840013504028
0.7917479276657104
0.7903822660446167
0.7667921781539917
0.7590546607971191
0.744746208190918
0.7226306796073914
0.7306627631187439
0.7390772700309753
0.7220486998558044
0.6967054009437561
0.6970534324645996
0.7050459980964661
0.7025232315063477
0.6906094551086426
0.676835834980011
0.6850794553756714
0.6878789663314819
0.6554948091506958
0.6612901091575623
0.638469398021698
0.6663315892219543
0.6193392872810364
0.6542757749557495
0.6416482329368591
0.6348698139190674
0.6259199380874634
0.6373307108879089
0.6224625706672668
0.6178441047668457
0.6365548968315125
0.6283878684043884
0.6156843304634094
0.6343281269073486
0.6150317788124084
0.6173155307769775
0.6297621726989746
0.6331919431686401
0.6301682591438293
0.62502521276474
0.6129529476165771
0.6205881237983704
0.6185930371284485
0.616890549659729
0.6101379990577698
0.6366817355155945
0.6228784322738647
0.6481863260269165
0.6348105669021606
0.6499480605125427
0.6505479216575623
0.6281975507736206
0.6450662016868591
0.6404767632484436
0.6273307204246521
0.6552440524101257
0.6645236015319824
0.6491649150848389
0.6462467908859253
0.6685975790023804
0.6588459610939026
0.6628550291061401
0.6758555769920349
1.022378921508789
0.978486955165863
0.9484646320343018
0.902374267578125
0.8869330883026123
0.8549049496650696
0.8180069327354431
0.8246355056762695
0.791195809841156
0.7642471790313721
0.7410550117492676
0.7212018370628357
0.697982132434845
0.6839975118637085
0.6649683117866516
0.6505051851272583
0.6324291825294495
0.6433166265487671
0.6161746978759766
0.6145110726356506
0.6056952476501465
0.5778326988220215
0.5627878904342651
0.56187903881073
0.5523658394813538
0.5478640198707581
0.5342588424682617
0.5423838496208191
0.5118197202682495
0.5101348161697388
0.49846041202545166
0.5067650675773621
0.4855697453022003
0.4729061424732208
0.5045015215873718
0.48685422539711
0.4690576195716858
0.4715265929698944
0.46112626791000366
0.4675608277320862
0.46619102358818054
0.44644221663475037
0.45225533843040466
0.4536266326904297
0.4329390227794647
0.431725412607193
0.4255615472793579
0.42383822798728943
0.43329381942749023
0.4272421598434448
0.4168300926685333
0.4157079756259918
0.4242001473903656
0.41977208852767944
0.40326154232025146
0.42787086963653564
0.4105697572231293
0.4167117178440094
0.42219278216362
0.41526252031326294
0.4303478002548218
0.5050430297851562
0.6338860988616943
0
0
0
0
0.4014762043952942
0.407243013381958
0.3958751857280731
0.3885440230369568
0.4062560498714447
0.41946497559547424
0.42357295751571655
0.4252168536186218
0.41814032196998596
0.4054173529148102
0.42556679248809814
0.41112610697746277
0.426627516746521
0.4233316481113434
0.4305448532104492
0.43046480417251587
0.43332812190055847
0.4182352125644684
0.43029436469078064
0.44302552938461304
0.45871701836586
0.4171754717826843
0.4527271091938019
0.44079145789146423
0.4474361836910248
0.4377768337726593
0.45128706097602844
0.4587073028087616
0.46607068181037903
0.47419029474258423
0.484811395406723
0.478261798620224
0.4854860305786133
0.4938717782497406
0.5006372928619385
0.4960933327674866
0.4969485402107239
0.5340619087219238
0.5295222401618958
0.5356090664863586
0.5407960414886475
0.5319696068763733
0.5575069189071655
0.5640735030174255
0.5767061710357666
