0.6521753668785095
0.6183952689170837
0.6120060682296753
0.6159729361534119
0.6286778450012207
0.6137055158615112
0.6167485117912292
0.6315923929214478
0.6201297044754028
0.631841778755188
0.6508961915969849
0.6363656520843506
0.6492744088172913
0.6743542551994324
0.6646440029144287
0.7008569836616516
0.7320128679275513
1.1255924701690674
1.1248701810836792
1.1284946203231812
1.1531693935394287
1.1627167463302612
1.1675034761428833
1.2167420387268066
0
0
0
0
0
0
0
0
0
0
0
0
0
0
0
0
0
0
0
0
0
0
0
0
0
0
0
0
0
2.3916261196136475
2.3792436122894287
2.3471760749816895
2.3399574756622314
2.3456268310546875
2.369774580001831
2.427241563796997
2.843189001083374
2.820592164993286
2.8258886337280273
2.867060899734497
2.9403998851776123
2.4689414501190186
2.4156594276428223
2.4043378829956055
2.3974339962005615
2.3932366371154785
2.4122421741485596
2.4675710201263428
0
0
2.846205472946167
2.7935714721679688
2.7751553058624268
2.776431083679199
2.7851552963256836
2.8130881786346436
0
0
0
0
0
0
0
0
0
0
0
0
0
0
0
0
0
0
0
0
0
0
1.3091140985488892
1.2877289056777954
1.2559561729431152
1.231887936592102
1.2150088548660278
1.2280607223510742
1.2247475385665894
1.207149624824524
1.2126765251159668
1.221925139427185
1.247520923614502
1.2697651386260986
1.3217532634735107
0.8055909276008606
0.7660698294639587
0.7365981340408325
0.7543845176696777
0.7298073172569275
0.7350021600723267
0.7114668488502502
0.7305664420127869
0.7137010097503662
0.7337459325790405
0.7088111042976379
0.7312168478965759
0.7186932563781738
0.7121662497520447
0.7475808262825012
0.7352851629257202
0.7632743120193481
0.7590906620025635
0.7748430371284485
0.8155841827392578
1.4714480638504028
0
0
0
3.104901075363159
3.1079983711242676
3.0945932865142822
3.1183650493621826
3.168811798095703
0
0
0
0
0
0
0
0
0
0
0
0
0
0
0
0
0
0
0
0
0
0
0
0
0
0
0
0
0
0
0
0
0
2.3438382148742676
2.3204474449157715
2.274742364883423
2.2751619815826416
2.291743278503418
2.287658929824829
2.3279271125793457
0
0
0
0
2.1198010444641113
2.0593314170837402
2.0398056507110596
2.0425314903259277
2.042783737182617
2.0429511070251465
2.050614833831787
2.08727765083313
0
0
0
0
0
0
0
0
0
0
0
0
0
0
0
0
0
0
0
0
0
0
0
0
0
0
0
0
0
0
0
0
2.0629539489746094
2.0270678997039795
2.0205862522125244
2.009073495864868
2.0258655548095703
2.01430082321167
2.0591492652893066
2.097132682800293
2.6195998191833496
2.644444227218628
2.641505479812622
2.717456817626953
0
0
2.241776943206787
2.2002615928649902
2.1554291248321533
2.1548500061035156
2.1587138175964355
2.1726338863372803
2.178440570831299
2.2236266136169434
0
0
0
0
0
0
0
0
0
0
0
0
0
0
0
0
0
0
0
0
0
0
0
0
0
0
0
0
0
0
2.8786325454711914
2.8495547771453857
2.83036732673645
2.825991630554199
2.8673083782196045
2.4455251693725586
2.362515926361084
2.371872901916504
2.346090793609619
2.333345890045166
2.362025499343872
2.3534300327301025
2.4304556846618652
2.8664824962615967
2.8879146575927734
2.953747510910034
0
0
2.5386440753936768
2.476048707962036
2.4693408012390137
2.431837797164917
2.453972816467285
2.482757091522217
2.5197274684906006
0
0
0
0
0
0
0
0
0
0
0
0
0
0
0
0
3.3639602661132812
3.3686623573303223
3.398935317993164
3.3894524574279785
3.415936231613159
2.685718297958374
2.5106568336486816
2.388488531112671
2.268557071685791
2.1644506454467773
2.051630735397339
1.9828040599822998
1.940313696861267
1.9368677139282227
1.9628326892852783
1.9782012701034546
1.9573380947113037
1.9980909824371338
2.0228426456451416
2.038238286972046
2.068096876144409
2.086303472518921
0
0
0
0
0
1.380455732345581
1.3046187162399292
1.2961070537567139
1.292896032333374
0.7153957486152649
0.6865965723991394
0.6760125756263733
0.6551402807235718
0.6552605032920837
0.6300395727157593
0.6195152401924133
0.6394043564796448
