0
0
2.0400538444519043
1.980298638343811
1.9348065853118896
1.9390432834625244
1.948362946510315
1.9491065740585327
1.9533193111419678
1.9666160345077515
2.0085861682891846
0
0
0
0
0
1.404439091682434
1.3746060132980347
1.3805831670761108
0
0
0
0
0
0
0
0
0
0
0
0
0
0
0
0
0
0
0
0
0
0.8820611238479614
0.8674024939537048
0.8210808038711548
0.822222113609314
0.8035241961479187
0.8027840256690979
0.8039994835853577
0.799879789352417
0.789711058139801
0.7954459190368652
0.7825595736503601
0.7829457521438599
0.8109375834465027
0.7995319366455078
0.8161770701408386
0.806297242641449
0.837259829044342
0.8462297916412354
0.8646650910377502
0.8978182077407837
0
0
2.199852466583252
2.292968273162842
2.376096487045288
2.447537660598755
2.534289598464966
2.5363240242004395
2.5214014053344727
2.4776504039764404
2.4825687408447266
2.482935905456543
2.4661307334899902
2.443135976791382
2.4453256130218506
2.4224746227264404
2.4024529457092285
2.400454521179199
2.382560968399048
2.3889381885528564
2.37251353263855
2.3494162559509277
2.3489041328430176
2.3544416427612305
2.3458316326141357
2.3529722690582275
1.9458446502685547
2.301715612411499
2.3239402770996094
2.3548929691314697
2.326883554458618
2.3311338424682617
2.330044746398926
2.350695848464966
2.35019850730896
2.3459115028381348
2.3519256114959717
2.3705029487609863
2.3660545349121094
2.370882749557495
2.370682716369629
2.3750877380371094
2.4040164947509766
2.410529375076294
2.422909736633301
2.42228102684021
2.455702543258667
2.4660191535949707
2.4375758171081543
2.3267734050750732
2.1979899406433105
2.129145383834839
2.105692148208618
2.5180504322052
2.540856122970581
2.582488536834717
2.6131999492645264
2.609057664871216
2.646538019180298
2.6700236797332764
2.720912218093872
2.7377429008483887
2.7521111965179443
2.7866408824920654
2.8160226345062256
2.855656385421753
2.8491947650909424
2.794600486755371
2.7523624897003174
2.690047264099121
2.637221574783325
2.5664846897125244
0
0
0
0
0
0
0
0
0
0
0
0
0
0
0
0
0.6281894445419312
0.5918251276016235
0.5780822038650513
0.5758170485496521
0.535525381565094
0.5516231060028076
0.5291957855224609
0.5012027621269226
0.5272037386894226
0.5107854008674622
0.4997060000896454
0.5037041306495667
0.46682900190353394
0.5002216696739197
0.4898432195186615
0.49050372838974
0.4922114610671997
0.479215145111084
0.48289546370506287
0.45892366766929626
0.4789753556251526
0.49453169107437134
0.4952602684497833
0.4954811632633209
0.5042985677719116
0.4842231869697571
0.48582378029823303
0.5072095990180969
0.5102348327636719
0.5225964188575745
0.506734311580658
0.5143410563468933
0.5183675289154053
0.5589433908462524
0.5579218864440918
0.5703809857368469
0.5787343382835388
0.6170328259468079
0.9005318284034729
0.9103017449378967
0.8984216451644897
0.8911651968955994
0.8834245800971985
0.8789889216423035
0.8903783559799194
0.8729358911514282
0.8730204105377197
0.8751588463783264
0.8671087026596069
0.890305757522583
0.8753160834312439
0.9221854209899902
0.9288166165351868
0.9885073900222778
0
1.7819123268127441
1.7171660661697388
1.69096839427948
1.661357045173645
1.6738975048065186
1.6445039510726929
1.6416157484054565
1.628387451171875
1.645426630973816
1.6579331159591675
1.6725437641143799
1.6820343732833862
1.7081233263015747
1.7438223361968994
1.8246601819992065
2.8600211143493652
2.700511932373047
2.6291346549987793
2.58377742767334
2.5423123836517334
2.5169315338134766
2.4824538230895996
2.4926068782806396
2.4654386043548584
2.4596095085144043
2.456357955932617
2.4411396980285645
2.4691383838653564
2.4902122020721436
2.493518829345703
2.5296006202697754
2.5771987438201904
2.609100818634033
2.6755967140197754
2.808339834213257
0
0
0
0
0
2.815304756164551
2.7134222984313965
2.6813154220581055
2.6579694747924805
2.6537179946899414
2.631361722946167
2.6361310482025146
2.6337296962738037
2.6509718894958496
2.666673183441162
2.714801788330078
2.8012821674346924
0
0
0
0
0
0
0
0
0
0
0
0
0
0
0
0
0
0
0
0
0
0
0
0
0
0
0
1.9579049348831177
1.9215091466903687
1.916649580001831
1.8916852474212646
1.886336326599121
1.9053587913513184
1.9350045919418335
1.9273390769958496
2.0063846111297607
0
0
0
0
0
0
0
0
0
0
0
0
0
0
0
0
0
0
1.865606665611267
0.7105716466903687
0.6588204503059387
0.6309302449226379
0.637997567653656
0.6255810260772705
0.6304786801338196
0.5958678722381592
0.5932931303977966
0.596362829208374
0.5991813540458679
0.583061933517456
0.588202953338623
0.5736342668533325
0.5888655185699463
0.5949156880378723
0.5907834768295288
0.6223372220993042
0.6156306266784668
0.5825524926185608
0.6238596439361572
0.6193548440933228
0.6463751792907715
0.6381796002388
0.6720909476280212
0.6756277084350586
2.3890397548675537
1.3446717262268066
1.3153151273727417
1.2776668071746826
1.2628989219665527
1.2625484466552734
1.24631667137146
1.245111346244812
1.2408676147460938
1.2697257995605469
1.250044822692871
1.256009578704834
1.2927970886230469
1.3190144300460815
2.6023807525634766
2.6445436477661133
0
0
0
0
0
0
0
0
0
