0
0
0
0
0
0
1.7333577871322632
1.6811363697052002
1.659624457359314
1.64974045753479
1.6342955827713013
1.6475638151168823
1.6369082927703857
1.6767812967300415
1.6823068857192993
1.7186708450317383
0
0
0
0
0
0
0
0
0
0
0
0
0
0
0
0
0
0
0
0
0
0
0
0
0
0
0
0
0
0
0
0
0
0
3.264418840408325
0
0
0
0
0
0
0
0
0
0
0
0
0
0
0
0
0
0
0
0
0
0
0
0
0
0
0
0
0
0
1.013382911682129
0.9809460639953613
0.9515834450721741
0.9330712556838989
0.9316021800041199
0.9149261713027954
0.9359908103942871
0.9277067184448242
0.9117558598518372
0.924928605556488
0.9182811379432678
0.9237075448036194
0.9389205574989319
0.9559236168861389
0.9760701060295105
0.9896287322044373
1.0279070138931274
2.9567129611968994
2.942016839981079
2.945650339126587
2.96359920501709
3.0391557216644287
0
0
0
0
0
0
0
0
0
0
0
0
0
0
0
0
0
0
0
0
0
3.4833803176879883
3.446589708328247
3.417226791381836
3.3892619609832764
3.3518879413604736
3.3224637508392334
3.2951302528381348
3.2657032012939453
3.2429404258728027
3.2118895053863525
3.2142374515533447
3.2010583877563477
3.160987615585327
3.127591848373413
3.123607635498047
3.104937791824341
3.071700096130371
3.090670108795166
3.0532751083374023
3.068563938140869
3.0309998989105225
3.0155153274536133
3.016474962234497
3.006517171859741
2.977029323577881
3.0139517784118652
2.9971814155578613
2.992497682571411
2.9875731468200684
2.976813554763794
2.987349033355713
2.9742753505706787
2.977202892303467
2.9720146656036377
2.9744350910186768
2.979902744293213
2.983445405960083
2.9899168014526367
3.007044792175293
3.0063276290893555
3.0289127826690674
3.0273935794830322
3.03194522857666
3.037184953689575
3.0885701179504395
3.056674003601074
3.088968276977539
3.1018621921539307
3.1141867637634277
3.1207587718963623
3.159395217895508
3.1551926136016846
3.1775591373443604
3.20660138130188
3.2221484184265137
3.2730631828308105
3.290874719619751
3.3191897869110107
3.3565762042999268
3.3803772926330566
3.378981590270996
3.4402482509613037
3.472231149673462
0
0
0
0
0
0
0
0
0
0
0
0
0
0
0
0
0
0
0
0
0
0
0.8165352940559387
0.7739396691322327
0.7586178779602051
0.7468124032020569
0.7402164936065674
0.7416272163391113
0.740285336971283
0.7240933179855347
0.738562822341919
0.7168351411819458
0.7187091708183289
0.7268587350845337
0.7244250774383545
0.7315818071365356
0.7446552515029907
0.7539680600166321
0.7614232301712036
0.7671135067939758
0.7745944261550903
0.821057140827179
0
0
0
0
0
0
0
0
0
0
0
0
0
0
0
0
0
0
0
0
0
0
0
0
3.1239383220672607
3.0893607139587402
3.081667423248291
3.10231614112854
3.1285905838012695
0
0
0
0
0
0
0
0
0
0
0
0
0
0
0
0
0
0
0
0
0
1.9217114448547363
1.8941842317581177
1.8556729555130005
1.8548301458358765
1.8524417877197266
1.8631800413131714
1.8546183109283447
1.8758569955825806
1.9433709383010864
0
0
0
0
0
0
0
0
0
0
0
0
0
0
0
0
0
0
0
0
0
0
0
0
0
0
0
0
0
0
0
0
0
0
0
0
0
0
0
0
0
0
0
0
0
0
3.475984811782837
3.469374418258667
3.450561046600342
3.483677625656128
0
0
0
0
0
0
0
0.9699256420135498
0.9462025761604309
0
0
0
0
0
0
0
0
0
0
0
0
0
