0
0
2.044348955154419
1.984910488128662
1.9412791728973389
1.9316807985305786
1.9378232955932617
1.9302312135696411
1.9466252326965332
1.9640252590179443
1.9987775087356567
0
0
0
0
0
1.413121223449707
1.3707247972488403
1.3822920322418213
0
0
0
0
0
0
0
0
0
0
0
0
0
0
0
0
0
0
0
0
0
0.8984453082084656
0.8701943159103394
0.8397987484931946
0.827996551990509
0.8328601121902466
0.8192243576049805
0.7993820309638977
0.7924716472625732
0.7764480710029602
0.7817592620849609
0.7885666489601135
0.7770946621894836
0.8013770580291748
0.7924557328224182
0.8094167709350586
0.8105065822601318
0.8178924918174744
0.8392935991287231
0.8639296889305115
0.9158472418785095
0
0
2.209611654281616
2.283344268798828
2.3512532711029053
2.471526861190796
2.543210506439209
2.528458833694458
2.5236897468566895
2.505340576171875
2.491581678390503
2.4491236209869385
2.465519905090332
2.4412803649902344
2.4241392612457275
2.413970947265625
2.39782452583313
2.3978450298309326
2.3968427181243896
2.3773610591888428
2.38059401512146
2.3721776008605957
2.3693690299987793
2.3697474002838135
2.338517665863037
2.3352668285369873
1.94527006149292
2.3064892292022705
2.3275504112243652
2.3537676334381104
2.3327832221984863
2.33512544631958
2.3496954441070557
2.3459694385528564
2.3623714447021484
2.353732109069824
2.361999988555908
2.354058265686035
2.342477560043335
2.3673486709594727
2.3598456382751465
2.381596088409424
2.3839735984802246
2.4109227657318115
2.407823085784912
2.4101970195770264
2.4346163272857666
2.445979118347168
2.4522883892059326
2.32763409614563
2.201977252960205
2.1271610260009766
2.1138768196105957
2.527433395385742
2.544456958770752
2.5723133087158203
2.5945770740509033
2.607243537902832
2.633950710296631
2.678313732147217
2.6629748344421387
2.728304862976074
2.7544407844543457
2.799917221069336
2.8227877616882324
2.847709894180298
2.8713982105255127
2.778109073638916
2.732715129852295
2.6868772506713867
2.636157512664795
2.5846774578094482
0
0
0
0
0
0
0
0
0
0
0
0
0
0
0
0
0.6090573072433472
0.5967303514480591
0.556540310382843
0.5515616536140442
0.5523882508277893
0.5211942195892334
0.49932634830474854
0.49922123551368713
0.4963565766811371
0.4943894147872925
0.5038524270057678
0.5066450834274292
0.48359885811805725
0.4924021065235138
0.49662306904792786
0.48954832553863525
0.4958931803703308
0.47004616260528564
0.4743809401988983
0.49635496735572815
0.4809814393520355
0.4794589579105377
0.48794910311698914
0.5007749199867249
0.5064504742622375
0.5038434863090515
0.4869801998138428
0.4819866120815277
0.5076947212219238
0.507699728012085
0.5154470801353455
0.5392853617668152
0.5405066013336182
0.5441622734069824
0.5355023741722107
0.5930782556533813
0.605505108833313
0.6379902958869934
0.9215870499610901
0.9008861780166626
0.8851457834243774
0.8911001682281494
0.8784000873565674
0.8655723333358765
0.865801990032196
0.8614808917045593
0.8836525678634644
0.880746066570282
0.8830220699310303
0.9015908241271973
0.9069190621376038
0.9242335557937622
0.9634268879890442
0.9965071082115173
0
1.783381462097168
1.731680989265442
1.7012765407562256
1.6664936542510986
1.6715503931045532
1.653020977973938
1.623282790184021
1.6293325424194336
1.6488893032073975
1.6502615213394165
1.6625488996505737
1.6804571151733398
1.7045873403549194
1.7309532165527344
1.8372637033462524
2.8439388275146484
2.686723232269287
2.6326847076416016
2.5625548362731934
2.5361549854278564
2.504525899887085
2.4740397930145264
2.473066806793213
2.4639732837677
2.458383798599243
2.460026502609253
2.456225872039795
2.474660873413086
2.4892096519470215
2.497133493423462
2.523064613342285
2.5629804134368896
2.599897861480713
2.663135290145874
2.8009960651397705
0
0
0
0
0
2.808750867843628
2.7422797679901123
2.6770808696746826
2.6500275135040283
2.632744550704956
2.6319632530212402
2.628390073776245
2.6249828338623047
2.6353273391723633
2.677988290786743
2.726979970932007
2.789609432220459
0
0
0
0
0
0
0
0
0
0
0
0
0
0
0
0
0
0
0
0
0
0
0
0
0
0
0
1.9657857418060303
1.9233440160751343
1.9180798530578613
1.8918001651763916
1.880789875984192
1.9065033197402954
1.9308663606643677
1.9479337930679321
2.016780138015747
0
0
0
0
0
0
0
0
0
0
0
0
0
0
0
0
0
0
1.8613299131393433
0.7068603038787842
0.6539624929428101
0.6505789160728455
0.6306650042533875
0.6347464919090271
0.612309455871582
0.6103175282478333
0.5907753705978394
0.5901218056678772
0.6040464639663696
0.5855441093444824
0.5822589993476868
0.6044565439224243
0.5997282266616821
0.6003838181495667
0.594556987285614
0.5954594612121582
0.6095848679542542
0.6043400168418884
0.6155372262001038
0.6192255616188049
0.6160957217216492
0.6424909830093384
0.6512327790260315
0.6869423985481262
2.3884029388427734
1.3376030921936035
1.2905396223068237
1.2699551582336426
1.2688390016555786
1.2593293190002441
1.2458336353302002
1.2354601621627808
1.2339084148406982
1.2531853914260864
1.2648547887802124
1.2613328695297241
1.2707501649856567
1.3321995735168457
2.5938079357147217
2.635666608810425
0
0
0
0
0
0
0
0
0
