0
0
0
0
0
0
0
2.574124813079834
2.5391995906829834
2.5244295597076416
2.5056519508361816
2.5296857357025146
2.54958438873291
2.5917296409606934
0
0
0
0
0
0
0
0
0
1.6985973119735718
1.6612396240234375
1.6771955490112305
1.6419076919555664
1.6325390338897705
1.640034794807434
1.6707319021224976
1.6592845916748047
1.6758127212524414
1.7203774452209473
0
0
0
0
0
0
0
0
0
0
0
2.695774793624878
2.619702100753784
2.5970053672790527
2.5751760005950928
2.5798966884613037
2.5993916988372803
2.658106803894043
0
0
0
0
0
0
0
0
0
0
0
0
0
0
0
0
0
0
0
0
0
0
0
0
0
0
0
0
0
0
0
0
0
0
0
2.067410945892334
0
0
0
0
0
0
0
0
0
0
0
0
0
0
0
0
0
0
0
0
0
0
0
0
0
0
0
0
0
0
0
0
0
0
0
0
0
0
0
0
0
2.66493558883667
2.646165370941162
0
0
0
0
0
0
0
0
0
0
0
0
0
0
0
0
0
0
0
0
0
0
0
0
0
0
0
0
0
0
0
0
0
0
0
0
0
0
0
0
0
0
0
0
0
0
0
0
0
0
1.1639024019241333
1.1492191553115845
1.1476439237594604
0
0
0
0
0
0
0
0
0
0
0
0
0
0
0
0
0
0
0
2.6832773685455322
2.631909132003784
2.6350550651550293
2.6324656009674072
2.6667463779449463
2.726663112640381
0
0
0
0
0
2.1025431156158447
2.0492801666259766
2.050332546234131
2.0387661457061768
2.039604902267456
2.049140691757202
2.067220449447632
2.1022984981536865
0
0
0
0
0
0
0
0
0
0
0
0
0
0
0
0
0
3.16780161857605
3.11320424079895
3.0923707485198975
3.1016180515289307
3.1475982666015625
0
0
0
0
0
0
1.6972142457962036
1.6310338973999023
1.600350022315979
1.5823215246200562
1.5858964920043945
1.5825787782669067
1.5748075246810913
1.5819810628890991
1.607489824295044
1.642331600189209
1.706275463104248
3.055170774459839
0
0
0
0
0
0
0
0
0
0
0
0
0
3.2996246814727783
3.267777442932129
3.246938705444336
3.242973804473877
1.8956873416900635
1.8747611045837402
1.8567878007888794
1.8431423902511597
1.8240188360214233
1.8435934782028198
1.8576035499572754
1.87770414352417
1.9346996545791626
0
0
0
0
0
0
0
0
0
0
3.1660282611846924
3.0800278186798096
1.4868829250335693
1.4141796827316284
1.3818771839141846
1.3524045944213867
1.3270269632339478
1.3431730270385742
1.317940354347229
1.3412630558013916
1.3293370008468628
1.3379523754119873
1.3642181158065796
1.3789865970611572
1.4177104234695435
0
2.518920421600342
2.4721670150756836
2.4703550338745117
2.460357666015625
2.475987434387207
2.493273973464966
2.547752857208252
0
0
0
0
0
0
0
0
0
0
1.1161739826202393
1.0991078615188599
1.0501806735992432
1.0544618368148804
1.050688624382019
1.040330171585083
1.0401424169540405
1.0280829668045044
1.0274797677993774
1.0490243434906006
1.0415664911270142
1.068406343460083
1.0608197450637817
1.0726068019866943
1.1204686164855957
0
0
0
0
0
0
0
0
0
0
0
0
0
0
0
