1.9209926128387451
1.9292057752609253
1.9625996351242065
0
0
0
0
0
0
0
3.375490665435791
3.3057332038879395
3.285526752471924
3.2794315814971924
3.295926332473755
3.3411753177642822
0
0
2.1914141178131104
2.091041088104248
2.0535454750061035
2.048217296600342
2.038891315460205
2.0532031059265137
2.049692153930664
2.061110258102417
2.0942137241363525
0
0
0
0
0
0
0
0
0
0
0
0
0
1.0277241468429565
1.0013413429260254
0.9744642376899719
0.9676528573036194
0.9453405737876892
0.9403761625289917
0.9187666773796082
0.9381269812583923
0.934776782989502
0.9448626637458801
0.9491890668869019
0.9405608773231506
0.9380018711090088
0.9734854698181152
0.9841079711914062
1.0049033164978027
1.0309689044952393
0
0
0
0
0
0
0
0
0
0
0
2.267177104949951
2.23361873626709
2.189485788345337
2.1996376514434814
2.2022690773010254
2.230536937713623
2.262357711791992
2.3536860942840576
3.2273335456848145
3.2734925746917725
0
0
0
0
0
0
0
0
0
0
0
0
0
0
0
0
0
0
0
0
0
0
0
0
0
0
0
0
2.4984161853790283
2.4501523971557617
2.4329421520233154
2.421377182006836
2.402775764465332
2.419182300567627
2.4445061683654785
0
0
0
0
0
0
0
0
1.2992804050445557
1.261582612991333
1.2441462278366089
1.2069063186645508
1.1982812881469727
1.1994717121124268
1.1864606142044067
1.2002094984054565
1.2062859535217285
1.1970233917236328
1.2510184049606323
1.2711859941482544
1.279504418373108
0
0
0
0
0
0
0
0
0
0
0
0
0
0
0
0
0
0
0
0
0
0
0
0
0
0
0
0
0
0
0
0
0
0
0
0
0
0
0
0
0
0
0
0
0
0
0
0
0
0
0
0
3.4736087322235107
3.4568867683410645
3.4484386444091797
2.3093173503875732
2.2138617038726807
2.190030097961426
2.1523990631103516
2.159776449203491
2.165273666381836
1.0400370359420776
0.9845646619796753
0.972118079662323
0.9312146306037903
0.9347885251045227
0.9155744314193726
0.9267134070396423
0.9250575304031372
0.9247806072235107
0.9142581224441528
0.9396784901618958
0.9309195876121521
0.9410056471824646
0.9427727460861206
0.9805272817611694
0.9805411100387573
1.0377603769302368
0
0
0
0
0
0
0
0
0
3.146758794784546
3.0851364135742188
3.029796600341797
3.0515122413635254
3.075263738632202
3.1600430011749268
0
0
0
0
0
0
0
2.490410327911377
2.4332027435302734
2.4273152351379395
2.4556493759155273
2.4484307765960693
2.4682652950286865
2.527332067489624
0
0
0
0
0
0
0
0
0
0
0
0
0
0
0
0
0
0
0
0
0
0
0
0
0
2.0984861850738525
2.037050485610962
2.0261476039886475
1.9996871948242188
1.9912663698196411
2.009800434112549
2.026273250579834
2.0671169757843018
2.114851474761963
0
0
0
0
0
0
0
0
0
0
0
0
1.3979038000106812
1.340933084487915
1.3428897857666016
1.3112703561782837
1.3109358549118042
1.3053685426712036
1.2997822761535645
1.3062924146652222
1.3176895380020142
1.328404426574707
1.342746615409851
1.3778091669082642
1.4353251457214355
0
0
0
0
2.874758005142212
2.822263240814209
2.8265392780303955
2.819851875305176
2.838899612426758
2.90940260887146
0
0
0
0
0
0
0
0
0
0
0
0
2.289710760116577
2.2423408031463623
2.1903555393218994
2.194927215576172
0.658805251121521
0.617063045501709
0.6161864995956421
0.5952100157737732
0.5730475187301636
0.5690425634384155
0.5767844319343567
0.5542330741882324
0.5651520490646362
0.5514073967933655
0.5511171221733093
0.5565801858901978
0.5518825650215149
0.5665780305862427
0.5574968457221985
0.5475898385047913
0.541192889213562
0.5506584644317627
0.5636931657791138
0.561951220035553
0.5679048299789429
0.5660196542739868
0.5830472707748413
0.5957285165786743
0.5904964208602905
0.6340373754501343
0.6765618324279785
0
1.9593467712402344
1.931386113166809
1.9199793338775635
1.8998839855194092
1.9086579084396362
1.9277772903442383
