1.9405252933502197
1.8892406225204468
1.8607537746429443
1.8575806617736816
1.8428832292556763
1.852939248085022
1.8592345714569092
1.8757761716842651
1.8884010314941406
1.977061152458191
2.818077325820923
2.8422677516937256
0
0
0
0
0
0
0
0
0
0
0
0
0
0
0
0
0
0
0
0
0
0
0
0
1.1708263158798218
1.1723819971084595
1.1491296291351318
1.1518536806106567
1.1465634107589722
1.138027548789978
1.1239116191864014
1.1489382982254028
1.1393784284591675
1.134873390197754
1.130107045173645
1.1115593910217285
1.1318243741989136
1.115290880203247
1.1216715574264526
1.1124087572097778
1.1210312843322754
1.1122056245803833
1.1222466230392456
1.1078916788101196
1.1201021671295166
1.10892915725708
1.1125885248184204
1.107548713684082
1.1147617101669312
1.1380516290664673
1.127183437347412
1.1402153968811035
1.109724998474121
1.1272789239883423
1.1493374109268188
1.153785228729248
1.1397672891616821
1.1578245162963867
1.1667029857635498
1.1876126527786255
1.1697533130645752
1.1691913604736328
1.1832022666931152
1.2047165632247925
1.205746054649353
1.2100956439971924
1.214950442314148
1.2216945886611938
1.247710943222046
1.2805960178375244
1.2636611461639404
1.2678818702697754
1.292804479598999
1.3126599788665771
1.3311785459518433
1.3347499370574951
1.3540667295455933
1.3788632154464722
1.4043269157409668
1.4093480110168457
1.4140793085098267
1.4424326419830322
1.4896180629730225
1.4951651096343994
1.4910789728164673
1.5262798070907593
1.5569117069244385
1.5817222595214844
1.6145570278167725
1.6457666158676147
1.680828332901001
1.7172132730484009
1.7676215171813965
1.79019296169281
1.8334288597106934
1.8806520700454712
1.9291304349899292
1.9763569831848145
2.0067992210388184
2.0872344970703125
2.1371188163757324
2.2049331665039062
2.2845699787139893
2.3510732650756836
2.4310073852539062
2.7994134426116943
2.7943460941314697
2.802779197692871
2.8022849559783936
2.8233628273010254
2.823944091796875
2.8233723640441895
2.8162941932678223
2.8406972885131836
2.8387255668640137
2.8377480506896973
2.8631505966186523
2.887666702270508
2.90293025970459
2.9243130683898926
2.9206974506378174
2.9439873695373535
2.9651405811309814
2.986799478530884
2.9879560470581055
3.015162944793701
1.7544374465942383
1.7011319398880005
1.6687366962432861
1.6583211421966553
1.6440378427505493
1.6688612699508667
1.6487112045288086
1.690128207206726
1.683780312538147
1.7430366277694702
3.346907377243042
3.390920877456665
3.4455957412719727
3.4633066654205322
0
0
0
0
0
0
0
0
0
0
0
0
0
0
0
3.3840525150299072
3.3120882511138916
3.3021929264068604
3.3213725090026855
3.3505568504333496
0
0
0
0
0
0
0.9646220207214355
0.9240487217903137
0.8983054757118225
0.8854569792747498
0.8687732219696045
0.8722677826881409
0.8687646985054016
0.8713128566741943
0.8704277873039246
0.8536456823348999
0.8499434590339661
0.8560609221458435
0.8816083669662476
0.8848265409469604
0.8956134915351868
0.9211500287055969
0.9386800527572632
0.9867535829544067
0
0
0
0
0
0
0
0
0
1.8426121473312378
1.8141553401947021
1.7971545457839966
1.7958625555038452
1.7988171577453613
1.798788070678711
1.810725450515747
1.8302624225616455
1.8907122611999512
0
0
0
0
0
0
0
0
0
0
0
0
0
0
0
0
0
0
0
0
0
0
0
0
0
0
0
0
0
0
0
0
0
2.6206109523773193
2.5933148860931396
2.5886833667755127
2.567232847213745
2.5925354957580566
2.611389398574829
2.7049756050109863
0
0
0
0
0
0
0
0
0
0
0
0
0
0
0
0
0
0
0
0
0
0
0
0
0
0
0
0
0
3.066328763961792
3.0721583366394043
3.0919272899627686
3.0868682861328125
3.1260223388671875
3.1188089847564697
3.131394624710083
3.1157584190368652
3.152555465698242
3.154550313949585
0.9334437847137451
0.9129468202590942
0.8989226818084717
0.8747870922088623
0.8722708821296692
0.8496707677841187
0.8528661131858826
0.8402435183525085
0.8359721899032593
0.8286781907081604
0.8602492213249207
0.8566126227378845
0.8491504192352295
0.8565284013748169
0.8967113494873047
0.8905182480812073
0.9033731818199158
0.9326561093330383
2.1798243522644043
2.172215461730957
2.1640806198120117
2.1552584171295166
2.1785662174224854
2.180582046508789
2.2533364295959473
0
0
0
0
0
0
0
0
0
0
0
0
0
0
0
0
0
0
0
0
0
0
0
0
0
0
0
0
0
0
0
0
0
0
0
0
0
0
0
0
0
1.939154028892517
