0
0
0
0
0
0
0
0
0
0
0
0
0
0
0
0
0
0
0
0
0
0
0
0
0
0
0
0
0
0
0
0
0
0
0
0
0
0
0
1.5833183526992798
1.5156726837158203
1.493964672088623
1.482735276222229
1.4807730913162231
1.4690284729003906
1.4729405641555786
1.458860158920288
1.4802911281585693
1.515145182609558
1.5134501457214355
1.5530595779418945
0
0
0
0
0
0
0
0
0
0
0
0
0
0
0
0
0
0
0
0
0
0
0
0
0
0
0
0
0
0
0
2.508941650390625
2.4496896266937256
2.442697286605835
2.418841600418091
2.4308624267578125
2.437753677368164
2.5027151107788086
0
0
0
0
0
0
0
0
0
0
0
0
0
0
0
0
0
0
0
0
0
0
0
3.236886739730835
3.1729300022125244
3.167447566986084
3.1447346210479736
3.1825685501098633
0
0
0
0
1.1014859676361084
1.0484777688980103
1.0016462802886963
0.9807161688804626
0.9765865802764893
0.9773627519607544
0.9704561829566956
0.9447492361068726
0.9630239009857178
0.940542459487915
0.9589686393737793
0.9752287864685059
0.9858434796333313
1.0009524822235107
1.016046404838562
1.0496309995651245
0
0
0
0
0
0
0
0
0
0
0
0
0
0
0
0
2.9782683849334717
2.949213743209839
2.910555362701416
2.9372804164886475
2.964460611343384
0
0
0
0
0
0
0
0
0
0
0
0
0
0
0
0
0
2.62083101272583
2.5715067386627197
2.5438904762268066
2.5240933895111084
2.5430479049682617
2.572187900543213
0
0
0
0
0
0
0
0
0
0
0
0
0
0
0
0
0
0
0
0
0
0
0
0
0
0
0
0
1.888735055923462
1.8142881393432617
1.784196138381958
1.771485686302185
1.765528917312622
1.7403602600097656
1.770973563194275
1.7916781902313232
1.8000962734222412
1.84456467628479
0
0
0
0
0
0
0
0
0
0
0
0
0
0
0
0
0
0
0
0
0
0
0
0
0
0
0
0
0
0
0
0
0
0
0
0
0
0
0
0
0
0
0
0
0
0
0
0
0
0
0
0
0
0
0
0
0
0
0
0
0
0
0
0
0
0
0
0
0
0
0
0
0
0
0
0
0
0
0
0
0
0
0.6888188719749451
0.6635967493057251
0.6523965001106262
0.6478955745697021
0.6271837949752808
0.6276346445083618
0.6023433804512024
0.6157327890396118
0.6011154651641846
0.6077722311019897
0.6135754585266113
0.618677020072937
0.6094436049461365
0.5963144302368164
0.6094769835472107
0.6145530343055725
0.6250208020210266
0.6098475456237793
0.6477177143096924
0.6041646599769592
0.6574922800064087
0.6571982502937317
0.6593250632286072
0.694393515586853
0
0
0
0
0
0
0
0
0
0
0
0
0
0
0
0
0
0
0
0
0
0
0
0
0
0
0
0
0
0
0
0
0
0
0
