0.5782036185264587
0.5474631190299988
0.5388830900192261
0.5357550978660583
0.5167611837387085
0.5219772458076477
0.5195349454879761
0.5114421248435974
0.5019091367721558
0.49320846796035767
0.49886682629585266
0.5042541027069092
0.49249470233917236
0.5037781596183777
0.49798545241355896
0.49339166283607483
0.5095344185829163
0.500947892665863
0.5127501487731934
0.5157395005226135
0.5194281935691833
0.5464445948600769
0.5376886129379272
0.5273199677467346
0.5694018006324768
0.5634243488311768
0.5794193148612976
0
0
0
0
0
0
2.0590219497680664
2.0484986305236816
2.0405948162078857
2.024684190750122
2.0228466987609863
2.0323469638824463
2.064089775085449
2.1025137901306152
0
0
0
0
0
0
0
0
0
0
0
0
0
0
0
0
0
0
0
1.395456075668335
1.3465197086334229
1.3354543447494507
1.3327478170394897
1.3286234140396118
1.3154797554016113
1.3160640001296997
1.311967134475708
1.3238145112991333
1.3522534370422363
1.3536887168884277
1.3987298011779785
0
3.3551712036132812
3.2913174629211426
3.278397798538208
3.289858102798462
3.3278937339782715
3.4527761936187744
0
0
0
0
0
0
0
0
0
0
0
0
0
0
0
0
0
2.752595901489258
0
0
0
0
0
0
0
0
0
0
0
0
0
0
0
0
0
0
0
0
0
0
0
3.4846363067626953
3.448453426361084
3.453678607940674
3.461270570755005
0
0
0
0
2.011867046356201
1.9602124691009521
1.9223040342330933
1.9222688674926758
1.8936141729354858
1.9189778566360474
1.9180179834365845
1.9450790882110596
1.9997395277023315
0
0
0
0
0
0
0
0
3.3876419067382812
3.3488101959228516
3.346897840499878
3.3528928756713867
3.3997647762298584
0
0
0
0
0
0
0
0
0
0
0
0
0
0
0
0
0
0
0
0
0
0
0
0
1.1634458303451538
1.1390461921691895
1.1157793998718262
1.0966438055038452
1.0767929553985596
1.0771934986114502
1.073015809059143
1.0537694692611694
1.0598969459533691
1.0621559619903564
1.084113597869873
1.1017051935195923
1.0947750806808472
1.1208250522613525
1.1675584316253662
0
0
0
0
0
0
0
0
0
0
0
0
0
0
0
0
0
0
0
0
1.8952155113220215
1.843825101852417
1.8223985433578491
1.7784651517868042
1.794731855392456
1.801169991493225
1.820443034172058
1.8564070463180542
1.8593831062316895
0
0
0
0
2.2264201641082764
1.6440616846084595
1.5759145021438599
1.5527169704437256
1.5323141813278198
1.5276180505752563
1.529126524925232
1.5115855932235718
1.5179848670959473
1.5495940446853638
1.5584901571273804
1.5993133783340454
0
0
0
0
0
0
0
0
0
0
0
0
0
0
0
0
0
0
0
0
0
0
0
0
0
0
0
0
0
0
0
0
0
0
0
0
0
0
0
0
0
0
0
0
0
0
0
0
0
0
0
0
0
0
0
0
0
0
0
0
0
0
3.448324680328369
3.340285301208496
3.3142337799072266
3.3119630813598633
3.3190295696258545
2.8634655475616455
2.7941620349884033
2.7987358570098877
2.7681937217712402
2.792170286178589
2.827423572540283
0
2.350634813308716
2.303894281387329
2.302175283432007
2.2802674770355225
2.2953553199768066
2.324204206466675
2.3504934310913086
0
0
0
0
0
0
0
0
0
0
0
0
0
0
0
0
0
0
0
0
0
0
0
0
0
0
0
0
0
0
0
0
0
0
0
0
0
0
0
0
0
0
0
0.601295530796051
0.5848765969276428
