3.464414358139038
3.4718246459960938
3.0776095390319824
3.0356690883636475
3.008786916732788
3.015209436416626
3.046294927597046
3.0902695655822754
0
0
0
0
0
0
0
0
0
0
0
0
0
0
0
0
0
0
0
0
0
0
0
0
0
0
0
0
0
0
0
0
0
0
0
2.7619857788085938
0
0
0
0
0
0
0
0
0
0
0
0
0
0
0
0
0
0
0
0
0
0
0
0.8196384310722351
0.7943060994148254
0.7698222398757935
0.7356895208358765
0.7241832613945007
0.7354316711425781
0.7218088507652283
0.7190077900886536
0.732617199420929
0.7291931509971619
0.7304145693778992
0.7362798452377319
0.7228294610977173
0.722679853439331
0.7216718792915344
0.7461532354354858
0.7472625374794006
0.7738239765167236
0.7917461395263672
0.8003653883934021
0.8583848476409912
3.4224557876586914
3.3655948638916016
3.3507468700408936
3.37158465385437
3.424927234649658
0
0
0
0
0
0
0
0
0
0
0
0
0
0
0
0
0
0
0
0
0
0
0
0
0
0
0
0
0
0
0
0
3.3662526607513428
3.3262908458709717
3.297273874282837
3.2960386276245117
2.0797693729400635
2.001990556716919
1.9732120037078857
1.9794965982437134
1.9586172103881836
1.9602279663085938
1.9787514209747314
1.9933067560195923
2.0602033138275146
0
0
3.4115147590637207
3.347468137741089
3.3473763465881348
3.3690297603607178
1.6521984338760376
1.6257766485214233
1.5926885604858398
1.5874018669128418
1.579610824584961
1.570928931236267
1.5733469724655151
1.575925588607788
1.5879795551300049
1.6542977094650269
0
0
3.0109732151031494
2.9645490646362305
2.961472988128662
2.947861671447754
2.9785876274108887
3.0868892669677734
0
0
0
0
0
0
0
0
0
0
0
0
0
0
0
0
0
0
0
0
0
2.836148977279663
1.5716367959976196
1.525275468826294
1.5113825798034668
1.478789210319519
1.4790759086608887
1.4829250574111938
1.4943995475769043
1.4885926246643066
1.5082253217697144
1.5307713747024536
1.5838770866394043
0
0
0
0
0
0
0
3.167998790740967
3.1323792934417725
3.1330807209014893
3.138472318649292
3.179717779159546
0
0
0
0.3964962065219879
0.37208452820777893
0.357270210981369
0.3403514623641968
0.3320000171661377
0.322407603263855
0.3171372711658478
0.3111172616481781
0.3106392025947571
0.2849423587322235
0.30470171570777893
0.3189460039138794
0.29090994596481323
0.29400405287742615
0.2979530990123749
0.27766793966293335
0.2787006199359894
0.2853834927082062
0.2979050874710083
0.281095951795578
0.30468425154685974
0.3108271360397339
0.2881307899951935
0.2875582277774811
0.30502623319625854
0.2950969338417053
0.3162316679954529
0.30255916714668274
0.2944541573524475
0.308997243642807
0.30667969584465027
0.2979111671447754
0.3215612471103668
0.32078513503074646
0.31884557008743286
0.30551767349243164
0.32691341638565063
0.33026471734046936
0.35556358098983765
0.36843761801719666
0.376400351524353
1.0970975160598755
1.105898380279541
1.1068528890609741
1.1290706396102905
1.1391942501068115
1.144548773765564
1.175269365310669
1.216030478477478
2.2226130962371826
2.198857069015503
2.2072134017944336
2.1919026374816895
2.23222017288208
2.2422585487365723
3.1730451583862305
3.172621965408325
3.1960020065307617
3.2544357776641846
0
0
0
0
0
0
0
0
0
0
0
0
0
0
0
0
0
0
0
0
0
0
0
0
0
0
0
0
0
0
0
0
0
0
0
0
0
0
0
0
0
0
0
0
0
0
0
0
0
0
0
0
0
0
3.4776558876037598
3.4945967197418213
0
0
0
0
0
0
2.5460567474365234
2.546170234680176
0
0
0
0
0
0
0
0
0
0
0
0
0
0
0
0
0
0
0
0
0
0
0
0
0
3.461074113845825
3.467470407485962
