0
0
0
0
0
0
0
0
0
0
0
0
0
0
0
0
0
0
0
0
0
0
0
0
0
0
0
0
0
0
0
0
0
0
0
0
0
0
0
0
0
0
0
0
0
0
0
0
0
0
0
0
0
0
0
0
0
0
0
0
0
0
0
0
0
0
0
0
0
0
0
0
0
0
0
0
0
0
0
0
1.5918108224868774
1.54558527469635
1.5270458459854126
1.5171371698379517
1.521395206451416
1.515848994255066
1.5329182147979736
1.5067538022994995
1.5490303039550781
1.5689644813537598
1.6244444847106934
0
0
0
0
0
0
0
0
0
0
0
0
0
0
0
0
0
0
0
0
0
0.6380780935287476
0.6218498945236206
0.5736647844314575
0.5641054511070251
0.5725758075714111
0.5329974293708801
0.5422234535217285
0.5076013803482056
0.5469502806663513
0.537477970123291
0.5257474780082703
0.5331689715385437
0.5273261666297913
0.5143492817878723
0.5179948806762695
0.5198792815208435
0.5207751393318176
0.5449001789093018
0.5484065413475037
0.5256357789039612
0.5363290309906006
0.5541959404945374
0.5511670708656311
0.5930257439613342
0.5689431428909302
0.5894663333892822
0.5993618965148926
0
0
0
0
0
0
0
0
0
0
0
0
0
0
0
0
0
0
0
0
0
3.066056251525879
3.0294792652130127
3.030715227127075
3.0402536392211914
3.061229705810547
0
0
0
0
0
0
0
0
0
0
0
0
0
0
0
0
1.6504875421524048
1.6424092054367065
1.5997291803359985
1.6144911050796509
1.5969165563583374
1.596957802772522
1.6103568077087402
1.6108499765396118
1.6311050653457642
1.675788402557373
0
0
0
0
0
2.670328378677368
2.613509178161621
2.6037445068359375
2.589398145675659
2.60840106010437
2.6456077098846436
0
0
0
0
0
0
0
0
0
0
0
0
0
0
0
0
0
0
0
0
0
3.1916122436523438
3.1473233699798584
3.129685163497925
3.166611909866333
3.1868879795074463
0
0
0
0
0
0
0
0
0
0
0
0
1.4649584293365479
1.4188693761825562
1.3952696323394775
1.3720844984054565
1.3525822162628174
1.3651816844940186
1.3718671798706055
1.3750239610671997
1.3833311796188354
1.4026451110839844
1.394954800605774
1.4391591548919678
0
0
0
0
3.104194402694702
3.0295803546905518
2.9950027465820312
2.9901468753814697
3.015770673751831
3.0551364421844482
0
0
0
0
0
0
0
0
0
0
0
0
0
0
0
0
0
0
0
0
0
0
0
0
0
0
0
0
0
0
0
0
0
0
0
0
0
0
0
0
0
0
0
1.5740230083465576
1.5157883167266846
1.4878251552581787
1.4613513946533203
1.4783817529678345
1.491715669631958
1.494295597076416
1.4854423999786377
1.5068544149398804
1.5296273231506348
1.55888831615448
0
0
0
0
0
0
0
0
0
0
0
0
0
0
0
0
0
0
0
0
0
0
0
0
0
0
0
0
0
0
0
0
0
0
0
0
0
0
0
0
0
0
0
0
