1.1228781938552856
1.1168184280395508
1.1577767133712769
1.1864339113235474
0
0
0
0
0
0
0
0
0
0
0
0
0
0
0
0
0
0
0
0
0
0
0
0
0
0
2.296383857727051
2.248056173324585
2.214381694793701
2.2000181674957275
2.20664381980896
2.2041475772857666
2.228801965713501
2.264791488647461
0
0
0
0
0
0
0
0
0
0
0
0
0
0
0
0
0
0
0
0
0
0
0
0
0
2.696884870529175
2.6503217220306396
2.6403281688690186
2.627357244491577
2.6599042415618896
2.6902215480804443
0
0
0
0
0
0
0
0
0
0
0
0
0
3.0167009830474854
3.352606773376465
3.3165805339813232
3.295293092727661
3.30110239982605
3.317753791809082
3.3202242851257324
3.303133010864258
3.29971981048584
3.289898157119751
3.299612045288086
3.295104742050171
3.3051466941833496
3.318648099899292
3.3324971199035645
3.33349871635437
3.2947003841400146
2.9422285556793213
0
0
0
0
0
0
3.374844789505005
3.17816424369812
3.0797476768493652
0
0
0
0
0
0
0
0
0
0
0
0
0.9729704260826111
0.9542361497879028
0.9811017513275146
0
0
0
0
0
0
0
0
0
0
0
0
0
0
0
0
0
0
0
0
0
0
2.4757449626922607
2.425830841064453
2.415825128555298
2.4229583740234375
2.4164209365844727
2.4514412879943848
2.532532215118408
0
0
0
0
0
0
0
0
0
0
0
0
0
0
0
0
0
0
0
0
3.4560787677764893
0
0
0
0
0
0
0
0
0
0
0
0
0
0
0
0
0
0
0
1.82090425491333
0
0
0
0
0
0
0
0
0
0
0
0
0
0
0
0
0
0
0
0
0
0
0
0
0
0
0
0
0
0
0
0
0
0
0
0
0
0
0
0
0
0
0
0
1.1301052570343018
1.126172423362732
1.1020007133483887
1.0916622877120972
1.075932502746582
1.0939874649047852
1.0805357694625854
1.0600738525390625
1.0899791717529297
1.076263666152954
1.07880699634552
1.1079028844833374
1.1094878911972046
1.135019302368164
1.2023766040802002
0
0
0
0
0
0
0
0
0
0
0
0
0
0
0
0
0
0
0
0
0
0
0
0
0
0
0
0
0
0
0
0
0
0
3.4903793334960938
0
0
0
0
0
0
0
0
0
0
0
0
0
0
0
0
0
0
0
0
0
1.9498847723007202
1.9674707651138306
0
0
0
0
0
0
0
0
0
0
0
0
0
0
0
0
0
0
0
0
0
0
0
0
0
0
0
0
0
0
0
0
0
0
0
3.275413751602173
3.2203519344329834
3.228757381439209
1.1901878118515015
1.1503952741622925
1.130921721458435
1.1291166543960571
1.1080334186553955
1.108487606048584
1.1031625270843506
1.0943573713302612
1.096108317375183
1.097826600074768
1.1323180198669434
