0
0
2.044182300567627
1.9664605855941772
1.9521148204803467
1.9469789266586304
1.9346126317977905
1.9356801509857178
1.929091453552246
1.9600796699523926
2.001986265182495
0
0
0
0
0
1.433526873588562
1.3678069114685059
1.3864860534667969
0
0
0
0
0
0
0
0
0
0
0
0
0
0
0
0
0
0
0
0
0
0.902202308177948
0.8520717024803162
0.8296322822570801
0.8020576238632202
0.8243891000747681
0.8074565529823303
0.7958610653877258
0.7845087051391602
0.794722855091095
0.7913389801979065
0.7913135290145874
0.7937617301940918
0.7966874241828918
0.7978172898292542
0.8004558682441711
0.81959068775177
0.8220056295394897
0.8431063890457153
0.8798421025276184
0.9299626350402832
0
0
2.189321994781494
2.2821426391601562
2.3664028644561768
2.4520223140716553
2.5808000564575195
2.5447347164154053
2.5143086910247803
2.4966819286346436
2.4766225814819336
2.467111349105835
2.4483156204223633
2.451005220413208
2.4247303009033203
2.4266915321350098
2.403507947921753
2.398439884185791
2.3965752124786377
2.3707098960876465
2.385890483856201
2.368745803833008
2.36309552192688
2.3685147762298584
2.3502297401428223
2.3311767578125
1.9429775476455688
2.2902112007141113
2.3397884368896484
2.332756996154785
2.3302743434906006
2.3438942432403564
2.3364932537078857
2.3429839611053467
2.329770088195801
2.349154472351074
2.3531103134155273
2.336296319961548
2.36008358001709
2.376448392868042
2.358156204223633
2.3851821422576904
2.3825201988220215
2.4033546447753906
2.41300106048584
2.4038236141204834
2.4445881843566895
2.455084800720215
2.455976963043213
2.3317818641662598
2.219045877456665
2.105339527130127
2.108288288116455
2.5405032634735107
2.557673692703247
2.5762104988098145
2.5805766582489014
2.6203773021698
2.6404309272766113
2.67758846282959
2.703014850616455
2.726463794708252
2.7587063312530518
2.7810404300689697
2.8232622146606445
2.8506245613098145
2.8729281425476074
2.811328649520874
2.7312326431274414
2.6827192306518555
2.6252970695495605
2.5804507732391357
0
0
0
0
0
0
0
0
0
0
0
0
0
0
0
0
0.630328893661499
0.5858981013298035
0.5789920091629028
0.5562081336975098
0.5489351153373718
0.5190908908843994
0.5058366060256958
0.51669842004776
0.5202862620353699
0.4957343339920044
0.4977867007255554
0.49112188816070557
0.4845576286315918
0.4859585464000702
0.47352269291877747
0.48524144291877747
0.4866907596588135
0.48447564244270325
0.48169782757759094
0.5037719011306763
0.5007277727127075
0.4980044364929199
0.4774008095264435
0.5004810690879822
0.5001909732818604
0.48990869522094727
0.49356043338775635
0.49739232659339905
0.5077309012413025
0.5064532160758972
0.5224936604499817
0.5229551196098328
0.5427741408348083
0.5496637225151062
0.560452401638031
0.5692614316940308
0.6000276803970337
0.6294769644737244
0.9102929830551147
0.8989184498786926
0.8706508874893188
0.8937354683876038
0.8714590668678284
0.8689867258071899
0.8689373135566711
0.8709641695022583
0.8837058544158936
0.8784250020980835
0.8849405646324158
0.8894280791282654
0.899258553981781
0.926127016544342
0.9302189350128174
0.9969927072525024
0
1.774112343788147
1.7340550422668457
1.6816047430038452
1.6732715368270874
1.6680421829223633
1.6589828729629517
1.6454322338104248
1.6325442790985107
1.6341217756271362
1.6513038873672485
1.6592973470687866
1.6897937059402466
1.709299087524414
1.732905626296997
1.8365354537963867
2.851619005203247
2.6968655586242676
2.6254982948303223
2.5873501300811768
2.5490968227386475
2.514045000076294
2.4994397163391113
2.48455548286438
2.4633312225341797
2.4416239261627197
2.421196460723877
2.456719160079956
2.4663233757019043
2.498793125152588
2.5202479362487793
2.5359370708465576
2.546304225921631
2.611513614654541
2.6671946048736572
2.8034844398498535
0
0
0
0
0
2.802699089050293
2.7148642539978027
2.676689624786377
2.661137819290161
2.6297433376312256
2.61995530128479
2.6253662109375
2.626612901687622
2.6461784839630127
2.6569762229919434
2.7319724559783936
2.7978734970092773
0
0
0
0
0
0
0
0
0
0
0
0
0
0
0
0
0
0
0
0
0
0
0
0
0
0
0
1.963929295539856
1.9264363050460815
1.9071152210235596
1.894434928894043
1.905056357383728
1.8806326389312744
1.9035736322402954
1.941697120666504
1.9949591159820557
0
0
0
0
0
0
0
0
0
0
0
0
0
0
0
0
0
0
1.8853970766067505
0.7115997076034546
0.6665170192718506
0.6527023911476135
0.6266041398048401
0.6159069538116455
0.595511257648468
0.6188550591468811
0.606619656085968
0.6010915040969849
0.5934523344039917
0.5836459994316101
0.5881400108337402
0.6002992987632751
0.5748757123947144
0.5876494646072388
0.5957645177841187
0.5970925092697144
0.5793947577476501
0.6111780405044556
0.6138104200363159
0.6229671835899353
0.6307981014251709
0.6288687586784363
0.6529582738876343
0.6866922378540039
2.4006314277648926
1.3346972465515137
1.3215512037277222
1.2757996320724487
1.2580957412719727
1.2649708986282349
1.2402880191802979
1.2345600128173828
1.241724967956543
1.264847993850708
1.2590960264205933
1.261567234992981
1.2797890901565552
1.3296403884887695
2.576930046081543
2.6310601234436035
0
0
0
0
0
0
0
0
0
