0
0
2.05033802986145
2.001004934310913
1.9403308629989624
1.9457554817199707
1.9247980117797852
1.9448790550231934
1.9512825012207031
1.9709361791610718
2.00991153717041
0
0
0
0
0
1.4088722467422485
1.3793946504592896
1.380676507949829
0
0
0
0
0
0
0
0
0
0
0
0
0
0
0
0
0
0
0
0
0
0.885862410068512
0.8541088104248047
0.8273163437843323
0.8252353072166443
0.8083215355873108
0.8076887130737305
0.803175687789917
0.7901513576507568
0.7951769828796387
0.7880519032478333
0.7868798971176147
0.8093761801719666
0.7977648973464966
0.7989067435264587
0.8023532032966614
0.8094889521598816
0.8271854519844055
0.8522974252700806
0.8746456503868103
0.9114801287651062
0
0
2.2137811183929443
2.2804737091064453
2.3697848320007324
2.449742078781128
2.546243190765381
2.5312278270721436
2.52934193611145
2.5194499492645264
2.483268976211548
2.4787497520446777
2.458385705947876
2.4346022605895996
2.436344861984253
2.411278247833252
2.382641315460205
2.3875644207000732
2.397930383682251
2.363347053527832
2.3822073936462402
2.346130609512329
2.3356308937072754
2.3552229404449463
2.3446099758148193
2.345557451248169
1.9447792768478394
2.29769229888916
2.3342831134796143
2.344320774078369
2.3147966861724854
2.332021474838257
2.3511807918548584
2.343748092651367
2.3398430347442627
2.333634853363037
2.3490817546844482
2.3422598838806152
2.3592538833618164
2.353139638900757
2.37677264213562
2.3762073516845703
2.3736214637756348
2.41156005859375
2.4022819995880127
2.408306837081909
2.4485888481140137
2.4495561122894287
2.4389424324035645
2.330925703048706
2.2062389850616455
2.0918257236480713
2.1098721027374268
2.54085111618042
2.5625007152557373
2.597541093826294
2.6090197563171387
2.6103498935699463
2.655078887939453
2.6601481437683105
2.6934618949890137
2.723059892654419
2.7512998580932617
2.7897372245788574
2.8132402896881104
2.8606162071228027
2.8610939979553223
2.8164947032928467
2.7414143085479736
2.6692917346954346
2.625088930130005
2.586268663406372
0
0
0
0
0
0
0
0
0
0
0
0
0
0
0
0
0.6014977097511292
0.5895106196403503
0.5590167045593262
0.5576429963111877
0.5391918420791626
0.5310509204864502
0.5202361345291138
0.5231356024742126
0.5177510380744934
0.49235549569129944
0.5123524069786072
0.4926148056983948
0.48806285858154297
0.49277982115745544
0.4813428819179535
0.4964919686317444
0.47246816754341125
0.4799787998199463
0.49113717675209045
0.492107629776001
0.498803049325943
0.47565919160842896
0.48852798342704773
0.48137733340263367
0.4885278642177582
0.48508715629577637
0.5010061264038086
0.49437853693962097
0.5151188969612122
0.5158559083938599
0.5099049210548401
0.5189099907875061
0.535122811794281
0.5306368470191956
0.5702097415924072
0.5760836005210876
0.5826618075370789
0.6348569393157959
0.9126545786857605
0.898926317691803
0.8992782235145569
0.8832362294197083
0.8715648055076599
0.8634430170059204
0.8676159381866455
0.8575717210769653
0.8699010014533997
0.8613332509994507
0.8882971405982971
0.8861465454101562
0.8888064026832581
0.9104875922203064
0.933152973651886
0.9831733703613281
0
1.7734386920928955
1.7171257734298706
1.695864200592041
1.6745437383651733
1.6595826148986816
1.6370378732681274
1.6390197277069092
1.6359870433807373
1.6581623554229736
1.6487008333206177
1.6570855379104614
1.667100191116333
1.7081233263015747
1.7433892488479614
1.8393460512161255
2.860154151916504
2.68973970413208
2.6204733848571777
2.5736265182495117
2.527655839920044
2.485572338104248
2.4745936393737793
2.468245267868042
2.447439432144165
2.451970100402832
2.4572231769561768
2.4715323448181152
2.4819929599761963
2.48710036277771
2.4833266735076904
2.54337477684021
2.576197624206543
2.626805067062378
2.6723155975341797
2.7782468795776367
0
0
0
0
0
2.8149173259735107
2.746926784515381
2.6736958026885986
2.6632072925567627
2.635343551635742
2.6112987995147705
2.625293493270874
2.6494739055633545
2.6422338485717773
2.6703073978424072
2.7044615745544434
2.7935454845428467
0
0
0
0
0
0
0
0
0
0
0
0
0
0
0
0
0
0
0
0
0
0
0
0
0
0
0
1.9532873630523682
1.932522177696228
1.8928583860397339
1.898154854774475
1.9039756059646606
1.8925306797027588
1.9271572828292847
1.940414547920227
2.0200586318969727
0
0
0
0
0
0
0
0
0
0
0
0
0
0
0
0
0
0
1.8694987297058105
0.7014766931533813
0.6698012351989746
0.6698048114776611
0.6324625611305237
0.6263139843940735
0.6148744225502014
0.6118811964988708
0.5887048244476318
0.6192116737365723
0.5828452706336975
0.6034279465675354
0.5970280766487122
0.5899758338928223
0.5889683961868286
0.599041223526001
0.5959566235542297
0.6115215420722961
0.6148948073387146
0.605545163154602
0.6136675477027893
0.6251739859580994
0.6106694936752319
0.643593966960907
0.66420578956604
0.6724870800971985
2.3693833351135254
1.3382989168167114
1.3038123846054077
1.2630599737167358
1.2777221202850342
1.232934832572937
1.244353175163269
1.2605955600738525
1.2468734979629517
1.2623047828674316
1.2507869005203247
1.2679508924484253
1.2845675945281982
1.3267498016357422
2.580554246902466
2.6408510208129883
0
0
0
0
0
0
0
0
0
