0.40967366099357605
0.4073530435562134
0.40589314699172974
0.4124411642551422
0.40949076414108276
0.4222569763660431
0.4148488938808441
0.4240982234477997
0.4381808042526245
0.4264977276325226
0.4401390552520752
0.46167251467704773
0.44306135177612305
0.4558170735836029
0.4681190252304077
0.4914190471172333
1.1201221942901611
2.525848627090454
2.5767691135406494
2.5925562381744385
0
0
0
0
0
0
0
0
0
0
0
0
0
0
0
0
0
0
0
0
0
0
0
0
0
0
0
0
2.169229745864868
2.100562810897827
2.084172487258911
2.080859899520874
2.056411027908325
2.0600392818450928
2.108454465866089
2.1341209411621094
2.1796629428863525
0
0
0
0
0
0
0
0
0
0
0
0
0
0
0
0
0
0
0
0
0
0
0
0
0
0
0
0
0
0
0
0
0
0
0
0
0
2.7664804458618164
2.7155137062072754
2.6765975952148438
1.109149694442749
1.1145840883255005
1.1324143409729004
2.822265863418579
0
0
0
0
0
0
0
0
0
0
3.4702205657958984
3.4560115337371826
3.4875648021698
0
0
0
0
0
0
0
0
0
0
0
0
0
0
0
0
0
0
0
0
0
0
0
1.7836191654205322
1.7266839742660522
1.7185587882995605
1.6961212158203125
1.6662218570709229
1.6955891847610474
1.703440546989441
1.7098230123519897
1.7436702251434326
1.7645413875579834
0
0
0
0
0
0
0
0
1.362471103668213
1.3201998472213745
1.3285527229309082
1.2970858812332153
1.2635931968688965
1.2722501754760742
1.2720071077346802
1.28093421459198
1.27626371383667
1.2848700284957886
1.3117640018463135
1.3313829898834229
0
0
0
0
0
0
0
2.0931262969970703
2.0687198638916016
2.0666589736938477
2.0552170276641846
2.0418429374694824
2.076533317565918
2.084709644317627
2.1149954795837402
0
0
0
0
0
0
0
0
0
0
0
0
0
0
0
0
0
0
0
0
0
0
0
0
0
0
0
0
0
0
0
0
0
0
0
0
0
0
0
0
0
0
0
0
0
0
0
0
0
0
0
0
0
0
0
0
0
0
0
0
0
0
0
0
0
0
0
0
0
0
0
0
0
0
0
0
0
0
0
0
0
0
0
0
0
2.4884536266326904
2.434971809387207
2.4236419200897217
2.4105899333953857
2.4088292121887207
2.44472074508667
2.474252700805664
0
0
0
0
2.8176591396331787
2.7793984413146973
2.7512779235839844
2.7410025596618652
2.760645866394043
2.7943878173828125
0
0
0
3.2246508598327637
3.1678524017333984
3.1598522663116455
3.168499231338501
3.1867105960845947
0
0
0
0
0
0
0
0
0
0
0
0
0
0
0
0
0
0
0
0
0
0
0
0
0
0
0
0
0
0
0
0
0
0
0
0
0
0
0
0
2.682380199432373
2.6706976890563965
2.6431496143341064
1.0642902851104736
1.0482059717178345
1.0336226224899292
1.5445531606674194
1.5115869045257568
1.5013072490692139
1.499358892440796
0.5248476266860962
0.48009544610977173
0.47285011410713196
0.45152363181114197
0.4330190122127533
0.43192267417907715
0.434394508600235
0.3992626667022705
0.4260565936565399
0.42008379101753235
0.3967900276184082
0.40496787428855896
0.42477792501449585
0.40849560499191284
0.39715006947517395
0.4081519544124603
0.4057660400867462
0.40283775329589844
