0
0
0
0
0
0
0
0
0
3.370788812637329
3.3398942947387695
3.336369514465332
3.3580517768859863
3.4077067375183105
0
0
0
0
0
0
0
0
0
0
0
0
0
0
0
0
0
0
0
0
0
0
0
0
0
0
0
0
0
0
0
0
0
0
0
0
0
0
0
0
0
2.098156213760376
2.023512601852417
1.9883888959884644
1.9593980312347412
1.9776612520217896
1.5170427560806274
1.5010700225830078
1.4582467079162598
1.4599062204360962
1.4588229656219482
1.4654392004013062
1.479183316230774
1.4682691097259521
1.4688633680343628
1.4838838577270508
1.5175714492797852
2.4285523891448975
2.4495959281921387
1.9629590511322021
1.9127103090286255
1.8631556034088135
1.8761805295944214
1.860761046409607
1.8799901008605957
1.9000896215438843
1.9135842323303223
1.9390079975128174
0
0
0
0
0
0
0
0
0
0
0
0
0
0
0
0
0
0
0
0
0
0
0
0
0
0
0
0
0
0
0
0
0
0
0
0
0
0
0
0
0
0
0
0
0
2.3002405166625977
2.2683756351470947
2.258685350418091
2.2528395652770996
2.2455875873565674
2.2555301189422607
2.3014750480651855
1.8773819208145142
1.8499016761779785
1.8198179006576538
1.8021974563598633
1.8246287107467651
1.811270833015442
1.84101402759552
1.8653559684753418
1.9285746812820435
0
0
0
0
0
0
0
0
0
0
0
0
0
0
0
0
0
0
0
0
0
0
0
0
0
0
0
0
0
0
0
0
0
0
0
0
0
0
0
0
0
0
0
0
0
1.3739359378814697
1.3681824207305908
1.3264538049697876
1.3371665477752686
1.2893767356872559
1.3056788444519043
1.3319742679595947
1.3222224712371826
1.335038185119629
1.3385931253433228
1.3724879026412964
1.4198634624481201
0
0
0
0
0
0
0
0
1.1723260879516602
1.1097129583358765
1.0885456800460815
1.0686545372009277
1.055000901222229
1.0581231117248535
1.0492737293243408
1.0428119897842407
1.0409058332443237
1.0629830360412598
1.0634992122650146
1.0484163761138916
1.08323335647583
1.0902884006500244
1.1203514337539673
0
0
0
0
0
0
0
0
0
0
0
0
0
0
0
0
0
0
0
0
0
0
0
0
0
0
0
0
0
0
0
0
0
0
0
0
0
0
0
0
0
0
0
0
0
0
0
0
0
0
0
0
0
0
0
0
0
0
0
0
0
0
0
0
0
0
0
0
0
0
0
0
0
0
0
0
0
0
0
0
0
0
0
0
0
0
0
0
0
0
0
0
0
0
0
0
0
0
0
0
0
0
0
0
0
0
0
0
0
1.9518131017684937
1.9157774448394775
1.8964072465896606
1.8918324708938599
1.8814113140106201
1.8993804454803467
1.8877055644989014
1.9401071071624756
1.9919705390930176
0
0
1.6267659664154053
1.5601519346237183
1.5272818803787231
1.5076782703399658
1.5108269453048706
1.4919975996017456
1.493800401687622
1.4854546785354614
1.5275059938430786
1.541387915611267
1.5565890073776245
1.624367356300354
0
0
0
0
0
