2.129405975341797
2.1315879821777344
2.115290641784668
2.1012871265411377
2.097136974334717
1.7240208387374878
1.9651366472244263
2.2122819423675537
3.1231441497802734
3.0926764011383057
0
0
0
0
0
0
0
0
0
0
0
0
0
0
0
0
0
0
0
0
0
0
0
0
0
0
0
0
0
0
0
0
0
0
0
0
2.011835813522339
2.073272705078125
2.201146364212036
2.290245771408081
2.3924200534820557
2.4392592906951904
2.4374406337738037
2.410849094390869
2.389073371887207
2.3950858116149902
2.386350393295288
2.3740861415863037
2.34335994720459
1.886852741241455
2.0354650020599365
2.220094919204712
3.38334584236145
3.448852062225342
0
0
0
0
0
0
3.4668385982513428
3.407092809677124
3.3798744678497314
3.347050905227661
3.3564717769622803
3.4658071994781494
0
0
0
0
0
0
0
0
0
0
0
0
0
0
0
0
0
0
0
0
0
0
0
0
0
0
0
0
0
0
0
0
0
0
0
3.206389904022217
2.7378406524658203
2.7466588020324707
2.7566978931427
2.77061128616333
2.782125234603882
2.8062028884887695
2.813875198364258
1.5932700634002686
1.5049768686294556
1.4214850664138794
1.3510124683380127
1.1102712154388428
1.0480425357818604
1.021620273590088
0.9766642451286316
0.9285255670547485
0.9011436700820923
0.856187641620636
0.8557912707328796
0.8149065971374512
0.7940219044685364
0.7750434279441833
0.7656006217002869
1.2527620792388916
1.2676632404327393
1.274820327758789
1.2901594638824463
1.2982488870620728
1.3187586069107056
1.3432130813598633
1.3574572801589966
1.3799803256988525
1.392578363418579
1.4185669422149658
1.4365205764770508
1.4967154264450073
1.4922033548355103
1.5369043350219727
1.5508023500442505
1.5884299278259277
1.6144909858703613
1.637278437614441
1.6447196006774902
1.626546025276184
1.61143159866333
1.5827280282974243
1.5729506015777588
1.53258216381073
1.5311866998672485
1.5167839527130127
1.501739501953125
1.4877973794937134
1.4806290864944458
1.4411593675613403
1.5545698404312134
1.555166482925415
2.5188357830047607
2.5064358711242676
2.4787960052490234
2.4769532680511475
2.4492433071136475
2.448662042617798
2.4184718132019043
2.421534776687622
2.4072177410125732
0
0
0
0
0
0
0
0
0
0
0
0
0
0
0
0
0
0
0
0
0
0
3.3553006649017334
3.3702495098114014
2.453660488128662
2.459350824356079
2.4413390159606934
2.472144365310669
2.476269245147705
2.4869489669799805
2.4916603565216064
2.523118019104004
2.5292625427246094
2.9564261436462402
2.971224069595337
2.982076406478882
3.0013604164123535
3.0262603759765625
3.0510623455047607
0
0
0
0
0
0
0
0
0
0
0
0
3.383127212524414
3.406708002090454
3.460240125656128
0
0
0
0
0
0
0
0
0
0
0
0
0
0
0
0
0
0
0
0
0
0
0
0
0
0
0
0
0
0
1.9407973289489746
1.9047987461090088
1.8747401237487793
1.8414616584777832
1.8116189241409302
1.777103066444397
1.7762802839279175
1.718363642692566
1.6829087734222412
1.6679831743240356
1.6917707920074463
1.7604789733886719
1.7748050689697266
1.825742244720459
1.8708254098892212
1.9142721891403198
1.9946472644805908
2.025557279586792
2.0901846885681152
2.159266710281372
2.2298943996429443
2.288341999053955
2.3620402812957764
0
0
0
0
0
0
0
0
0
0
0
0
0
0
0
0
0
0
0
0
0
0
0
0
0
2.7638297080993652
2.6627449989318848
2.5743608474731445
2.4778504371643066
2.4592206478118896
2.942249298095703
2.977677583694458
3.0060949325561523
3.0360281467437744
3.065875291824341
3.112806558609009
3.165285110473633
3.2110252380371094
3.233405590057373
3.2770562171936035
3.216918468475342
3.13144850730896
3.0899109840393066
3.0611824989318848
3.0062215328216553
3.085237979888916
0
0
0
0
0
0
0
0
2.037324905395508
2.0815067291259766
2.125458240509033
2.202354669570923
2.269109010696411
2.330620765686035
2.363375663757324
2.32959246635437
2.320688247680664
2.2835850715637207
2.276012897491455
2.2662601470947266
2.236241340637207
2.245093584060669
2.2151901721954346
2.210432291030884
2.185124635696411
2.1781394481658936
2.1600911617279053
2.1534502506256104
2.13297176361084
2.1088309288024902
