0
0
0
0
0
0
0
0
0
0
0
0
0
0
0
1.7524676322937012
1.7211652994155884
1.674063801765442
1.6717700958251953
1.6737569570541382
1.681830644607544
1.6573247909545898
1.6985352039337158
1.71102774143219
1.762195348739624
0
0
2.2513439655303955
2.2195823192596436
2.168138027191162
2.1702044010162354
2.1612179279327393
2.1508796215057373
1.6361461877822876
1.6080268621444702
1.6083128452301025
1.5893081426620483
1.5736812353134155
1.5852397680282593
1.5889151096343994
1.5804311037063599
1.6284804344177246
1.6557180881500244
0
0
0
0
0
0
0
0
0
0
0
0
0
0
0
0
0
0
0
0
0
0
0
0
0
0
0
0
0
0
0
0
0
0
0
0
0
0
0
0
0
0
0
0
0
2.0335817337036133
1.9769999980926514
1.9486290216445923
1.9465762376785278
1.9164713621139526
1.951649785041809
1.9347286224365234
1.9678713083267212
1.5405579805374146
1.5078660249710083
1.464743733406067
1.4406384229660034
1.4394797086715698
1.451701283454895
1.4170422554016113
1.4520843029022217
1.4403223991394043
1.4556663036346436
1.4816865921020508
1.5451027154922485
2.0106911659240723
2.005075216293335
2.0317649841308594
2.085557222366333
0
0
0
0
1.6630637645721436
1.6236191987991333
1.604760766029358
1.6059632301330566
1.5753179788589478
1.5825135707855225
1.6083108186721802
1.630751371383667
1.6416903734207153
1.6845420598983765
0
0
0
0
0
0
0
0
0
0
0
0
0
3.372410774230957
3.1955320835113525
3.0400912761688232
2.8871774673461914
2.7395036220550537
2.636784076690674
2.6754848957061768
2.6935575008392334
2.6906726360321045
2.734165906906128
2.7673230171203613
2.781679391860962
2.8056082725524902
0
2.138284683227539
2.0621252059936523
2.0120043754577637
1.9669015407562256
1.9076694250106812
1.8679862022399902
1.8115934133529663
1.776463508605957
1.729348063468933
1.6894413232803345
1.6543166637420654
1.6332106590270996
1.5940483808517456
1.5659247636795044
1.5491098165512085
1.5174243450164795
1.4732416868209839
1.4663066864013672
1.462330937385559
1.4422932863235474
1.4993891716003418
1.5110177993774414
1.528090238571167
1.5884093046188354
1.6171103715896606
1.6728038787841797
1.6936414241790771
1.7730683088302612
0
0
0
0
0
0
0
0
0
0
0
0
0
0
0
0
0
1.320213794708252
1.2682874202728271
1.244985580444336
1.2051600217819214
1.2013498544692993
1.219672441482544
1.1901233196258545
1.213936686515808
1.208328127861023
1.2197626829147339
1.2214034795761108
1.2517396211624146
1.296297311782837
1.3502881526947021
0
0
0
0
0
0
1.5228744745254517
1.4499386548995972
1.441003441810608
1.4139974117279053
1.400734305381775
1.406334400177002
1.3971924781799316
0.9788104295730591
0.9499801993370056
0.916820228099823
0.9024724960327148
0.9029861092567444
0.8987874984741211
0.8926653861999512
0.8988059163093567
0.8933821320533752
0.8899106383323669
0.8883280158042908
0.8756006360054016
0.899495005607605
0.9091585874557495
0.9238824844360352
0.9619635939598083
0.9950052499771118
3.02374267578125
3.080122232437134
0
0
0
3.2448694705963135
3.1810972690582275
3.1709704399108887
3.1211063861846924
3.1612319946289062
3.2204179763793945
0
0
0
0
0
0
0
0
0
0
0
0
0
0
0
0
0
0
0
0
0
0
0
2.2063231468200684
2.1449830532073975
2.1509451866149902
2.118184804916382
2.1419687271118164
2.145385980606079
2.1555159091949463
1.690820336341858
1.6355910301208496
1.6175237894058228
1.619580626487732
1.6215819120407104
1.6019352674484253
1.607954740524292
1.6186344623565674
1.6429593563079834
1.6876189708709717
2.2063512802124023
2.23271107673645
2.2578041553497314
2.272549629211426
0
0
0
0
0
0
0
0
0
0
0
0
0
0
0
0
0
0
0
0
0
0
0
0
0
0
0
0
0
0
0
0
0
0
2.7628233432769775
2.7155702114105225
2.678746223449707
2.679964065551758
2.6897919178009033
2.708649158477783
2.7709102630615234
2.390988349914551
2.327749252319336
2.279798984527588
2.2811102867126465
2.292276620864868
2.310497760772705
2.327733278274536
2.3702027797698975
2.846019983291626
2.8435120582580566
2.9266560077667236
0
0
0
0
0
0
0
0
0
0
0
