0
0
0
0
0
0
0
0
3.3505306243896484
3.2992472648620605
3.2720718383789062
3.297210454940796
2.308826208114624
2.258434534072876
2.247443675994873
2.2296619415283203
2.240290641784668
1.4443461894989014
1.4018440246582031
1.3908175230026245
1.3758589029312134
1.3525582551956177
1.3454025983810425
1.3772703409194946
1.3805837631225586
1.3802309036254883
1.4093096256256104
1.42851984500885
1.4660283327102661
0
0
0
0
0
0
0
0
0
0
0
0
0
0
0
0
0
0
0
0
0
0
0
0
0
0
0
0
3.0986435413360596
3.0373847484588623
3.029797315597534
2.986158847808838
3.0330495834350586
3.101001024246216
0
0
0
0
0
0
0
0
0
0
0
0.5140292644500732
0.48825037479400635
0.4619528353214264
0.45884281396865845
0.4395863711833954
0.4264654219150543
0.44398006796836853
0.41570064425468445
0.40315860509872437
0.42504584789276123
0.41337233781814575
0.4303879141807556
0.40842270851135254
0.3938567042350769
0.4002302885055542
0.4002244770526886
0.41036108136177063
0.39049455523490906
0.4011659622192383
0.4024161696434021
0.413125216960907
0.4143061637878418
0.41606271266937256
0.41572311520576477
0.4239331781864166
0.4113357365131378
0.43523409962654114
0.41534870862960815
0.455096960067749
0.4425279498100281
0.45580965280532837
0.4809381663799286
0.4849587082862854
2.46490216255188
2.4812746047973633
2.516059398651123
2.5776748657226562
0
0
0
0
0
0
0
0
0
0
0
0
0
0
0
0
2.5768792629241943
2.5192923545837402
2.4774677753448486
2.4707953929901123
2.488645076751709
2.5007176399230957
2.5648417472839355
0
0
0
0
0
0
0
0
0
0
0
0
0
0
0
0
0
0
1.8736324310302734
1.8197757005691528
1.8087184429168701
1.7885205745697021
1.7957539558410645
1.8127402067184448
1.8154464960098267
1.8305976390838623
1.8721952438354492
0
0
0
0
0
0
3.427931308746338
3.339430332183838
3.3224987983703613
3.3335747718811035
3.340815782546997
0
0
0
0
0
0
0
0
0
0
0
0
1.9042755365371704
1.8763095140457153
1.833162546157837
1.8258332014083862
1.829790472984314
0.5888517498970032
0.5446907877922058
0.5267024636268616
0.5139590501785278
0.5073655843734741
0.5154997706413269
0.4841028153896332
0.46856799721717834
0.4855000972747803
0.488125741481781
0.4736440181732178
0.45726948976516724
0.46792611479759216
0.4657851457595825
0.466837078332901
0.4484696090221405
0.4833780825138092
0.4659091830253601
0.4877024292945862
0.4620716869831085
0.4849737584590912
0.49680525064468384
0.4942352771759033
0.4922308027744293
0.5029143691062927
0.501676082611084
0.5333112478256226
0.5310617089271545
0.5583429336547852
0.6058596968650818
2.494804620742798
0
0
0
0
0
0
0
0
3.050996780395508
3.035630464553833
3.031606435775757
3.026064872741699
3.0669047832489014
0
0
0
0
0
1.4656450748443604
1.4086073637008667
1.3565280437469482
1.359471321105957
1.345335841178894
1.3481615781784058
1.3421986103057861
1.3496984243392944
1.3570488691329956
1.3631103038787842
1.3743597269058228
1.4352049827575684
2.4330248832702637
2.3791301250457764
2.3665318489074707
2.3808441162109375
2.3702232837677
2.4091989994049072
2.4297399520874023
0
0
0
0
0
0
0
0
0
0
0
0
0
0
0
0
0
0
0
0
0
0
0
0
0
0
0
2.7140839099884033
2.6554195880889893
2.6486997604370117
2.6300415992736816
2.6395280361175537
2.681361436843872
2.754363775253296
0
0
0
0
0
0
0
0
0
0
0
0
0
1.5258376598358154
1.430477499961853
1.4291950464248657
1.4104607105255127
1.3844051361083984
1.3921926021575928
1.3782585859298706
1.3910884857177734
1.3831902742385864
1.4019664525985718
1.4145804643630981
1.4409527778625488
1.5052618980407715
0
0
0
0
0
0
0
0
0
0
0
0
0
0
2.4136276245117188
2.3642947673797607
2.356397867202759
2.3270657062530518
2.3413920402526855
2.3683669567108154
2.3943228721618652
0
0
0
0
0
0
0
0
0
0
0
0
0
0
0
0
0
0
0
0
0
0
