0.6852891445159912
0.6878699660301208
0.6866813898086548
0.7113749980926514
0.6804428696632385
0.6938715577125549
0.708666205406189
0.6941314935684204
0.6818768382072449
0.695802628993988
0.722558856010437
0.6990870833396912
0.7046438455581665
0.726674497127533
0.6934340000152588
0.7164779901504517
0.7127062678337097
0.7172850370407104
0.7243168354034424
0.7360268831253052
0.7275646328926086
0
0
0
0
0
0
0
0
0
0
0
0
1.8323404788970947
1.8420672416687012
1.8709112405776978
1.9039547443389893
1.9220610857009888
1.9549729824066162
1.9753092527389526
1.9963003396987915
2.0280394554138184
2.0464680194854736
2.0354537963867188
1.991353988647461
1.9478137493133545
1.9068851470947266
1.902063250541687
1.851988673210144
1.8264092206954956
1.7897206544876099
1.7814947366714478
1.7503148317337036
1.748647928237915
1.7067705392837524
1.6655299663543701
1.6521637439727783
1.161392331123352
1.1938326358795166
1.2236613035202026
1.2729030847549438
1.3282406330108643
1.3512260913848877
1.4124010801315308
1.444740891456604
1.5172343254089355
1.586617112159729
1.6043031215667725
1.5785377025604248
2.0895872116088867
2.0480496883392334
2.0421981811523438
2.0398576259613037
2.013706684112549
0
0
0
0
0
0
0
0
0
0
0
0
0
0
0
0
0
0
0
0
0
0
0
0
0
0
0
0
0
0
0
0
0
0
2.860297679901123
0
0
0
0
0
0
0
0
0
0
0
0
0
0
0
0
0
0
0
0
0
0
0
0
0
0
0
0
2.480915069580078
2.508068084716797
2.530686855316162
2.5446937084198
2.571697235107422
2.5808839797973633
2.6015846729278564
2.6283493041992188
2.5786612033843994
2.4912848472595215
1.6610602140426636
1.6667847633361816
1.6906534433364868
1.714598298072815
1.7399176359176636
1.776120662689209
1.7825984954833984
1.8079804182052612
1.834499716758728
1.8576221466064453
1.880219578742981
0
0
0
0
0
0
0
0
0
0
0
0
0
0
0
0
0
0
0
0
0
0
0
0
0
0
0
0
0
0
0
0
0
0
0
0
0
0
0
0
0
0
0
0
0
0
0
0
0
0
0
0
0
0
0
0
0
0
0
0
0
0
0
0
2.36854887008667
2.3992156982421875
2.4651734828948975
2.4918220043182373
2.550508737564087
2.5982041358947754
2.6071035861968994
2.5802745819091797
2.5424044132232666
2.5043184757232666
2.489377021789551
2.4524760246276855
2.404322624206543
2.3896946907043457
2.352207660675049
2.3397204875946045
2.3078384399414062
2.300184965133667
2.2762300968170166
1.7893723249435425
1.835545301437378
1.9062931537628174
1.9868983030319214
1.7606706619262695
1.8503941297531128
1.9174903631210327
2.038193941116333
2.1181650161743164
2.1028566360473633
2.0969130992889404
2.077397584915161
2.0836987495422363
2.082791805267334
2.069171905517578
2.0509591102600098
2.042201519012451
2.0450494289398193
1.9967405796051025
2.0419957637786865
2.0076489448547363
1.9965298175811768
1.9914519786834717
2.008098840713501
1.9980422258377075
1.9949121475219727
2.006000518798828
2.0125820636749268
1.9993644952774048
1.9970898628234863
1.9969065189361572
2.005873918533325
2.0230302810668945
1.8212406635284424
1.6151738166809082
0
0
0
0
0
0
0
0
0
0
0
0
0
0
0
0
0
0
0
0.6476612687110901
0.6363750696182251
0.6190045475959778
0.6098852753639221
0.5947883129119873
0.5602335333824158
0.5557831525802612
0.5243669748306274
0.5097159743309021
0.5068044662475586
0.4810442626476288
0.47880446910858154
0.4535232484340668
0.46645817160606384
0.46025675535202026
0.4398221969604492
0.4329383373260498
0.4269867241382599
0.39587169885635376
0.40036070346832275
0.39827555418014526
0.395082950592041
0.39389878511428833
0.3939957320690155
0.37937241792678833
0.3641717731952667
0.3696174919605255
0.38203078508377075
0.3828911781311035
0.36138778924942017
0.3908896744251251
0.37554728984832764
0.3957248330116272
0.41481006145477295
0.44189757108688354
0.4469767212867737
0.4540770947933197
0.45660626888275146
0.4807875156402588
0.5034131407737732
0.5400636196136475
0.5535622239112854
0.568065345287323
0.5869451761245728
0.6065863370895386
0.6602214574813843
0.6905103921890259
0.7283445596694946
0.7669589519500732
0.832467257976532
0.885934591293335
0.9399802088737488
1.0280187129974365
0.6875682473182678
0.6997587084770203
0.7025507688522339
0.6963827610015869
0.6857885122299194
0.6993775367736816
0.6868388652801514
0.6814427971839905
0.674580991268158
0.692299485206604
0.6900978088378906
0.7008464336395264
