0.2621036469936371
0.25621116161346436
0.26937156915664673
0.27255645394325256
0.26015666127204895
0.25733038783073425
0.27899613976478577
0.24922800064086914
0.2507244944572449
0.26087963581085205
0.2661360502243042
0.25947830080986023
0.2616281509399414
0.2828091084957123
0.25844451785087585
0.28508689999580383
0.26929420232772827
0.2819124162197113
0.25829315185546875
0.27945736050605774
0.27622953057289124
0.28900861740112305
0.2865605652332306
0.2899247109889984
0.25735166668891907
0.30137553811073303
0.3072296679019928
0.2973082363605499
0.3228810131549835
0.32929161190986633
0.35930585861206055
0
0
0
0
0
0
0
0
0
0
0
0
0
0.6276178956031799
0.6068650484085083
0.5929075479507446
0.5722978115081787
0.5704779028892517
0.5513966679573059
0.5692928433418274
0.5337361693382263
0.5424758791923523
0.5453802347183228
0.5576317310333252
0.5239195227622986
0.5301386117935181
0.5230369567871094
0.542470395565033
0.5464652180671692
0.5375688076019287
0.5178701877593994
0.5477071404457092
0.5328015089035034
0.5602424740791321
0.5481675267219543
0.5614935159683228
0.582894504070282
0.6012660264968872
0.6251629590988159
0.651096522808075
3.204550266265869
2.5800774097442627
2.5283567905426025
2.5098073482513428
2.5169291496276855
2.514960527420044
2.53410267829895
2.6333200931549072
3.0229835510253906
3.0508713722229004
3.0544137954711914
3.1123335361480713
0
0
0
0
0
0
0.38063177466392517
0.3551921248435974
0.3425123691558838
0.3290696144104004
0.333261102437973
0.3176201283931732
0.32643845677375793
0.3040580749511719
0.3169483244419098
0.3178403675556183
0.3014299273490906
0.31747013330459595
0.2696748971939087
0.27503958344459534
0.2956838309764862
0.2856581509113312
0.28012868762016296
0.2962556481361389
0.2896553874015808
0.31080883741378784
0.26760193705558777
0.28439196944236755
0.29511749744415283
0.29254427552223206
0.28629636764526367
0.27020758390426636
0.2854255735874176
0.2962736189365387
0.3076825439929962
0.3024885654449463
0.29979413747787476
0.29164981842041016
0.3048569858074188
0.3219592571258545
0.3135221302509308
0.33550795912742615
0.34302496910095215
0.3283173143863678
0.32377001643180847
0.3567260205745697
0.380939781665802
1.6943477392196655
1.6854352951049805
1.709848165512085
1.7603874206542969
0
0
0
0
0
0
0
0
0
0
0
0
0
0
0
0
0
0
0
0
0
0
3.3859102725982666
3.3437461853027344
3.3353111743927
3.361401081085205
3.401883840560913
0
0
3.1108996868133545
3.0336694717407227
3.025639772415161
3.042616605758667
3.0630359649658203
0
0
0
0
0
0
0
0
0
0
0
0
0
0
0
0
0
0
0
0
0
0
2.725315809249878
2.6487467288970947
2.6378419399261475
2.6443989276885986
2.6341516971588135
2.652336359024048
2.7288081645965576
0
3.238919734954834
3.1531333923339844
3.1313445568084717
3.1255156993865967
2.616365671157837
2.543437957763672
2.5535287857055664
2.5425539016723633
2.5590240955352783
2.559889554977417
2.6380648612976074
0
0
0
0
0
0
0
0
0
0
0
0
0
0
0
0
0
0
0
0
0
0
0
0
0
0
0
0
0
0
0
0
2.5869874954223633
2.018955945968628
1.9671530723571777
1.9357151985168457
1.9107898473739624
1.9350900650024414
1.9102630615234375
1.9290084838867188
1.9500901699066162
1.985396146774292
0
0
2.389587879180908
2.3636674880981445
2.362226724624634
2.349641799926758
2.3577075004577637
1.854512095451355
1.8222601413726807
1.8206502199172974
1.8106307983398438
1.8038805723190308
1.79328191280365
1.8271909952163696
1.8346089124679565
1.868898868560791
0
0
0
0
0
0
0
0
0
0
0
0
0
0
0
0
0
0
0
0
0
0
0
0
0
0
0
2.403958797454834
2.40779447555542
2.38804292678833
2.409857988357544
1.577267050743103
1.311447024345398
1.1255894899368286
0.9969770908355713
0.8846662044525146
0.8817393779754639
0.8883451223373413
0.9019123911857605
0.8929516673088074
0.9021336436271667
0.8808774948120117
0.9065214991569519
0.8983837962150574
0.9129868745803833
0.918459951877594
0.9257090091705322
0.9447705149650574
0.9354445338249207
0.9401897192001343
0.9334269762039185
0.9663108587265015
0.9554546475410461
0.9712085127830505
0.9852573871612549
0.9872739911079407
1.0241011381149292
1.0175732374191284
1.0107669830322266
0
0
0
0
0
0
0
0
0
0
0
0
0
0
0
0
0
0
0
0.35588088631629944
0.35320553183555603
0.30852851271629333
0.3284943401813507
0.3030731976032257
0.2942427396774292
0.288802832365036
0.275565505027771
0.276737779378891
0.28558480739593506
0.2698492705821991
0.2682762145996094
0.2793978452682495
0.2792035937309265
0.2623067796230316
