3.2733449935913086
3.231588840484619
3.2877418994903564
3.4161198139190674
0
0
0
0
0
0
0
0
0
0
0
0
0
0
0
0
0.8804894685745239
0.8336818218231201
0.8277259469032288
0.8096833229064941
0.8020236492156982
0.7821339964866638
0.794965922832489
0.7757222056388855
0.7757561802864075
0.7884541749954224
0.7782109379768372
0.7748736143112183
0.7651496529579163
0.7691991329193115
0.7837323546409607
0.8002170324325562
0.8005217909812927
0.8319722414016724
0.8308959603309631
0.8631661534309387
0
0
0
0
0
0
0
0
0
0
0
0
0
0
0
0
0
0
0
0
0
0
0
0
0
0
0
0
0
3.221465826034546
3.160353183746338
3.1524534225463867
3.1693265438079834
3.192782402038574
3.2877578735351562
0
0
0
0
0
0
0
0
0
0
0
0
0
0
0
1.8510392904281616
1.7334412336349487
1.6331520080566406
1.57107675075531
1.476979374885559
1.4242795705795288
1.375596523284912
1.2790327072143555
1.2405073642730713
1.2115658521652222
1.1545716524124146
1.1229692697525024
1.0796570777893066
1.0526061058044434
1.0138843059539795
0.9948439598083496
0.9496248364448547
0.933064341545105
0.9186356663703918
0.8865787386894226
0.8730158805847168
0.8573086857795715
0.8372464776039124
0.8137185573577881
0.8024744391441345
0.7739080786705017
0.7448278665542603
0.7576540112495422
0.7307736277580261
0.7247879505157471
0.727782666683197
0.6921558380126953
0.6986008882522583
0.676007091999054
0.6693031787872314
0.6678908467292786
0.6349992752075195
0.6389159560203552
0.6281388998031616
0.6192613244056702
0.6219656467437744
0.6057390570640564
0.6018973588943481
0.5927559733390808
0.5938841700553894
0.5828897953033447
0.5843333601951599
0.5657939314842224
0.571212112903595
0.5594276189804077
0.5446665287017822
0.5549992322921753
0.5327094793319702
0.5437480807304382
0.5382909774780273
0.5156698226928711
0.5312998294830322
0.5421682596206665
0.5196720957756042
0.5270547270774841
0.5264260768890381
0.5300217270851135
0.5342650413513184
0.5207881331443787
0.5129797458648682
0.5313854217529297
0.4986216127872467
0.5291908979415894
0.5149509906768799
0.5050103068351746
0.507051944732666
0.504535973072052
0.5049582123756409
0.5118504762649536
0.50026935338974
0.5241945385932922
0.5179457664489746
0.5197128057479858
0.4997904300689697
0.5122861862182617
0.5084948539733887
0.5154949426651001
0.528292715549469
0.5157049894332886
0.5156568288803101
0.5116761922836304
0.5062843561172485
0.5518726706504822
0.5223531723022461
0.5298144817352295
0.5418834090232849
0.5444951057434082
0.5428880453109741
0.5411572456359863
0.5477396249771118
0.5315777659416199
0.5281385779380798
0.549831211566925
0.54962158203125
0.5612815618515015
0.5679168701171875
0.5694683194160461
0.5769590139389038
0.585655689239502
0.5754836797714233
0.6098464727401733
0.6091364622116089
0.6189108490943909
0.619497537612915
0.6294220685958862
0.6445448398590088
0.6267833709716797
0.6502867341041565
0.6622337102890015
0.6778298020362854
0.6661126613616943
0.6693516373634338
0.6929713487625122
0.7179500460624695
0.7302367687225342
0.7299012541770935
0.7508217096328735
0.7680237293243408
0.8056874871253967
0.8022018074989319
0.8141990303993225
0.8471347093582153
0.8560172319412231
0.8838520050048828
0.9149550199508667
0.9177998304367065
0.9361394047737122
0.9696734547615051
1.0162655115127563
1.024510145187378
1.073403239250183
0
0
0
0
0
0
0
0
0
0
0
0
0
0
0
0
0
0.9666163325309753
0.9424470663070679
0.9184838533401489
0.9074879884719849
0.8810496926307678
0.8905699849128723
0.8688350319862366
0.8420599699020386
0.8722051382064819
0.862992525100708
0.8773351311683655
0.8669824004173279
0.8757907152175903
0.8838227987289429
0.8861216902732849
0.9126744270324707
0.9384557604789734
0.9774501919746399
1.7987815141677856
1.8163832426071167
1.8034443855285645
1.8438317775726318
1.8714091777801514
1.8993372917175293
1.9177228212356567
1.9273556470870972
1.9643845558166504
1.9779826402664185
2.015848398208618
2.0348236560821533
2.0637755393981934
2.109361410140991
2.1212191581726074
2.166250228881836
2.2189133167266846
2.246300220489502
2.295156240463257
2.311030387878418
0
0
0
0
0
0
0
0
0
0
0
0
0
0
0
3.371289014816284
3.3294878005981445
3.3261947631835938
3.3689684867858887
3.4209980964660645
0
0
0
0
0
0
0
0
0
0
0
0
0
0
0
0
0
0
0
2.6167609691619873
2.563039779663086
2.573099136352539
2.5433924198150635
2.555985927581787
2.5674846172332764
2.6074013710021973
0
0
0
0
0
0
0
0
0
0
0
0
0
2.353942394256592
2.2683751583099365
2.258220672607422
2.2393441200256348
2.2404637336730957
2.2461705207824707
2.2612555027008057
2.3047261238098145
0
0
0
0
0
0
0
0
0
3.3445279598236084
3.288238048553467
3.2664215564727783
