3.1286826133728027
3.1984615325927734
0
0
0
0
0
0
0
0
2.083725929260254
2.0481314659118652
1.9937901496887207
2.012113571166992
2.0320756435394287
2.026336193084717
2.0213463306427
2.0601601600646973
2.1465606689453125
0
0
0
0.8899925351142883
0.8670805096626282
0.8802078366279602
0.8629055023193359
0.8595874905586243
0.8424944877624512
0.8512105941772461
0.822926938533783
0.827508270740509
0.818374514579773
0.805492639541626
0.8076431751251221
0.7968461513519287
0.7942198514938354
0.7918875813484192
0.7850691080093384
0.7899203300476074
0.7940362691879272
0.7835272550582886
0.7834488153457642
0.7690582275390625
0.7752102613449097
0.7620674967765808
0.7730019688606262
0.7732598185539246
0.7531157732009888
0.7645983099937439
0.9463512301445007
1.1692261695861816
1.6113868951797485
0
0
0
1.192636489868164
0.7935806512832642
0.7918988466262817
0.8129949569702148
0.7881824970245361
0.8124632835388184
0.8054494857788086
0.8072076439857483
0.8270872831344604
0.791608452796936
0.7910216450691223
0.8236650228500366
0.8353595733642578
0.8002368211746216
0.8488847017288208
0.8297250866889954
0.8275748491287231
0.8381748199462891
0.842202365398407
0.8366596102714539
0.8600299954414368
0.8609169721603394
0.8718013763427734
0.8714273571968079
0.9038529992103577
0.9000576734542847
0.8925861716270447
2.813241481781006
2.8385918140411377
2.8276734352111816
2.8855631351470947
0
0
0
0
0
0
0
0
0
0
0
0
0
0
0
0
1.7841823101043701
1.7474348545074463
1.7362860441207886
1.720288872718811
1.716143250465393
1.7141425609588623
1.7244645357131958
1.7370294332504272
1.7659815549850464
1.8393093347549438
3.006852149963379
3.0686116218566895
0
0
0
0
0
0
0
0
0
0
0
0
0
0
0
3.405550241470337
0
0
0
0
0
0.4877672493457794
0.45735278725624084
0.44110918045043945
0.4438822269439697
0.41291138529777527
0.4265027642250061
0.4262191355228424
0.41687339544296265
0.4108401834964752
0.38980069756507874
0.39471694827079773
0.38331088423728943
0.3864578306674957
0.37975168228149414
0.3850788474082947
0.3830645978450775
0.3841962516307831
0.3819853663444519
0.3779434263706207
0.38886797428131104
0.3905271291732788
0.4091131389141083
0.3980455696582794
0.39658322930336
0.38935479521751404
0.39374619722366333
0.4004717767238617
0.40941038727760315
0.4099501073360443
0.43421050906181335
0.42446064949035645
0.4537036120891571
0.46328455209732056
0.4733867645263672
0
3.0161049365997314
2.967597723007202
2.9425172805786133
2.9315454959869385
2.957451343536377
3.027456760406494
0
0
0
0
0
0
2.1959404945373535
2.1513214111328125
2.1327414512634277
2.1292724609375
2.153810501098633
2.1788744926452637
2.1932127475738525
0
0
0
0
0
0
0
0
0
0
0
0
0
0
0
0
0
0
1.6078606843948364
1.5781606435775757
1.548431158065796
1.5405207872390747
1.5341764688491821
1.5461994409561157
1.5546908378601074
1.546697735786438
1.5796329975128174
1.6170363426208496
0
0
0
0
2.999690055847168
3.190842390060425
3.3816184997558594
3.365351915359497
3.348221778869629
3.3302724361419678
3.319092035293579
3.3244130611419678
3.33878231048584
3.330410957336426
3.3465542793273926
3.318509578704834
3.310190439224243
3.3218703269958496
3.337473154067993
3.3392951488494873
3.3407254219055176
3.126368999481201
0
1.48610258102417
1.4653087854385376
1.4495751857757568
1.4209619760513306
1.431181788444519
1.42409086227417
1.4115952253341675
1.4192109107971191
1.4151456356048584
1.457297921180725
1.4722990989685059
3.4066083431243896
3.443260669708252
3.4609780311584473
3.458606243133545
0
3.3904504776000977
3.275749683380127
3.1377172470092773
0
0
3.39092755317688
3.2993476390838623
0
0
0
0
0
0
0
0
0
0
0
0
2.0196633338928223
1.9310276508331299
1.9349907636642456
1.8970775604248047
1.8928691148757935
1.9025111198425293
1.9250797033309937
1.9495691061019897
1.9767274856567383
0
0
0.3471564054489136
0.3065878748893738
0.3017942011356354
0.294339656829834
0.2729986906051636
0.2706822156906128
0.2767981290817261
0.27356845140457153
0.24332065880298615
0.255341112613678
0.23340314626693726
0.24882125854492188
0.2446613907814026
0.24403536319732666
0.25340962409973145
0.23759089410305023
0.22916235029697418
0.24052061140537262
0.24637363851070404
0.22336766123771667
0.23310834169387817
0.26866254210472107
0.22235046327114105
0.2286246418952942
0.21221397817134857
0.2492850422859192
0.23101897537708282
0.23675242066383362
0.23803985118865967
0.23776614665985107
0.21511171758174896
0.2550080716609955
0.25963133573532104
0.22413960099220276
0.24705322086811066
0.2466464638710022
0.2622448205947876
0.25090450048446655
0.249320387840271
0.26738375425338745
0.2666674554347992
0.2602880299091339
0.26396164298057556
0.27322766184806824
0.2851414978504181
0.2936389446258545
0.3237612843513489
0.3310715854167938
0
0
0
0
0
0
0
0
0
0
0
0
0
0
0
0
0
0
0
0
0
3.1542489528656006
3.102405309677124
3.088423490524292
3.1065149307250977
3.1119165420532227
