0.49524930119514465
0.48378387093544006
0.4828011691570282
0.5054681897163391
0.4866151809692383
0.5044286251068115
0.521068811416626
0.5159368515014648
0.5277559161186218
0.5167908668518066
0.5489056706428528
0.5596249103546143
0.5512127876281738
0.6033130884170532
0
0
0
0
0
0
0
0
0
0
0
0
0
0
0
0
0
0
0
2.0244269371032715
1.9701740741729736
1.953858494758606
1.9370720386505127
1.9330344200134277
1.9418363571166992
1.9420112371444702
1.9820560216903687
2.019458293914795
0
0
0
0
0
0
0
0
0
0
0
0
0
0
0
0
0
0
0
0
0
0
0
0
0
0
0
0
0
1.9169211387634277
1.8733175992965698
1.852843165397644
1.8518733978271484
1.854958415031433
1.870034098625183
1.86612069606781
1.8926620483398438
1.8954249620437622
0
0
0
0
0
0
0
0
0
0
0
0
0
0
0
0
0
0
0
0
2.905424118041992
2.8408048152923584
2.8182761669158936
2.796607494354248
2.805260181427002
2.8527119159698486
0
0
0
0
0
0
0
0
0
0.8913900852203369
0.8445014953613281
0.8365983963012695
0.808094322681427
0.8110709190368652
0.7820367813110352
0.7896323204040527
0.7918251752853394
0.7680628895759583
0.784960925579071
0.7671260833740234
0.7738551497459412
0.7805852890014648
0.7889744639396667
0.7959994673728943
0.8102018237113953
0.7996718883514404
0.8248276114463806
0.8514575362205505
0.8622201085090637
1.7938807010650635
1.8244956731796265
1.8289419412612915
1.872471570968628
1.9042561054229736
2.940516471862793
0
0
0
0
0
0
0
0
0
0
0
0
0
0
0
0
0
0
0
0
0
2.9887807369232178
2.962655782699585
2.9553022384643555
2.9714221954345703
2.9945473670959473
0
0
0
0
0
0
1.9254266023635864
1.877041220664978
1.86714506149292
1.8436099290847778
1.8451286554336548
1.831147313117981
1.8513165712356567
1.8783066272735596
1.9126850366592407
0
0
0
3.4796526432037354
0
0
0
1.1920462846755981
1.162197232246399
1.144579291343689
1.1249029636383057
1.1078627109527588
1.1152063608169556
1.095960259437561
1.0999261140823364
1.0813803672790527
1.1142849922180176
1.103070855140686
1.1382759809494019
1.1519384384155273
1.172096848487854
0
0
0
0
0
0
0
0
0
2.3942902088165283
2.338902235031128
2.3029980659484863
2.2958426475524902
2.2832605838775635
2.3092703819274902
2.3424794673919678
2.4500133991241455
0
0
0
0
0
0
0
0
0
0
0
0
0
0
0
0
0
0
0
0
0
2.677940607070923
2.6357903480529785
2.626563549041748
2.607825994491577
2.638216972351074
1.0565605163574219
1.0181915760040283
0.99737149477005
0.9683583974838257
0.967249870300293
0.9608080387115479
0.9716037511825562
0.9670556783676147
0.94333416223526
0.9755426049232483
0.9462061524391174
0.9721910953521729
0.9821737408638
0.9760123491287231
1.0092724561691284
1.0436015129089355
1.1013860702514648
0
0
0
0
0
0
0
0
0
0
1.3637933731079102
1.3579776287078857
1.3516972064971924
1.3071519136428833
1.305381417274475
1.3122014999389648
1.2924994230270386
1.2941399812698364
1.3042950630187988
1.3320062160491943
1.3299016952514648
1.3983412981033325
0
0
0
0
0
0
0
0
0
0
0
0
0
0
0
0
0
0
0
0
0
0
0
0
0
0
2.2010974884033203
2.1189327239990234
2.0814130306243896
2.062211513519287
2.0542895793914795
2.0532760620117188
2.071255683898926
2.0792388916015625
2.1481783390045166
0
0
0
0
0
0
0
0
0
1.5478577613830566
1.4693033695220947
1.472005844116211
1.4304649829864502
1.412324070930481
1.4111394882202148
1.4145909547805786
1.4300401210784912
1.4340076446533203
1.435715675354004
1.4593160152435303
1.4876441955566406
0
0
0
0
0.5691035985946655
0.5462766289710999
0.5482661128044128
0.5177440643310547
0.5242752432823181
0.5009670853614807
0.4987650215625763
0.498782217502594
0.5056371092796326
0.5103765726089478
0.4928867816925049
0.5061054825782776
0.4790634512901306
0.4974931478500366
0.505648672580719
