0
0
0
0
0
0
0
0
0
2.840669631958008
1.2736855745315552
1.2274158000946045
1.2104501724243164
1.193230152130127
1.195692777633667
1.1890063285827637
1.1831039190292358
1.1967518329620361
1.2034924030303955
1.1843441724777222
1.2127617597579956
1.2233134508132935
1.2568378448486328
1.3042302131652832
0
0
0
0
0
0
2.539353132247925
2.5103604793548584
2.5215353965759277
2.49468731880188
2.5159859657287598
2.555908203125
2.5923328399658203
0
0
0
0
0
0
0
0
0
0
0
0
0
0
0
0
2.71284556388855
2.663203716278076
2.6383581161499023
2.6382317543029785
2.6503255367279053
2.6899571418762207
2.8003456592559814
0
0
1.4200352430343628
1.4035319089889526
1.3660683631896973
1.3713586330413818
1.355609655380249
1.3559012413024902
1.3440823554992676
1.351922869682312
1.3603413105010986
1.3643317222595215
1.3768295049667358
1.4208849668502808
0
0
0
0
0
0
0
0
0
0
0
0
0
2.216698169708252
2.166008949279785
2.1660265922546387
2.1627700328826904
2.191635847091675
2.1830532550811768
2.197495222091675
2.297379732131958
0
0
0
0
0
3.3398630619049072
3.274522066116333
3.2267556190490723
3.223095417022705
3.2674946784973145
3.3105437755584717
0
0
0
0
0
0
0
0
0
0.5855403542518616
0.5313243269920349
0.5230094790458679
0.49035006761550903
0.5058549642562866
0.4919179677963257
0.47134119272232056
0.4626411497592926
0.467788964509964
0.4635910093784332
0.45077353715896606
0.4511202573776245
0.4541909098625183
0.45445945858955383
0.44930124282836914
0.4654797613620758
0.4503052234649658
0.4631483852863312
0.46492859721183777
0.4482536017894745
0.46085789799690247
0.479047566652298
0.47298237681388855
0.4635621905326843
0.48749446868896484
0.4864658713340759
0.4961681663990021
0.5021462440490723
0.5143907070159912
0.541043758392334
0
0
0
0
0
0
0
0
0
0
0
0
0
0
0
0
0
0
0
2.886763334274292
0
0
0
0
0
0
0
0
0
0
0
0
0
0
0
0
0
0
0
0
0
0
0
0
0
0
0
0
0
0
0
0
0
0
0
0
0
3.2464234828948975
3.2297823429107666
3.209057569503784
3.2324061393737793
3.2697548866271973
0
0
0
0
3.2013676166534424
3.186702013015747
3.1748595237731934
3.200368881225586
3.2358930110931396
0
0
0
0
0
0
0
0
0
0
0
0
0
0
0
0
2.6441094875335693
0
0
0
0
0
0
0
0
0
0
0
0
0
0
0
0
0
0
0
0
0
0
0
0
0
0
0
0
0
0
0
0
0
0
0
0
0
0
0
0
0
0
0
0
0
0
0
0
0
0
0
0
0
0
0
0
0
0
0
0
0
0
2.571662187576294
2.511305093765259
2.4846673011779785
2.475782871246338
0.4625129699707031
0.427688866853714
0.41643229126930237
0.4277300536632538
0.4142802953720093
0.40253376960754395
0.3933068513870239
0.39156055450439453
0.4024905562400818
0.3716878294944763
0.3792930245399475
0.37139031291007996
0.36507943272590637
0.3820693790912628
0.36593008041381836
0.3554396629333496
0.3476024568080902
0.3668762147426605
0.3580489456653595
0.3692215383052826
0.3636792302131653
0.3620472550392151
0.3811626434326172
0.3496693968772888
0.3692259192466736
0.3940669298171997
0.39043179154396057
0.39842772483825684
0.40119004249572754
0.391350120306015
0.38862699270248413
0.40691235661506653
0.418035626411438
0.42691928148269653
0.45728445053100586
0.4964441955089569
2.6900506019592285
2.7282285690307617
0
0
0
0
0
0
0
0
0
0
1.8212305307388306
1.8056570291519165
1.7926274538040161
1.768041968345642
1.759253978729248
1.7830506563186646
1.780493974685669
1.7868409156799316
1.8252005577087402
1.8948109149932861
0
0
0
