0
0
0
0
0
0
0
0
0
0
0
0
0
0
0
0
0
0
0
0
0
0
0
0
0
0
0
0
0
0
0
0
0
0
0
0
0
0
0
0
0
0
0
0
0
1.1226965188980103
1.1093145608901978
1.0841999053955078
1.046791434288025
1.059072732925415
1.0475586652755737
1.025880217552185
1.0433961153030396
1.0360654592514038
1.0494815111160278
1.0428807735443115
1.0450947284698486
1.0880417823791504
1.081787109375
1.1071051359176636
1.1664719581604004
0
0
0
0
0
0
0
0
0
0
0
0
0
0
0
0
0
0
0
0
0
0
0
0
0
0
0
0
0
0
0
3.4500179290771484
3.2839877605438232
3.160175323486328
3.1228742599487305
3.1523239612579346
3.160738468170166
3.2084834575653076
3.2238104343414307
3.2665352821350098
3.2969250679016113
3.319441318511963
3.381385087966919
3.412942409515381
3.437488079071045
3.495277166366577
0
0
0
0
0
0
0
0
0
0
0
0
0
0
0
0
0
0
0
0
0
0
1.982333779335022
1.9318052530288696
1.9131455421447754
1.886027216911316
1.893144130706787
1.8984864950180054
1.9243191480636597
1.9378043413162231
1.9838746786117554
0
0
0
0
0
0
0
0
0
0
0
0
0
0
0
0
0
0
0
0
0
0
0
0
0
0
0
0
0
0
0
0
0
0
0
0
0
0
0
0
0
0
0
0
0
0
0
0
0
2.587009906768799
2.5576391220092773
2.575012683868408
2.559432029724121
2.563070058822632
2.599787473678589
0
0
0
0
0
0
0
0
1.8640638589859009
1.782928228378296
1.7545123100280762
1.730060338973999
1.7157231569290161
1.7246215343475342
1.7535308599472046
1.7358982563018799
1.7770651578903198
1.8276143074035645
0
3.3319778442382812
3.288753032684326
3.2788100242614746
3.281601905822754
3.3414711952209473
0
0
0
0
0
0
0
0
0
0
0
0
0
0
0
0
0
3.0133204460144043
0
0
0
0
0
0
0
0
0
0
0
0
0
0
0
0
0
1.849414348602295
1.7698673009872437
1.7554445266723633
1.734818696975708
1.7334308624267578
1.7240612506866455
1.7297682762145996
1.7412043809890747
1.7566553354263306
1.8019335269927979
0
0
0
0
2.8433423042297363
0
0
0
0
0
0
0
0
0
0
0
0
0
0
0
0
0
0
0
0
0
0
0
1.1711783409118652
1.1339653730392456
1.0841890573501587
1.0600595474243164
1.0696195363998413
1.0772653818130493
1.0434508323669434
1.0556379556655884
1.0425561666488647
1.0449800491333008
1.0656514167785645
1.0518789291381836
1.0864993333816528
1.0964215993881226
1.1379098892211914
1.1553173065185547
0
0
0
0
0
0
0
0
0
0
0
0
0
0
0
0
0
0
3.493556499481201
0
0
0
0
0
0
0
0
0
0
0
0
0
0
0
0
1.7344313859939575
1.7221986055374146
0
0
0
0
0
0
0
0
0
0
0
0
0
0
0
0
0
