1.0354472398757935
1.0274434089660645
1.0404115915298462
1.0348258018493652
1.0340912342071533
1.0210524797439575
1.0316472053527832
1.031197428703308
1.0376925468444824
1.0399447679519653
1.0450596809387207
1.0668162107467651
1.046434760093689
1.066712498664856
0.9788840413093567
0.9144805669784546
0.8626579642295837
0.8193514943122864
0.7510111331939697
0.7321553230285645
0.6803780198097229
0.6562210321426392
0.6456694006919861
0.6107465624809265
0
0
0
0
0
0
0
0
0
0
0
0
0
0
0
0
0
0
0
0
0
0
0
2.634284019470215
2.6833155155181885
2.742035388946533
2.8161919116973877
2.869936943054199
2.8764963150024414
2.8497915267944336
2.8179898262023926
2.7849717140197754
2.7334673404693604
2.7216663360595703
2.6771185398101807
2.6657235622406006
2.6267194747924805
2.6035256385803223
2.587430477142334
2.531459093093872
2.5373706817626953
2.12492299079895
2.224290609359741
2.308175563812256
2.0642616748809814
2.110442638397217
2.211550712585449
2.3289220333099365
2.4216389656066895
2.403064012527466
2.3829562664031982
2.369218587875366
2.375802755355835
2.362443208694458
2.342529296875
2.334010601043701
2.3296899795532227
2.3292722702026367
2.31778883934021
2.298095226287842
2.3063971996307373
2.298833131790161
2.3159470558166504
2.3112289905548096
2.317988634109497
2.3068838119506836
2.3203964233398438
2.2941842079162598
2.2893316745758057
2.264941930770874
1.918487310409546
2.9280495643615723
2.944122076034546
2.963766574859619
2.9476897716522217
2.9723174571990967
2.964721202850342
2.9822192192077637
3.006650447845459
3.0093791484832764
3.041152000427246
3.036508798599243
3.046319007873535
3.0641095638275146
3.1051735877990723
3.101778268814087
3.1228151321411133
3.148394823074341
3.164400339126587
3.1850767135620117
3.223034381866455
3.262989044189453
0
3.454307794570923
3.3476688861846924
3.3885552883148193
3.390928268432617
3.445939779281616
3.472343683242798
0
0
0
0
0
0
0
1.3353111743927002
1.313622236251831
1.3329555988311768
0
0
0
0
0
0
0
0
0
0
0
0
0
0
0
0
0
2.9154443740844727
2.867677688598633
2.785428524017334
2.716421127319336
2.6561355590820312
3.178719997406006
3.2564687728881836
3.303161144256592
3.3619866371154785
3.4131479263305664
3.479246139526367
0
0
3.457042932510376
3.4082400798797607
3.3545613288879395
3.315885066986084
0
0
0
0
0
0
0
0
0
0
0
0
1.8029738664627075
1.8311007022857666
1.8989858627319336
1.987883448600769
2.0710339546203613
2.13757061958313
2.1477856636047363
2.125422477722168
2.1327006816864014
2.116762638092041
2.0714235305786133
2.0520904064178467
2.0694494247436523
2.066729784011841
2.0458285808563232
2.047104835510254
2.035515308380127
2.029453992843628
2.0389864444732666
2.026346445083618
2.0117666721343994
1.998125672340393
2.0140724182128906
2.001953601837158
2.035011053085327
2.005289077758789
2.014336109161377
2.00768780708313
2.0042426586151123
1.999665379524231
1.636410117149353
0
0
0
0
0
0
0
0
0
0
0
0
0
0
0
0
0
0
0
0
0
0
0
0
0
0
0
0
0
0
0
0
0
0
0
0
0
0
0
0
0
0
0
0
0
3.422811269760132
0
3.4042701721191406
0
0
0
0
0
0
0
0
0
0
0
0
0
0
3.3186967372894287
0
0
0
0
2.158672571182251
1.9371567964553833
1.94905686378479
1.957793951034546
1.9608937501907349
1.9574650526046753
1.9811358451843262
1.9615780115127563
1.9902516603469849
1.9975978136062622
2.012129068374634
2.02336049079895
2.035338878631592
1.922798991203308
1.851157307624817
1.8004251718521118
1.6966849565505981
1.656398892402649
1.5813676118850708
2.07698655128479
2.079970121383667
2.0993521213531494
2.1263303756713867
2.144362211227417
2.1547911167144775
2.1784024238586426
2.211488962173462
2.2276604175567627
2.2766833305358887
2.2978122234344482
2.3416523933410645
2.387310743331909
2.4168038368225098
2.4228596687316895
0.9485750198364258
0.9545277953147888
0.9216942191123962
0.9128035306930542
0.8791763186454773
0.8759359121322632
0.8658003211021423
0.8546132445335388
0.8189437985420227
0.8175359964370728
0.8143700957298279
0.8055614233016968
0.7902944087982178
0.78700852394104
0.7601607441902161
0.750741183757782
0.7449489235877991
0.7334344387054443
0.7161127328872681
0.7294791340827942
0.7161009907722473
0.70691978931427
0.7064610719680786
0.7339086532592773
0.7800291180610657
0.7899937033653259
0.8364711999893188
0.6069925427436829
0.6139875054359436
0.6545718312263489
0.6958231329917908
0.7069250345230103
0.7538663148880005
0.810053288936615
0.8689565658569336
0.9170436859130859
1.011389136314392
1.0551888942718506
1.0399751663208008
1.0278912782669067
1.0365543365478516
1.0305757522583008
1.0326957702636719
1.0566288232803345
1.0198363065719604
1.02649986743927
1.0296202898025513
0.9985891580581665
1.0319492816925049
