0
0
1.613502025604248
1.595983624458313
1.5614535808563232
1.5266681909561157
1.5598126649856567
1.5271179676055908
1.5486781597137451
1.5467159748077393
1.5478495359420776
1.5816620588302612
1.626456379890442
0
0
0
0
0
0
0
0
0
0.771968424320221
0.7478472590446472
0.7344849705696106
0.7358110547065735
0.714000940322876
0.7231397032737732
0.6944029927253723
0.6935785412788391
0.6754100918769836
0.6611948609352112
0.6579160094261169
0.6459129452705383
0.6370678544044495
0.6245904564857483
0.6261106133460999
0.6044837832450867
0.6237390637397766
0.5941712260246277
0.6064243912696838
0.6011175513267517
0.5971943140029907
0.5730034112930298
0.5544975399971008
0.5907173156738281
0.5705374479293823
0.5594818592071533
0.5324570536613464
0.5580610632896423
0.5438937544822693
0.5571602582931519
0.5540162920951843
0.5414257049560547
0.5379430055618286
0.5209499001502991
0.5354949831962585
0.5298498868942261
0.5261978507041931
0.5207961797714233
0.5229277610778809
0.5163066983222961
0.5035826563835144
0.5089884996414185
0.5225979685783386
0.5015544891357422
0.5102781653404236
0.5160343050956726
0.5035040974617004
0.5043408274650574
0.5235179662704468
0.5209104418754578
0.5220486521720886
0.5036185383796692
0.4957282543182373
0.5142815709114075
0.5168132781982422
0.5120680928230286
0.5050054788589478
0.518455982208252
0.5327617526054382
0.5215002298355103
0.5087841153144836
0.5189695954322815
0.5247740149497986
0.5322622656822205
0.5468423366546631
0.5377670526504517
0.5479413270950317
0.5345166325569153
0.5297971963882446
0.5513961911201477
0.5542088747024536
0.5509516000747681
0.5552482604980469
0.5682079792022705
0.5455276370048523
0.5775913596153259
0.588444173336029
0.606461763381958
0.5874490141868591
0.5977514386177063
0.621547520160675
0.60481196641922
0.5905604958534241
0.6295140981674194
0.6397027373313904
0.632780909538269
0.6230297088623047
3.043544292449951
3.0777485370635986
3.10575008392334
0
0
0
0
0
0
0
0
0
0
0
3.3891804218292236
3.338209390640259
3.34328293800354
3.3749563694000244
3.4473350048065186
0
0
0
0
0
0
0
0
0
0
0
0
0
0
0
0
0
0
0.9999613761901855
0.9446610808372498
0.9358770847320557
0.8985120058059692
0.9017994999885559
0.8984981179237366
0.8723273873329163
0.8620392084121704
0.8899461030960083
0.8920750021934509
0.8861057162284851
0.8697558045387268
0.8763602375984192
0.9014438986778259
0.917230486869812
0.9040976166725159
0.9493027925491333
0.9833851456642151
0
0
0
0
0
0
0
0
0
0
0
0
0
0
0
0
0
1.4770805835723877
1.0162800550460815
1.0149484872817993
1.004732608795166
1.0101807117462158
1.0160518884658813
1.0182677507400513
1.0224887132644653
1.0102490186691284
1.0259485244750977
1.0246158838272095
1.019229531288147
1.0327597856521606
1.0425974130630493
1.0444109439849854
0
0
0
0
0
0
0
0
0
0
0
0
0
0
0
0
0
0
0
0
0
0
0
0
0
0
0
0
0
0
0
0
0
0
0
0
0
0
0
0
0
0
0
0
0
0
0
0
0
0
0
0
0
0
0
0
0
0
0
0
0
0
0
0
0
0
0
0
0
0
0
0
0
0
0
0
0
0
0
0
0
0
0
0
0
0
0
0
0
0
0
0
0
0
0
0
0
0
0
0
0
0
0
0
0
0
0
0
0
0
0
0
0
0
0
0
0
0
0
0
0
0
0
0
0
0
0
0
0
0
0
0
0
0
0
0
0
0
0
0
0
0
0
0
0
0
0
0
0
0
0
0
0
0
0
0
0
0
0
0
0
0
0
0
