0
0
0
0
0
0
0
0
0
0
0
0
0
0.7073949575424194
0.6913163661956787
0.6819281578063965
0.6401467323303223
0.6431712508201599
0.6447874307632446
0.6021811962127686
0.6320571303367615
0.6144683957099915
0.6293125152587891
0.60347580909729
0.6199697852134705
0.6050786972045898
0.6203691959381104
0.6079638600349426
0.606429934501648
0.6075356006622314
0.6199060678482056
0.6389228701591492
0.6322466731071472
0.651634156703949
0.676468014717102
0.6888502836227417
0.7030996680259705
1.2646453380584717
1.2815377712249756
1.2917768955230713
1.3218268156051636
0
0
0
0
0
0
0
0
0
0
0
2.4605047702789307
2.4349493980407715
2.403975009918213
2.418063163757324
2.4304487705230713
2.4587395191192627
2.522566318511963
0
0
0
0
0
0
0
0
0
0
0
0
2.077782392501831
2.038238525390625
2.0321078300476074
2.0306015014648438
2.0328900814056396
2.035407066345215
2.060992956161499
2.0943398475646973
0
0
0
0
0
3.4102845191955566
3.3874995708465576
3.3551411628723145
3.348949909210205
3.4046411514282227
0
0
1.403588056564331
1.347477912902832
1.3167979717254639
1.3080412149429321
1.3042795658111572
1.3131730556488037
1.309757947921753
1.285182237625122
1.297717571258545
1.320979356765747
1.3253180980682373
1.3641496896743774
1.4164191484451294
0
0
0
0
0
0
0
0
0
2.843733787536621
2.808910608291626
2.7887542247772217
2.810067892074585
2.810616970062256
2.8770647048950195
0
0
0
0
0
0
0
0
0
0
0
0
0
0
0
0
0
0
0
0
2.6496810913085938
2.5449795722961426
2.5246939659118652
2.5395052433013916
2.5239033699035645
2.558760404586792
2.5875906944274902
0
0
0
0
0
0
0
1.189052939414978
1.1236701011657715
1.0985842943191528
1.091509222984314
1.0819710493087769
1.081626057624817
1.0773471593856812
1.0458482503890991
1.059151291847229
1.0668449401855469
1.0599377155303955
1.0907114744186401
1.0837208032608032
1.1126974821090698
1.1570515632629395
3.1673126220703125
3.178779125213623
3.201648712158203
3.256185293197632
0
0
0
0
0
0
0
0
0
0
0
0
0
0
1.8498663902282715
1.8242214918136597
1.7802070379257202
1.7934043407440186
1.7859638929367065
1.7888606786727905
1.8205385208129883
1.8326942920684814
1.87382972240448
0
0
0
0
2.8825747966766357
2.8073928356170654
2.784014940261841
2.758542776107788
2.7859091758728027
2.8083646297454834
0
0
0
0
0
0
0
0
0
0
0
0
0
0
0
0
0
0
0
0
0
0
2.504821300506592
2.4621193408966064
2.4494078159332275
0.4161752462387085
0.42497140169143677
0.38945603370666504
0.3712441623210907
0.3786448836326599
0.34090232849121094
0.3414027690887451
0.3318921625614166
0.33974888920783997
0.3278945982456207
0.3407859206199646
0.34328845143318176
0.33413922786712646
0.31520214676856995
0.32059869170188904
0.32719868421554565
0.3113614618778229
0.32519394159317017
0.3273070752620697
0.3166232705116272
0.3180846571922302
0.2925421893596649
0.3382027745246887
0.3069237470626831
0.32300591468811035
0.3212193250656128
0.3438936471939087
0.3261916935443878
0.3279569447040558
0.33887097239494324
0.3215412497520447
0.33671021461486816
0.33679476380348206
0.34081947803497314
0.35842934250831604
0.3555334210395813
0.3834419250488281
0.3877376616001129
0.4112986624240875
1.871761441230774
1.8416364192962646
1.7968506813049316
1.7910864353179932
1.7942951917648315
1.8128154277801514
1.8093299865722656
1.8373382091522217
1.8802731037139893
0
0
0
0
0
0
0
0
0
0
0
0
0
0
0
1.508318305015564
1.488832712173462
1.4542913436889648
1.4524641036987305
1.450244665145874
1.4449421167373657
1.4395842552185059
1.4404398202896118
1.4498167037963867
1.4854480028152466
1.4965592622756958
1.5738633871078491
0
0
0
0
0
0
0
0
0
0
0
0
0
0
0
0
0
0
0
0
0
0
0
0
0
0
0
2.070024251937866
1.9972316026687622
1.9627143144607544
1.9589946269989014
1.936118483543396
1.9504494667053223
1.961851954460144
1.9761852025985718
2.000669240951538
0
0
0
0
0
0
0
0
0
2.7717642784118652
2.696388006210327
2.6454005241394043
2.6473782062530518
2.627718210220337
2.652594566345215
2.668720006942749
0
0
0
