0
0
0
0
0
0
0
0
0
0
0
0
0
0
0
0
0
0
0
0
0
0
0
0
0
0
0
0
0
0
0
0
0
0
0
0
0
0
0
0
0
0
0
0
0
0
0
0
0
0
0
0
0
0
0
0
0
0
0
0
0
0
0
0
2.8190104961395264
2.7514164447784424
2.6807701587677
2.6476900577545166
2.6922404766082764
2.7455146312713623
2.7862040996551514
2.8466567993164062
2.902724504470825
2.956265449523926
3.024181842803955
3.097470998764038
3.1522305011749268
1.822439193725586
1.79000985622406
1.7470406293869019
1.7280757427215576
1.744968295097351
1.7410633563995361
1.7512006759643555
1.7704358100891113
1.803757905960083
1.874319076538086
0
0
0
0
0
0
0
0
0
0
0
0
0
0
0
0
0
0
0
0
0
1.175148606300354
1.1803425550460815
1.1586577892303467
1.1574243307113647
1.1633766889572144
1.1631749868392944
1.1597542762756348
1.1503854990005493
1.1650446653366089
1.1544479131698608
1.1630512475967407
1.1729985475540161
1.1671490669250488
0
2.768794298171997
2.7413535118103027
2.7448782920837402
2.720982074737549
2.6878011226654053
2.702390670776367
2.6839559078216553
2.6583874225616455
2.6620686054229736
2.6482455730438232
2.631789445877075
2.631192445755005
2.636976480484009
2.611016273498535
2.61474871635437
2.6177542209625244
2.5998408794403076
2.594541311264038
2.6016056537628174
2.607555866241455
2.603618860244751
2.5950334072113037
2.5923032760620117
2.616690158843994
2.6223840713500977
2.633997917175293
2.6091437339782715
2.628650426864624
2.6268470287323
1.3208104372024536
1.3099995851516724
1.281219720840454
1.2477874755859375
1.255236029624939
1.2386817932128906
1.2614240646362305
1.2532519102096558
1.2550128698349
1.2582005262374878
1.284955382347107
1.3090616464614868
2.7804689407348633
2.8173110485076904
2.831448554992676
2.834134817123413
2.8705430030822754
2.905193328857422
2.9397482872009277
2.9654617309570312
2.982375144958496
3.0043206214904785
0
0
0
0
0
0
0
0
0
0
0
0
0
0
0
0
0
0
0
0
0
0
0
0
0
0
0
0
0
0
0
0
0
0
0
0
0
0
0
0
0
0
0
0
0
0
0
0
0
0
0
0
0
2.1885344982147217
2.0963971614837646
2.08487606048584
2.092252731323242
2.094362497329712
2.0750885009765625
2.125304698944092
2.142944097518921
0
0
0
0
0
0
0
0
0
0
0
0
0
0
0
0
0
0
0
0
0
3.4440126419067383
3.4164083003997803
3.352842092514038
3.281259059906006
3.207542896270752
3.176321506500244
3.119791030883789
3.063844919204712
3.0119855403900146
2.9674017429351807
2.937903642654419
2.920823812484741
2.872001886367798
2.9553868770599365
3.014434337615967
3.0984621047973633
3.199678659439087
3.2561657428741455
3.3508455753326416
3.4803466796875
0
0
0
0
0
0
0
0
0
0
0
0
0
0
0
0
0
0
0
0
0
0
0
0
0
0
0
0
0
0
0
0
0
0
0
0
0
0
0
0
0
0
0
0
0
0
1.7141644954681396
1.6512116193771362
1.611158847808838
1.594534993171692
1.5845741033554077
1.5788224935531616
1.5846065282821655
1.5818198919296265
1.5857934951782227
1.6235730648040771
1.6464704275131226
0
0
0
0
0
0
0
0
0
0
0
0
0
0
0
0
0
0
0
0
0
0
0
0
0
0
0
0
