0
0
0
0
0
0
0
0
0
0
0
0
0
0
0
0
0
0
0
0
3.1166398525238037
3.1400413513183594
3.168067216873169
3.184222936630249
3.2213680744171143
3.2547426223754883
3.2697126865386963
2.3040823936462402
2.31103777885437
2.3293051719665527
2.3600945472717285
2.3924224376678467
2.4001760482788086
2.4325640201568604
2.454113721847534
2.4770212173461914
2.6748597621917725
2.612825393676758
3.0701870918273926
3.1273410320281982
3.158083915710449
3.223828077316284
3.2812719345092773
3.303900718688965
3.385301351547241
3.4274837970733643
3.3950600624084473
3.387860059738159
3.315425157546997
3.259624481201172
3.2161777019500732
0
0
0
0
0
0
0
1.2866909503936768
0.791888952255249
0.8252077102661133
0.8173789381980896
0.8213226199150085
0.8116007447242737
0.8180626630783081
0.8274319171905518
0.8310413956642151
0.8368406295776367
0.8226898312568665
0.8244423270225525
0.8368251919746399
0.8417028188705444
0.8390520215034485
0.8564318418502808
0.8550450205802917
0.8697635531425476
0.8742012977600098
0.8401520252227783
0.8817827701568604
0.8781552910804749
0.8925051689147949
0.8973516225814819
0.9021242260932922
0.8979288935661316
0.905508816242218
0.9274989366531372
0.9346375465393066
0.9495290517807007
0
0
0
0
0
0
0
0
0
0
0
0
0
0
2.574282646179199
2.5788991451263428
2.5890445709228516
2.6047356128692627
2.6168901920318604
2.6287946701049805
2.6420552730560303
1.6956127882003784
1.7021700143814087
1.7334421873092651
1.7322804927825928
1.745324969291687
1.759021520614624
1.780590534210205
1.7858812808990479
1.8188709020614624
1.8061001300811768
1.8448072671890259
1.8722585439682007
2.124560832977295
2.066258668899536
2.0284934043884277
1.9663695096969604
1.9216046333312988
1.8420463800430298
1.8359053134918213
1.7772177457809448
1.7444416284561157
1.7177821397781372
1.6638164520263672
1.6390025615692139
1.6051386594772339
1.578942894935608
1.5472782850265503
1.5140867233276367
1.5125879049301147
1.5369153022766113
1.5584526062011719
1.5867544412612915
1.6543800830841064
1.6778761148452759
1.7273164987564087
1.7615193128585815
1.8252536058425903
3.421265125274658
3.3721344470977783
3.349088668823242
3.3015007972717285
3.270416736602783
3.256093740463257
3.369563579559326
3.193324327468872
3.1484482288360596
3.1175105571746826
3.09372615814209
3.0793874263763428
3.069169521331787
3.03853178024292
3.020989418029785
3.000749349594116
2.9691452980041504
2.966817855834961
2.9647974967956543
2.9372384548187256
2.9191386699676514
2.9084739685058594
2.9063875675201416
2.907548427581787
2.875892162322998
2.8944954872131348
2.8667690753936768
2.8492109775543213
2.8258419036865234
2.849304676055908
2.8369522094726562
2.8383076190948486
2.849167585372925
2.830467462539673
2.8425168991088867
2.830526113510132
2.8431077003479004
2.8581478595733643
2.856534719467163
2.853666067123413
2.87227725982666
2.8718461990356445
2.8780696392059326
2.8762588500976562
2.8932230472564697
2.880398988723755
2.8850743770599365
2.935203790664673
2.933471202850342
2.9502663612365723
2.9573771953582764
2.966282844543457
2.99043345451355
3.0074729919433594
3.0359742641448975
3.0425610542297363
3.0544087886810303
3.1040360927581787
3.1252071857452393
3.1443676948547363
3.157926559448242
3.188499927520752
3.220571994781494
3.337282419204712
3.286968946456909
3.309195041656494
3.3465616703033447
3.384622812271118
3.429229259490967
1.7415944337844849
1.7701747417449951
1.7812342643737793
1.803321123123169
1.8303054571151733
1.8477654457092285
1.867185115814209
1.9091006517410278
1.9350905418395996
1.9747519493103027
2.0076889991760254
1.3681482076644897
1.3707425594329834
1.4091945886611938
1.4495173692703247
1.4662559032440186
1.5296735763549805
1.554627537727356
1.5983651876449585
1.6209661960601807
1.6454652547836304
1.704024076461792
1.8886922597885132
1.9061766862869263
2.753476142883301
2.8377649784088135
2.820345878601074
2.8189423084259033
2.778625011444092
2.768538236618042
2.741114854812622
2.7325592041015625
2.6995551586151123
2.7801265716552734
2.829890012741089
2.9648585319519043
3.147304058074951
0
0
0
0
0
0
0
0
0
0
0
0
0
0
0
0
0
0
0
0
0
0
2.918957233428955
2.915407419204712
1.9820772409439087
1.9773722887039185
1.988209843635559
1.9791725873947144
1.98628830909729
1.0804075002670288
1.070097804069519
1.0915582180023193
1.0846819877624512
1.0916695594787598
1.1212427616119385
1.1110385656356812
1.1358221769332886
1.12301504611969
1.1270813941955566
1.1413525342941284
1.1402949094772339
1.151220440864563
1.1747153997421265
1.1726566553115845
1.2037147283554077
1.2081794738769531
1.1978275775909424
1.2281335592269897
1.3950468301773071
1.358344316482544
1.3275364637374878
1.2683370113372803
1.2600202560424805
1.2202852964401245
1.260879635810852
1.2708038091659546
1.2728246450424194
1.3059375286102295
1.3382257223129272
1.3362044095993042
1.3541715145111084
1.389352560043335
1.4121980667114258
1.433128833770752
1.4585533142089844
1.492709755897522
0
0
0
0
0
0
0
0
0
0
0
0
0
0
0
0
0
0
0
0
0
0
0
0
0
0
0
0
0
0
0
0
0
0
0
0
0
0
0
0
0
0
