0
0
0
0
0
0
1.8955473899841309
0
0
0
0
0
0
0
0
0
0
0
0
0
0
0
0
0
0
0
0
0
0
0
0
0
0
0
0
0
0
0
0
0
0
0
0
0
0
0
0
0
0
0
0
0
0
0
0
0
0
0
0
0
0
2.2545292377471924
2.1927073001861572
2.179056167602539
2.1680915355682373
2.1688337326049805
2.169008493423462
2.21032452583313
2.2370123863220215
0
0
0
0
0
0
0
0
0
0
0
3.3834991455078125
3.357672691345215
3.3419253826141357
3.355938196182251
3.4096720218658447
0
0
0
0
0
0
0
0
0
0
0
0
0
0
0
0
0
0
0
0
0
0
0
0
0
0
0
0
0.9898262023925781
0.9880744218826294
0.9794720411300659
3.384211301803589
3.4106030464172363
3.476109504699707
0
0
0
0
0
0
0
0
0
0
0
0
0
0
0
0
0
0
0
0
0
0
0
0
0
0
0
2.8222122192382812
2.80438494682312
2.7702624797821045
2.7868640422821045
2.8241987228393555
2.8680663108825684
0
0
0
0
0
0
0
0
0
0
0
0
0
0
0
0
0
0
0
0
0
0
0
0
0
0
0
0
0
0
0
0
1.2686431407928467
1.2238184213638306
1.2041782140731812
1.1730419397354126
1.1932951211929321
1.177154302597046
1.174501657485962
1.1752551794052124
1.1875241994857788
1.1969867944717407
1.1980035305023193
1.215198040008545
1.2467045783996582
0
0
0
0
0
0
0
0
0
0
0
0
2.3504316806793213
0
0
0
0
0
0
0
0
0
0
0
0
0
0
0
0
0
0
0
0
0
0
0
3.1083121299743652
3.038863182067871
3.0037968158721924
2.995821475982666
3.034350872039795
3.0640926361083984
0
0
0
0
0
0
0
0
1.628523826599121
1.5781700611114502
1.551542043685913
1.5271648168563843
1.5181729793548584
1.5254626274108887
1.51968514919281
1.522843360900879
1.5264121294021606
1.555063247680664
1.5844295024871826
0
0
0
0
0
0
0
0.6741538047790527
0.6684427261352539
0.6340896487236023
0.623053252696991
0.6153262257575989
0.6000277996063232
0.6024602055549622
0.6234193444252014
0.5815033912658691
0.6174618601799011
0.5956730842590332
0.5929045677185059
0.6023312211036682
0.6049091219902039
0.6015302538871765
0.6026173233985901
0.5921467542648315
0.5973202586174011
0.6250452995300293
0.630692720413208
0.6329490542411804
0.6523376703262329
0.6617021560668945
0.6817473769187927
0
0
0
0
0
0
0
0
0
0
0
0
0
2.8456342220306396
2.799316167831421
2.783418655395508
2.7876458168029785
2.7992563247680664
2.8362598419189453
0
0
0
0
0
0
0
0
0
0
0
0
0
0
0
0
0
0
0
0
0
0
0
0
0
0
0
3.4320881366729736
3.357372522354126
3.2959859371185303
3.3136773109436035
3.323415994644165
3.38728404045105
0
0
0
0
0
0
0
0
0
0
0
0
0
0
0
0
0
0
0
