0
0
0
0
0
0
0
0
0
0
0
0
0
0
0
0
0
0
0
0
0
0
0
0
0
0
0
0
0
0
0
0
0
0
0
0
0
0
0
0
0
0
0
0
0
0
0
0
0
0
0
0
0
0
0
0
0
0
0
0
0
0
0
0
0
0
0
0
0
0
0
0
0
0
0
0
0
0
0
0
0
0
0
0
0
0
0
0
0
0
0
0
0
0
0
0
0
0
0
0
0
0
0
0
0
0
0
0
0
0
0
0
0
0
0
0
0
0
0
0
0
0
0
0
0
0
0
0
0
0
0
0
0
0
0
0
0
0
0
0
0
0
0
0
0
0
0
0
0
0
0
0
0
0
0
1.3579655885696411
1.3672935962677002
1.3636448383331299
1.368316411972046
1.3776627779006958
1.360181450843811
1.367123007774353
1.3724451065063477
1.3603565692901611
1.3538438081741333
1.3530248403549194
1.3695794343948364
1.3765064477920532
1.3816639184951782
1.37151300907135
1.3794652223587036
1.3866968154907227
1.3822684288024902
1.3913476467132568
1.4244849681854248
1.3866620063781738
1.4082682132720947
1.4355272054672241
1.4290127754211426
1.431256651878357
1.431060552597046
1.4404819011688232
1.4574627876281738
1.4765595197677612
1.4929423332214355
1.4968827962875366
1.512459635734558
1.5012693405151367
1.523329734802246
1.544889211654663
0
0
0
0
0
0
0
2.292243480682373
2.2425119876861572
2.2351057529449463
2.1698713302612305
2.1085526943206787
2.051516532897949
2.0290257930755615
2.0376429557800293
2.0700249671936035
2.1159472465515137
2.1624960899353027
2.193019151687622
2.2213735580444336
2.25968861579895
2.3074302673339844
2.3833258152008057
2.4083454608917236
2.4728851318359375
2.533492088317871
2.604959011077881
2.678433656692505
0
3.3987104892730713
3.353999614715576
3.3543362617492676
3.38553786277771
3.428297519683838
0
0
0
0
0
0
0
0
1.4779998064041138
1.4251654148101807
1.3949964046478271
1.361994743347168
1.3754655122756958
1.3548978567123413
1.3468221426010132
1.3479527235031128
1.363125205039978
1.3712934255599976
1.3986836671829224
1.4179019927978516
0
0
0
0
0
0
0
1.726464033126831
1.0973080396652222
1.0634080171585083
1.0517395734786987
1.030845284461975
1.0393366813659668
1.0287940502166748
1.017197608947754
1.016508936882019
1.021844744682312
1.0222517251968384
1.020772933959961
1.04073965549469
1.0482357740402222
1.0717142820358276
1.0976358652114868
0
0
0
1.502105712890625
1.4581565856933594
1.43375563621521
1.415979266166687
1.4180010557174683
1.38109290599823
1.4028778076171875
1.382207989692688
1.4139885902404785
1.4368174076080322
1.4536513090133667
1.4872338771820068
0
0
0
0
0
0
0
0
0
0
0
0
0
0
0
0
0
0
0
0
0
0
0
0
0
0
0
0
0
0
0
0
0
0
0
0
0
0
0
0
0
0
0
0
0
0
0
0
0
0
0
0
0
0
0
0
0
0
0
0
0
0
0
0
0
0
0
0
0
0
0
0
0
0
0
0
0
0
