2.115241050720215
2.117518663406372
2.1198620796203613
2.118976354598999
2.104177713394165
2.102149248123169
2.1099929809570312
2.1113851070404053
2.1061110496520996
2.1185567378997803
2.125141143798828
2.095839023590088
2.130836248397827
2.1076714992523193
2.1345877647399902
2.1460342407226562
1.991442322731018
1.8221099376678467
1.7558549642562866
3.1454062461853027
3.150383472442627
3.2137773036956787
3.274040699005127
3.335116147994995
3.2909462451934814
3.2294397354125977
3.166769504547119
3.11721134185791
3.067176103591919
3.0354385375976562
2.9980525970458984
2.4200849533081055
2.495147466659546
2.5481131076812744
2.601304292678833
2.6637332439422607
2.740067481994629
0
0
0
0
0
0
0
2.860443115234375
2.836165428161621
2.803861379623413
2.7853870391845703
2.7683441638946533
2.7564611434936523
2.7117888927459717
2.704117774963379
1.0633373260498047
1.0848557949066162
2.6391332149505615
2.63832950592041
2.616483688354492
2.6220860481262207
2.594326972961426
2.565058469772339
2.5763285160064697
2.5725486278533936
2.5624310970306396
2.5540835857391357
2.5301291942596436
2.5572659969329834
2.5516982078552246
2.5399699211120605
2.526061773300171
2.53255295753479
2.5241811275482178
2.275136947631836
2.2817227840423584
2.2661149501800537
2.278582811355591
2.3017845153808594
2.27197527885437
2.3143880367279053
2.285890817642212
2.267810344696045
2.295304298400879
2.31819224357605
2.310027837753296
2.3431923389434814
2.348973274230957
2.3518424034118652
2.3583481311798096
2.369713068008423
2.3690919876098633
2.4014930725097656
2.4123871326446533
2.426570177078247
2.441666841506958
2.3242383003234863
2.2223410606384277
2.1364808082580566
2.089156150817871
2.2026405334472656
2.127563953399658
2.056243896484375
2.5272247791290283
2.56825590133667
2.5783350467681885
2.606732130050659
2.656373977661133
2.684159278869629
2.7222135066986084
2.764594793319702
2.781480550765991
2.823693037033081
2.8452510833740234
2.910338878631592
2.848919630050659
2.776660442352295
2.745147228240967
2.68428373336792
2.6571993827819824
2.7830018997192383
2.738250970840454
2.7100703716278076
3.3516335487365723
3.4373116493225098
3.5
0
1.4790260791778564
1.4479292631149292
1.3856785297393799
1.348925232887268
1.291564702987671
1.2582941055297852
1.228089690208435
1.2267787456512451
1.190966248512268
1.7035592794418335
1.7037192583084106
1.7393666505813599
1.7829747200012207
1.798679232597351
1.8282123804092407
1.8603347539901733
1.8871495723724365
1.8998404741287231
1.921729564666748
1.9816930294036865
2.0121829509735107
2.0607521533966064
2.103424072265625
2.051522970199585
2.0254876613616943
2.0126519203186035
1.960878610610962
1.9413138628005981
1.9104193449020386
1.9091771841049194
1.875138282775879
1.8423725366592407
3.454193115234375
3.4581990242004395
3.4101524353027344
3.3761842250823975
3.3632633686065674
3.316699981689453
3.3382909297943115
3.4565224647521973
0
0
0
0
0
0
0
0
1.663997769355774
1.6713273525238037
1.6859394311904907
1.6842114925384521
1.2223351001739502
1.2279762029647827
1.2313053607940674
1.227337121963501
1.2616233825683594
1.2486132383346558
1.261843204498291
1.2490944862365723
1.271488904953003
1.2937718629837036
1.2837018966674805
1.309598445892334
1.3202563524246216
1.331030249595642
1.3470858335494995
1.3484543561935425
1.3856476545333862
1.3868367671966553
1.400769829750061
1.695859670639038
1.6447186470031738
1.577336311340332
1.5740554332733154
1.5326693058013916
1.492629051208496
1.460646152496338
2.01959490776062
2.059108018875122
2.082082748413086
2.1196396350860596
2.1637110710144043
2.2086238861083984
2.2483973503112793
2.294820785522461
2.3499951362609863
2.4124083518981934
2.3713951110839844
2.318417549133301
2.3081068992614746
2.2805864810943604
2.2423770427703857
2.2224137783050537
2.2073984146118164
2.178581953048706
2.3197264671325684
2.3106889724731445
2.2807857990264893
2.351219654083252
2.4414966106414795
2.54300856590271
2.61177659034729
0
0
0
0
0
0
0
0
0
0
0
0
0
0
0
0
0.9763351678848267
0.9687969088554382
0.9551871418952942
0.9513539671897888
0.9559807777404785
0.9653964042663574
0.9707590341567993
0.9631358981132507
0.9721001982688904
0.9478839039802551
0.9777138233184814
0.95578533411026
0.9627014398574829
0.959089457988739
0.9501259922981262
0.9634113907814026
0.9843853712081909
0.9656016826629639
0.979308009147644
0.9947388768196106
0.9852319359779358
0.9901390075683594
0.9815466403961182
1.578107476234436
1.4953500032424927
1.4912101030349731
1.5051761865615845
1.5319308042526245
1.5181854963302612
1.3011451959609985
1.2441602945327759
1.2080121040344238
1.1491434574127197
1.0860841274261475
1.0631036758422852
1.0313208103179932
1.0060611963272095
0.9735593199729919
0.943355143070221
0.9235648512840271
1.4522753953933716
1.47811758518219
1.5022786855697632
1.5022392272949219
1.5539964437484741
1.5498746633529663
1.5205236673355103
1.4800530672073364
1.4666653871536255
1.4184528589248657
1.394112467765808
1.3834986686706543
1.3390387296676636
1.32628333568573
1.3016024827957153
1.2728039026260376
1.2487034797668457
1.2630845308303833
1.2216194868087769
0
0
0
0
0
0
0
0
0
0
0
0
0
0
0
0
3.5
3.462329864501953
3.4391298294067383
3.408489227294922
3.3865468502044678
3.3766133785247803
3.3538293838500977
3.3439385890960693
3.339970111846924
3.3102636337280273
3.2929584980010986
3.282249927520752
3.2798054218292236
3.251859188079834
3.257988452911377
3.2528772354125977
3.2535629272460938
3.2370645999908447
3.217742443084717
3.219956874847412
3.2422213554382324
3.225220203399658
3.227168083190918
3.2162156105041504
3.234647035598755
3.2299039363861084
3.2203128337860107
3.224736213684082
3.2241644859313965
3.2367799282073975
1.767540454864502
1.9110078811645508
2.02897572517395
2.1854002475738525
2.157740354537964
2.1580185890197754
2.1372454166412354
2.1315300464630127
2.127176523208618
2.133087158203125
2.1323916912078857
2.1239466667175293
