0
0
0
0
0
0
0
0
0
0
0
0
0
0
0
0
0
0
0
0
0
0
0
0
0
0
0
0
0
0
0
0
0
0
0
0
0
0
0
0
0
0
0
0
0
0
0
0
0
0
0
1.6959325075149536
1.630744218826294
1.6101276874542236
1.5993317365646362
1.57405424118042
1.5698376893997192
1.5744636058807373
1.594139575958252
1.5854523181915283
1.623738169670105
1.657461404800415
0
0
0
0
0
0
0
0
0
3.5
3.4432992935180664
3.4428765773773193
3.0095744132995605
2.984452724456787
2.930826425552368
2.94281268119812
2.951096296310425
3.0071284770965576
3.438305616378784
3.4012160301208496
3.405876874923706
3.4116716384887695
3.4624526500701904
0
0
0
0
0
0
0
0
0
2.6517186164855957
2.5509278774261475
2.523287773132324
2.5121617317199707
2.507908344268799
2.5248701572418213
2.561509847640991
0
0
0
0
0
0
0
0
0
0
0
0
0
0
0
0
0
0
0
0
0
0
0
0
0
0
0
0
2.059338092803955
1.9434071779251099
1.932524561882019
1.8973206281661987
1.9184062480926514
1.8988100290298462
1.9191843271255493
1.9592496156692505
1.9638381004333496
0
0
0
0
0
0
0
0
0
0
0
0
0
0
0
0
3.4289090633392334
0
0
0
0
0.6361920833587646
0.6073683500289917
0.596896231174469
0.5707883238792419
0.5603350400924683
0.5534927845001221
0.5606945157051086
0.5227428078651428
0.5273202657699585
0.5398380756378174
0.5456627011299133
0.5269689559936523
0.5383372902870178
0.5324283838272095
0.5357645153999329
0.5173805356025696
0.5408779382705688
0.527734100818634
0.5274041295051575
0.5350809693336487
0.5554215312004089
0.5642825365066528
0.5625370740890503
0.5638477802276611
0.5832585692405701
0.6065284609794617
0.6482707858085632
0
2.651087999343872
2.6737866401672363
0
0
0
0
2.1476705074310303
2.091048240661621
2.0651230812072754
2.060746908187866
2.0502655506134033
2.0629873275756836
2.068277359008789
2.115879535675049
0
0
0
0
0
0
0
0
0
0
0
0
0
0
0
0
0
0
0
0
0
0
0
0
2.1314425468444824
2.1032416820526123
2.0952165126800537
2.078155040740967
2.0771052837371826
2.0932459831237793
2.1233184337615967
2.174947738647461
0
0
0
0
0
0
0
0
0
0
0
0
0
3.387796401977539
0
0
0
0
0
0
2.531761407852173
2.485137701034546
2.467308521270752
2.467573404312134
2.4915661811828613
2.5122487545013428
2.6064646244049072
0
0
0
0
0
2.1110973358154297
2.076964855194092
0
0
0
0
0
0
0
0
0
0
0
0
0
0
0
0
0
0
0
0
0
1.2703709602355957
1.2361242771148682
1.2075703144073486
1.2122201919555664
1.20034658908844
1.2061365842819214
1.2005894184112549
1.1789766550064087
1.1916227340698242
1.2092610597610474
1.2138025760650635
1.2329050302505493
1.2508950233459473
1.303141713142395
2.917501449584961
2.9485626220703125
2.987565279006958
0
0
0
0
0
0
0
0
0
0
0
0
0
0
0
0
0
0
0
0
0
0
0
3.091289520263672
3.065952777862549
3.056506395339966
3.0644588470458984
3.100905179977417
0
0
0
0
0
0
0
0
0
0
0
0
0
0
0
1.8941245079040527
1.8362281322479248
1.8028100728988647
1.7806888818740845
1.7783371210098267
1.7823163270950317
1.7671335935592651
1.780006766319275
1.8096270561218262
1.8602211475372314
0
0
