0
0
0
0
0
0
0
0
0
0
0
0
0
0
0
0
0
0
0
0
0
0
0
0
0
0
0
0
0
0
0
0
0
0
0
0
0
0
0
0
0
0
0
0
0
0
0
0
0
0
0
0
0
0
0
0
0
0
0
0
0
0
0
0
0
0
0
0
0
0
0
0
0
0
0
0
0
0
0
0
0
0
0
0
0
0
0
1.8410104513168335
1.750765323638916
1.7270573377609253
1.7142667770385742
1.7271779775619507
1.7169617414474487
1.7080823183059692
1.7328846454620361
1.7398289442062378
1.7954750061035156
0
0
0
0
0
0
0
0
0
0
0
0
0
0
0
0
0
0
0
0
0
0
0
0
0
0
0
0
0
0
0
0
0
0
0
0
0
0
0
0
0
0
0
0
0
0
0
0
0
0
1.6069895029067993
1.5875580310821533
1.5466450452804565
1.5767368078231812
1.553863525390625
1.5452204942703247
1.5607185363769531
1.5603405237197876
1.5653996467590332
1.6032544374465942
0
0
0
0
0
0
0
0
0
0
0
0
0
0
0
0
0
0
0
0
0
0
0
0
0
0
0
0
0
0
0
0
0
0
0
2.122833013534546
2.074204444885254
2.065824031829834
2.0310161113739014
2.050374746322632
2.048888683319092
2.0833263397216797
2.1417553424835205
0
0
0
0
0
0
0
0
0
0
0
0
0
0
0
3.276448965072632
3.237152099609375
3.2493410110473633
3.2654194831848145
3.325148105621338
0
0
0
0
0
0
0
0
0
0
0
0
0
0
0
0
1.6848642826080322
1.4000884294509888
1.2104591131210327
1.0649553537368774
0.9025477766990662
0.8313060998916626
0.7552989721298218
0.706882119178772
0.7181766629219055
0.7225598692893982
0.7359520196914673
0.7325142621994019
0.7429203391075134
0.7245843410491943
0.7368847131729126
0.7432177066802979
0.767856776714325
0.7555838227272034
0.7744058966636658
0.7578877210617065
0.7829736471176147
0.7833895683288574
0.7884888052940369
0.8054196834564209
0.791465699672699
0.8080077171325684
0.7914354801177979
0.814860463142395
0.8424131274223328
0.8537755012512207
0.8377339839935303
0.8718527555465698
0.8554648756980896
0.8806361556053162
0.8889181613922119
0.9144327640533447
0.9333307147026062
0.9463558793067932
0.9708256125450134
0.9724904298782349
1.0029935836791992
1.0137311220169067
1.0053516626358032
1.0568114519119263
1.0725910663604736
1.0884895324707031
1.121008038520813
1.144623041152954
1.1719365119934082
1.1895530223846436
1.2413990497589111
1.256201148033142
1.2858866453170776
1.3069924116134644
0
0
0
0
0
0
0
0
0
0
0
0
0
0
0
0
0
0
0
0
0
0
0
0
0
0
0
0
0
0
0
0
0
0
0
0
0.8522049784660339
0.8276736736297607
0.8151349425315857
0.8128807544708252
0.7849190831184387
0.7789801955223083
0.7697075009346008
0.7781203389167786
0.7587948441505432
0.7682278156280518
0.7659821510314941
0.7592960000038147
0.7705101370811462
0.784552812576294
0.779975950717926
0.7939898371696472
0.7987337112426758
0.8089681267738342
0.8580685257911682
0.8895527720451355
0
0
0
0
0
0
0
0
0
0
0
0
0
0
