0
2.5417308807373047
2.5062708854675293
2.4945313930511475
2.4984683990478516
2.5088772773742676
2.531466007232666
2.595346212387085
0
0
0
0
0
0
0
0
0
0
0
0
0
0
0
0
0
0
0
0
0
1.1317267417907715
1.1063389778137207
1.0784510374069214
1.0541398525238037
1.0488181114196777
1.0406814813613892
1.0303936004638672
1.0405950546264648
1.037302851676941
1.0514143705368042
1.0570275783538818
1.0556814670562744
1.0580213069915771
1.0748870372772217
1.120823621749878
0
0
0
0
0
0
0
0
0
0
0
0
0
0
0
0
0
0
2.6840293407440186
2.6459665298461914
2.6001198291778564
2.6129236221313477
2.5981502532958984
2.6330201625823975
2.6967601776123047
0
0
0
0
0
0
0
0
1.6208419799804688
1.5487500429153442
1.5263581275939941
1.4931671619415283
1.4897862672805786
1.4822674989700317
1.4722188711166382
1.4882241487503052
1.5034433603286743
1.509682059288025
1.5685217380523682
1.584241271018982
0
0
0
0
0
0
0
0
0
0
0
0
0
2.902282953262329
2.872349977493286
2.856569766998291
2.884934186935425
2.8918983936309814
0
0
0
0
0
0
0
0
0
0
0
0
0
0
0
0
0
0
0
0
0
0
0
0
0
0
2.741284132003784
0
0
0
0
0
0
0
0
0
0
0
0
0
0
0
0
0
0
0
0
0
0
0
0
0
0.983517587184906
0.9761415719985962
0.9842880368232727
0
0
0
0
0
0
0
0
0
0
0
0
0
0
0
0
0
0
0
0
0
0
0
0
0
0
0
0
0
0
0
0
0
0
0
0
0
0
0
0
0
0
0
0
0
0
2.2800495624542236
0
0
0
0
0
0
0
0
0
0
0
0
0
0
0
0
0
0
0
0
0
0
0
0
0
0
0
0
0
0
0
0
0
0
0
0
0
0
0
0
0
0
0
0
0
0
0
0
0
0
0
0
0
0
0
0
0
0
1.9698295593261719
0
0
0
0
0
0
0
0
0
3.176109790802002
3.144868850708008
3.142007827758789
3.138380765914917
3.1684348583221436
0
0
0
0
0
0
0
0
0
0
0
0
0
0
0
0
0
0
2.912740468978882
2.8527023792266846
2.8060574531555176
2.81423282623291
2.8107123374938965
2.8364267349243164
2.909619092941284
0
0
0
0
0
0
0
0
0
0
0
2.996063709259033
2.942636489868164
2.953934907913208
2.9388246536254883
2.954922914505005
3.0027849674224854
0
0
0
0
2.29843807220459
2.253159284591675
2.2631266117095947
2.207592010498047
2.231802225112915
2.2516307830810547
2.2916955947875977
2.359889030456543
0
0
1.6818734407424927
1.6102081537246704
1.6058517694473267
1.5858490467071533
1.5691313743591309
1.5783839225769043
1.5734935998916626
1.5864678621292114
1.5806547403335571
1.6131505966186523
1.6517530679702759
3.1675267219543457
0
0
0
0
0
0
0
0
0
0
