0
0
0
0
0
0
0
2.980172634124756
2.94836163520813
2.9380300045013428
2.937283992767334
2.95457124710083
1.9125168323516846
1.8502742052078247
1.8254399299621582
1.8487703800201416
1.8231559991836548
1.8427209854125977
1.8315483331680298
1.8712165355682373
1.8887163400650024
0
0
0
0
0
0
0
0
0
0
0
0
0
0
0
0
0
0
0
0
0
0
0
0
0
0
3.223836660385132
3.1775856018066406
3.1671223640441895
3.1729447841644287
3.202713966369629
3.251476287841797
0
0
0
0
0
3.4607794284820557
3.3972232341766357
3.4037795066833496
3.402420997619629
3.4624710083007812
2.1838111877441406
0
0
0
0
0
0
0
0
0
0
0
0
0
0
0
0
0
0
0
0
0
0.6777441501617432
0.6243184208869934
0.6271082758903503
0.6207612752914429
0.6007222533226013
0.574763834476471
0.5806626081466675
0.6015077233314514
0.5773557424545288
0.5993154048919678
0.5641034245491028
0.5802797675132751
0.5462695956230164
0.5775715708732605
0.5654978156089783
0.5756652355194092
0.5721082091331482
0.5680254697799683
0.5860255360603333
0.5923850536346436
0.6241463422775269
0.6034906506538391
0.6212311387062073
0.646382212638855
0.6596404314041138
0
0
0
2.826310873031616
2.7844202518463135
2.7780959606170654
2.775111675262451
2.788909435272217
2.858574867248535
0
0
0
0
0
0
0
0
0
0
0
0
0
0
0
0
0
0
0
0
0
0
0
1.8876607418060303
1.8401470184326172
1.812286138534546
1.8006583452224731
1.816705346107483
1.809977650642395
1.8013533353805542
1.8259913921356201
1.8875336647033691
0
0
0
0
0
0
0
0
0
0
0
3.46931529045105
3.4627089500427246
3.4420065879821777
3.4781715869903564
0
0
0
0
0
0
0
0
0
0
0
0
0
0
0
0
0
0
0
0
0
0
0
0
3.5
3.499394178390503
0
0
0
0
0
0
0
0
0
0
0
0
0
0
0
0
1.8942538499832153
1.8639296293258667
1.829145073890686
1.8323537111282349
1.8380399942398071
1.860511302947998
1.8426436185836792
1.888789176940918
1.9817193746566772
0
0
0
0
0
0
0
0
0
0
0
0
0
0
0
0
0
0
0
0
0
0
0
0
0
0
0
0
0
0
0
0
0
0
0
0
0
0
1.838820457458496
1.8055635690689087
1.7691580057144165
1.7613860368728638
1.7390460968017578
1.7475924491882324
1.7761441469192505
1.7699304819107056
1.7911314964294434
0.8022432923316956
0.7490978240966797
0.7341787815093994
0.6948454976081848
0.7011255025863647
0.7119972705841064
0.7114477753639221
0.6777713298797607
0.6883974671363831
0.6767363548278809
0.6833449006080627
0.6757020354270935
0.6590460538864136
0.6984655261039734
0.6899741888046265
0.6971614956855774
0.7058605551719666
0.7014580368995667
0.7127780914306641
0.7167010307312012
0.7441037893295288
0.7786251902580261
0
0
0
0
0
0
0
0
0
0
0
0
0
0
0
0
0
0
0
0
0
0
0
0
0
0
0
0
0
0
0
0
0
0
0
0
0
0
0
0
0
0
0
0
0
0
0
0
0
0
2.0402445793151855
1.9621130228042603
1.9013510942459106
1.908276915550232
1.86864173412323
1.8859590291976929
1.8992242813110352
1.9045113325119019
1.954760193824768
1.9921096563339233
2.9900741577148438
3.0055532455444336
3.005943775177002
3.0455856323242188
0
0
0
0
0
0
0
0
0
0
