0
0
0
0
0
0
0
0
0
0
0
0
0
0
0
0
0
0
0
0
0
0
0
1.2074782848358154
1.1855340003967285
1.1711984872817993
1.144948959350586
1.129626989364624
1.129223346710205
1.0936863422393799
1.123075008392334
1.1146974563598633
1.1169358491897583
1.113887906074524
1.1387540102005005
1.1741657257080078
1.1865651607513428
1.211397647857666
0
0
0
0
0
0
0
0
0
0
0
0
0
0
0
0
0
0
0
0
0
0
0
0
0
0
0
0
0
0
0
0
0
0
0
0
0
0
0
0
0
0
0
0
0
0
0
0
0
1.3507815599441528
1.2817403078079224
1.2935545444488525
1.2459754943847656
1.2403939962387085
1.2354201078414917
1.2354429960250854
1.2418889999389648
1.2328494787216187
1.2512335777282715
1.266448974609375
1.2835626602172852
1.3088165521621704
0
0
0
0
0
0
0
0
3.1724724769592285
0
0
0
0
0
0
0
0
0
0
0
0
0
0
0
0
0
0
0
0
0
0
0
0
0
0
0
0
2.298490524291992
2.269409656524658
2.256427049636841
2.2509043216705322
2.2737154960632324
2.276387929916382
2.3040928840637207
0
0
0
0
0
0
0
3.0831360816955566
3.0259084701538086
3.010819911956787
3.0354268550872803
3.0544934272766113
0
0
0
0
0
0
0
0
0
0
0
0
0
0
0
0
0
0
0
2.7055814266204834
2.6584408283233643
2.6027309894561768
1.6128147840499878
1.5689300298690796
1.554383397102356
0.4292331635951996
0.39908596873283386
0.3905499279499054
0.3915063738822937
0.37283989787101746
0.37385427951812744
0.359697550535202
0.35649463534355164
0.34656357765197754
0.35295021533966064
0.34203895926475525
0.34485238790512085
0.3292562961578369
0.34752681851387024
0.31985554099082947
0.33513370156288147
0.3317902684211731
0.32903358340263367
0.32540789246559143
0.33759093284606934
0.3204651474952698
0.3218842148780823
0.32235342264175415
0.33111169934272766
0.34066447615623474
0.3534339964389801
0.34262406826019287
0.33680713176727295
0.3519015610218048
0.35988202691078186
0.34538257122039795
0.36577942967414856
0.3763086199760437
0.3830227255821228
0.38682448863983154
0.4067993760108948
0.41622957587242126
0.4246591031551361
0
0
2.605170249938965
2.5572564601898193
2.500969886779785
2.5196614265441895
2.519242525100708
2.5492897033691406
2.628790855407715
0
0
0
0
0
0
0
0
0
0
0
0
0
0
0
0
0
0
0
0
0
0
0
0
0
0
0
0
0
0
0
0
0
0
0
0
1.049594759941101
1.0102921724319458
0.9634155035018921
0.9655694365501404
0.9585715532302856
0.9439627528190613
0.9594792723655701
0.9519833922386169
0.9446835517883301
0.9490838646888733
0.9307925701141357
0.9582110047340393
0.9532067775726318
0.9601681232452393
0.9854979515075684
0.9958146214485168
1.0531376600265503
0
0
0
0
0
0
0
0
0
0
0
0
0
0
0
0
0
0
0
0
0
0
0
0
0
0
0
0
0
0
0
0
0
0
0
2.613375186920166
2.578674077987671
2.582711696624756
2.5875706672668457
2.5775599479675293
2.609865188598633
2.7238571643829346
0
0
0
0
0
0
0
0
0
0
0
0
0
0
0
0
0
1.760883092880249
1.7251335382461548
1.7240222692489624
1.7033346891403198
1.6899102926254272
1.6889513731002808
1.6928400993347168
1.696374773979187
1.7171037197113037
1.7586668729782104
0
0
0
0
0
0
0
0
0
0
