3.220209836959839
3.2214136123657227
3.2250559329986572
3.280956268310547
0
0
0
3.0939574241638184
3.064208507537842
3.013730764389038
3.0240776538848877
3.0577409267425537
3.109738349914551
0
0
3.386101245880127
3.296398639678955
3.2526211738586426
3.268087863922119
3.2799549102783203
3.3334901332855225
0
0
0
0
2.243084192276001
0
0
0
0
0
0
0
0
0
0
0
0
0
0
0
0
0
0
0
0
0
0
0
0
3.2488086223602295
3.2064223289489746
3.1943185329437256
3.2221109867095947
3.235182762145996
3.3249197006225586
0
0
0
0
0
0
0
0
0
0
0
0
0
0
0
0
0
0
0
0
0
0
0
0
0
0
0
0
0
0
0
3.4393198490142822
0
0
0
0
0
0
0
0
0
0
0
0
0
0
0
0
0
0
0
0
0
0
2.6553540229797363
1.7210108041763306
1.650283932685852
1.6182522773742676
1.6029707193374634
1.6150691509246826
1.5858478546142578
1.6023249626159668
1.613915205001831
1.6192768812179565
1.6665180921554565
1.7208389043807983
0
0
0
0
0
0
0
0
0
0
0
0
0
0
0.5749471187591553
0.5243297219276428
0.5017420649528503
0.5023531913757324
0.491234689950943
0.4615914821624756
0.46233147382736206
0.47115856409072876
0.46632447838783264
0.44344666600227356
0.4596104025840759
0.4656371474266052
0.461008220911026
0.4545433521270752
0.4424281418323517
0.43335041403770447
0.4592818319797516
0.45432621240615845
0.4510039985179901
0.44927898049354553
0.4588671922683716
0.463550329208374
0.45578551292419434
0.4635447561740875
0.4952269494533539
0.48382437229156494
0.4876982569694519
0.5163701772689819
0.5175827741622925
0.538087010383606
2.2637250423431396
0
0
0
0
0
0
0
0
0
3.4010019302368164
3.371028184890747
3.382561683654785
3.4047133922576904
0
0
0
0
0
0
0
1.6383391618728638
1.626277208328247
1.5884027481079102
1.5882805585861206
1.5771024227142334
1.575958013534546
1.59574556350708
1.5926121473312378
1.610865592956543
1.670541763305664
0
2.921543836593628
2.8617727756500244
2.83015775680542
2.836181879043579
2.8485090732574463
2.8877954483032227
0
0
0
0
0
0
0
0
0
0
0
0
0
1.5286026000976562
1.490352749824524
1.4704755544662476
1.4553850889205933
1.4530364274978638
1.4313867092132568
1.4459621906280518
1.4588029384613037
1.455980896949768
1.4773802757263184
1.5176852941513062
0
0
0
0
0.4802888035774231
0.43806231021881104
0.42047354578971863
0.3978356719017029
0.403599351644516
0.38462477922439575
0.3784406781196594
0.37348610162734985
0.3751372992992401
0.3612143397331238
0.3583509624004364
0.3467089831829071
0.3600825369358063
0.3817916214466095
0.35661813616752625
0.36342284083366394
0.3711431920528412
0.36803901195526123
0.3549276292324066
0.3631831407546997
0.3581380248069763
0.33913740515708923
0.3534511625766754
0.36987388134002686
0.3557443618774414
0.37811407446861267
0.35876816511154175
0.3666631281375885
0.3861006498336792
0.3691868782043457
0.38100317120552063
0.39044156670570374
0.40434926748275757
0.40602409839630127
0.4274616837501526
0.44886842370033264
0.4810296595096588
3.092682361602783
0
0
0
0
0
0
0
0
0
0
0
0
0
1.3839643001556396
1.3568570613861084
1.345035195350647
1.3630369901657104
1.3305351734161377
1.3434455394744873
1.3093127012252808
1.3497283458709717
1.3624976873397827
1.3669196367263794
1.4041169881820679
1.4193979501724243
2.30604887008667
2.29303240776062
2.2919459342956543
2.294746160507202
2.3161349296569824
2.387996196746826
0
0
0
0
0
0
0
0
0
0
0
0
0
0
0
0
0
0
0
0
0
0
3.482844829559326
0
0
0
0
0
0
0
0
0
0
0
0
0
0
0
0
0
0
0
0
0
0
0
0
0
0
0
0
0
0
0
0
0
0
3.276745319366455
3.220691680908203
