0
0
0
0
2.737124443054199
2.6684579849243164
2.631880283355713
2.620051145553589
2.6272170543670654
2.6270008087158203
2.6763718128204346
0
0
0
0
0
0
0
0
0
0
0
0
0
0
0
0
0
2.2245078086853027
2.15584135055542
2.117117404937744
2.1059999465942383
2.123133420944214
2.1222736835479736
2.109607696533203
2.1634938716888428
2.2428033351898193
0
0
0
0
0
0
0
0
0
0
0
0
0
0
1.3342163562774658
1.2797454595565796
1.2654190063476562
1.2490179538726807
1.2499253749847412
1.2534213066101074
1.2434815168380737
1.2502388954162598
1.235467791557312
1.2620371580123901
1.2721036672592163
1.30316960811615
1.332509160041809
0
0
0
0
0
0
0
0
0
2.941023588180542
2.893561363220215
2.880114793777466
2.8802738189697266
2.9098904132843018
2.969498872756958
0
0
0
0
0
0
0
0
0
0
0
0
0
0
0
0
0
0
2.8502204418182373
2.8505403995513916
2.838660478591919
1.0719364881515503
1.037170648574829
1.0106697082519531
1.0193344354629517
0.9801943302154541
0.9856861233711243
1.0009441375732422
0.9798222184181213
1.0042093992233276
0.9897636771202087
1.0041546821594238
1.0024044513702393
1.0157908201217651
1.025689959526062
1.0482921600341797
1.108925461769104
0
0
0
0
0
0
0
3.4386894702911377
3.4051828384399414
3.3813021183013916
3.3996551036834717
3.467395067214966
0
0
0
0
0
0
0
0
0
0
0
0
0
0
0
1.7989424467086792
1.7375961542129517
1.7238436937332153
1.7018548250198364
1.6885850429534912
1.6795780658721924
1.7133387327194214
1.7108514308929443
1.7374955415725708
1.7878202199935913
0
0
0
0
0
0
2.847078323364258
2.744405746459961
2.7292370796203613
2.716662645339966
2.7059855461120605
2.74251389503479
2.811525583267212
0
0
0
0
0
0
0
0
0
0
0
0
0
0
0
0
0
0
0
0
0
0
0
0
0
0
0
0
0
0
0
0
0
0
0
0
0
0
0
2.1875429153442383
2.1160268783569336
2.0768489837646484
2.0838067531585693
2.07368803024292
2.0717122554779053
2.120352268218994
2.154204845428467
0
3.1215529441833496
3.037452220916748
3.004910469055176
2.985757827758789
3.0196123123168945
3.071335792541504
0
0
0
0
0
0
0
0
0
0
0
0
0
0
0
0
1.1260979175567627
1.1039170026779175
1.0536742210388184
1.0480105876922607
1.0350170135498047
1.058191180229187
1.0432090759277344
1.0444811582565308
1.0430622100830078
1.0511791706085205
1.051816701889038
1.0599656105041504
1.0690799951553345
1.0866880416870117
1.126696228981018
2.815261125564575
2.8151299953460693
2.852402448654175
2.9516568183898926
0
0
0
0
0
0
0
0
0
0
0
0
0
0
0
0
0
0
2.677642583847046
2.630153179168701
2.5978057384490967
2.590742588043213
2.5783088207244873
2.5944275856018066
2.6666312217712402
0
1.0698996782302856
1.016789197921753
0.9836174249649048
0.9724858999252319
0.9521707892417908
0.9414353966712952
0.9204946160316467
0.9213256239891052
0.919650137424469
0.930892825126648
0.9339492321014404
0.9459309577941895
0.9407672882080078
0.9378870129585266
0.9706612825393677
0.9688842296600342
0.9968900084495544
3.0580666065216064
3.0231292247772217
3.0161516666412354
3.0227854251861572
3.065295934677124
0
0
0
0
0
0
0
0
0
0
0
0
0
0
0
0
1.6711416244506836
1.6330382823944092
1.627977728843689
1.602356195449829
1.6176952123641968
1.5950618982315063
1.6213810443878174
1.6202924251556396
1.6538169384002686
1.6866461038589478
0
0
0
0
0
0
0
0
0
2.513453245162964
2.4731664657592773
2.441924810409546
2.435991048812866
2.4553213119506836
2.478907346725464
2.473299980163574
0
0
0
0
0
0
0
0
0
0
0
0
0
0
0
