0
0
0
0
0
0
0
0
0
3.025918483734131
2.9797861576080322
2.96884822845459
2.969512939453125
2.9660744667053223
3.022916793823242
0
0
0
0
0
0
0
0
0
0
1.3064416646957397
1.272268533706665
1.2512586116790771
1.2266180515289307
1.2112728357315063
1.2046046257019043
1.2080833911895752
1.1643297672271729
1.2031216621398926
1.21059250831604
1.2211284637451172
1.2256096601486206
1.2582029104232788
1.294331669807434
0
0
0
0
0
0
0
0
0
0
0
0
0
0
0
0
0
0
0
0
0
0
0
0
3.1441612243652344
3.1103780269622803
3.093609094619751
3.088075637817383
3.135896682739258
0
0
0
0
0
0
0
0
0
0
0
0
0
0
0
0
0
0
0
0
0
0
0
0
0
0
0
0
1.3579431772232056
1.293291687965393
1.2553786039352417
1.2442363500595093
1.2239689826965332
1.233758568763733
1.2190340757369995
1.2231934070587158
1.2134042978286743
1.238320231437683
1.2456759214401245
1.2694625854492188
1.2908265590667725
1.3696647882461548
0
0
0
0
0
1.6394625902175903
1.5599980354309082
1.5303620100021362
1.5204395055770874
1.5119036436080933
1.5118588209152222
1.5027549266815186
1.5174331665039062
1.5453521013259888
1.557212233543396
1.6046632528305054
0
0
0
0
0
0
0
0
0
0
0
0
0
0
0
0.5514332056045532
0.5261366963386536
0.5229500532150269
0.48315978050231934
0.5094699859619141
0.49570468068122864
0.4712693691253662
0.47389310598373413
0.4509717524051666
0.451431006193161
0.45497599244117737
0.449228435754776
0.45191651582717896
0.4533432126045227
0.44991418719291687
0.46344247460365295
0.4496968686580658
0.45482996106147766
0.4619497060775757
0.4623686969280243
0.459102600812912
0.46660101413726807
0.4609456956386566
0.47809115052223206
0.48648542165756226
0.4824647903442383
0.5106953382492065
0.5282154679298401
0.5276845693588257
0.5629687905311584
0
0
0
0
0
0
0
0
0
0
2.300978183746338
2.263042449951172
2.236415386199951
2.232164144515991
2.2424638271331787
2.272927761077881
2.3002047538757324
0
0
0
0
0
0
0
0
0
0
0
0
0
0
0
3.483020067214966
3.49906325340271
0
0
0
0
2.46089243888855
2.4424519538879395
2.4243083000183105
2.4317078590393066
2.429687976837158
2.477879047393799
2.5519251823425293
0
0
0
0
0
0
0
0
0
0
0
0
0
0
0
0
0
0
0
0
0
0
0
0
0
0
0
0
0
0
0
2.8467228412628174
0
0
0
0
0
0
0
1.2129344940185547
1.2023115158081055
1.159079670906067
1.127573847770691
1.1355782747268677
1.1258867979049683
1.1024644374847412
1.1022273302078247
1.112038254737854
1.131335973739624
1.1425656080245972
1.1340960264205933
1.174697756767273
1.1990388631820679
0
3.07452130317688
3.0308187007904053
3.0377020835876465
3.027031421661377
3.061997413635254
3.15899658203125
0
0
2.6705713272094727
2.6217281818389893
2.6073896884918213
2.5731804370880127
2.58286452293396
2.6342720985412598
2.692351818084717
0
0
0
0
0
3.1486244201660156
3.099865674972534
3.107572555541992
3.096484899520874
3.127880811691284
3.2063710689544678
0
0
0
0
0
0
0
0
0
0
0
0
0
0
1.9270821809768677
1.8930295705795288
1.8440834283828735
1.8301795721054077
1.8109771013259888
1.8228641748428345
1.8505847454071045
1.8425852060317993
1.8674722909927368
1.9412899017333984
0
0
0
0
0
0
0
0
0
0
0
0
0
0
0
0
0
0
0
3.2324230670928955
3.1956586837768555
3.185882568359375
3.196959972381592
3.2417550086975098
0
0
0
0
0
0
0
0
0
0
0
0
0
0
0
0
