0
0
0
0
0
0
0
0
0
0
0
0
0
0
0
0
0
0
0
0
0
0
0
0
0
0
0
0
0
0
0
0
0
0
2.954188346862793
2.8769006729125977
2.867593765258789
2.8464064598083496
2.8620669841766357
2.910520553588867
3.38505220413208
3.419525623321533
0
0
0
3.083925724029541
3.049898862838745
3.03540301322937
3.060865640640259
3.0824315547943115
0
0
0
0
0
0
0
0
0.8639354109764099
0.827277660369873
0.8117001056671143
0.7856782078742981
0.775346577167511
0.7663412094116211
0.7975748181343079
0.7719405889511108
0.7733129858970642
0.7805418372154236
0.7653084993362427
0.7793103456497192
0.7789999842643738
0.7510995864868164
0.795940637588501
0.8054762482643127
0.8101634383201599
0.8100831508636475
0.846123218536377
0
0
0
1.3864824771881104
1.3418480157852173
1.3283358812332153
1.2984116077423096
1.3185278177261353
1.3142057657241821
1.2937606573104858
1.2837239503860474
1.3008556365966797
1.3220231533050537
1.3321161270141602
1.3562309741973877
0
0
0
0
0
0
0
0
0
0
0
0
0
0
0
0
0
0
0
0
0
0
0
0
0
0
0
0
0
2.218808889389038
2.176955461502075
2.1662001609802246
2.1400039196014404
2.148496627807617
2.1641087532043457
2.1847498416900635
2.2771918773651123
2.6309919357299805
2.5757527351379395
2.578599452972412
2.5794153213500977
2.6045479774475098
2.651496410369873
0
2.125196695327759
2.0755293369293213
2.0716779232025146
2.0522360801696777
2.0622169971466064
2.080667734146118
2.103477716445923
2.164487600326538
0
0
0
0
0
0
0
0
0
0
0
0
0
0
0
0
0
0
0
0
0
0
0
0
0
0
0
0
0
0
0
0
0
0
0
0
0
0
0
0
0
0
0
0
0
0
0
0
0
0
0
0
0
0
0
0
0
0
0
0
0
0
0
0
0
0
0
0
0
0
0
0
0
0
0
0
0
0
0
0
0
0
0
0
0
0
0
0
0
0
0
0
0
0
0
0
0
0
0
0
0
0
0
0
0
0
0
0
0
0
0
0
0
0
0
0
0
0
0
0
0
0
0
0
0
0
0
0
0
0
0
0
0
0
0
0
0
0
0
0
0
0
0
0
0
0
0
0
0
0
0
0
0
0
0
0
0
0
0
0
0
0
0
0
0
0
0
0
0
0
0
0
0
0
0
0
0
0
0
0
0
0
0
0
0
0
0
0
0
0
0
0
0
0
0
0
0
0
0
0
0
0
0
0
0
0
0
0
0
0
0
0
0
0
0
0
