0
0
0
0
0
0
0
0
0
0
0
0
0
0
0
0
0
0
3.2188289165496826
3.241253614425659
3.2557947635650635
3.2893221378326416
3.2968597412109375
3.3283636569976807
3.356234312057495
2.3822553157806396
2.3925273418426514
2.4297614097595215
2.4485301971435547
2.4713988304138184
2.470778465270996
2.524447202682495
2.543139934539795
0
0
0
1.8973515033721924
1.9183634519577026
1.944058895111084
1.9803177118301392
2.010500192642212
2.048699140548706
2.0587475299835205
2.117507219314575
2.1342527866363525
2.1128952503204346
2.0782384872436523
2.02897047996521
2.0113840103149414
1.9751302003860474
1.9476851224899292
1.9202525615692139
1.8809287548065186
1.8625431060791016
1.8727118968963623
1.8317036628723145
1.7982560396194458
1.7747862339019775
1.7522773742675781
1.7511520385742188
1.2728986740112305
1.3025621175765991
1.3539214134216309
1.3975142240524292
1.4538376331329346
1.4974853992462158
1.558377742767334
1.6274826526641846
0
0
0
0
0
0
0
0
0
0
0
0
0
0
0
0
0
0
0
0
0
0
0
0
0
0
0
0
0
0
0
0
0
0
0
0
0
0
0
0
0
0
0
0
0
0
0
0
0
0
0
0
0
0
0
0
0
0
0
0
0
0
0
0
0
0
0
0
0
0
0
0
0
0
0
0
0
0
0
0
0
0
0
0
0
0
0
0
0
0
0
0
0
0
0
0
0
0
0
0
0
0
0
0
0
0
0
0
0
0
0
0
0
0
0
0
0
0
0
0
0
0
0
0
0
0
0
0
0
0
0
0
0
0
0
0
0
0
0
0
0
0
0
0
0
0
0
0
0
0
0
0
0
0
0
0
0
0
0
0
0
0
0
0
0
0
0
0
0
0
0
0
0
0
0
0
0
0
0
0
0
0
0
0
0
0
0
0
0
0
0
0
0
0
0
0
0
0
0
0
0
0
0
0
0
0
0
0
0
0
3.0089211463928223
2.9943184852600098
2.9722836017608643
2.991959810256958
3.0030198097229004
3.0987915992736816
3.4711503982543945
3.4818356037139893
3.5
0
0
0
0
0
0
0
0
1.5822339057922363
1.5505483150482178
1.5320550203323364
1.501715064048767
1.5039279460906982
1.498146653175354
1.5065250396728516
1.503395676612854
1.5221683979034424
1.5412585735321045
1.182113766670227
1.1860160827636719
1.1280385255813599
1.0971089601516724
1.1026984453201294
1.1068599224090576
1.0798649787902832
1.1001207828521729
1.0814331769943237
1.090257167816162
1.0953788757324219
1.1096909046173096
1.1313449144363403
1.1531468629837036
1.2045994997024536
0
0
0
0
0
0
0
0
3.301863431930542
3.2651309967041016
3.258072853088379
3.254396677017212
3.2998499870300293
0
0
2.9936399459838867
2.930389642715454
2.8945398330688477
2.9026570320129395
2.9256439208984375
2.9458701610565186
0
0
3.3997316360473633
3.3325185775756836
3.3300411701202393
3.2965848445892334
3.309731960296631
3.3790969848632812
0
0
0
0
0
0
0
0
0
0
0
