0
0
0
0
0.8617212176322937
0.8284465670585632
0.8306093811988831
0.8051780462265015
0.7998337149620056
0.8009820580482483
0.8005089163780212
0.7887158989906311
0.8056864142417908
0.7689818739891052
0.7755292057991028
0.7726078629493713
0.8036043643951416
0.8023426532745361
0.8074039816856384
0.8016976118087769
0.8220120072364807
0.8376168012619019
0.8441351652145386
0.8934007883071899
1.2538833618164062
1.2479995489120483
1.252992868423462
1.2704260349273682
1.2750582695007324
1.2694916725158691
1.2923052310943604
1.3367911577224731
1.35947847366333
0
0
0
0
0
0
0
0
0
0
1.5599145889282227
1.4917638301849365
1.4704855680465698
1.4537012577056885
1.4411429166793823
1.4436941146850586
1.4288995265960693
1.4504972696304321
1.4540839195251465
1.4718724489212036
1.4738953113555908
1.5296721458435059
0
0
0
0
0
0
0
0
0
0
0
0
0
0
0
0
0
0
0
0
0
0
0
0
0
0
0
0
0
0
0
0
0
0
0
0
0
0
0
0
0
0
0
0
0
2.45534348487854
2.4121572971343994
2.415537118911743
2.379584550857544
2.4024171829223633
2.4169185161590576
2.4432356357574463
3.078916549682617
0
0
2.7120330333709717
2.651984214782715
2.598334312438965
2.5992891788482666
2.609274387359619
2.633328914642334
2.6851449012756348
0
0
0
0
0
0
0
0
0
0
0.8094191551208496
0.7681959271430969
0.770938515663147
0.7354627251625061
0.7423644661903381
0.7259795665740967
0.7229315042495728
0.7132967114448547
0.7018170952796936
0.7088473439216614
0.7064054608345032
0.7019451856613159
0.710891842842102
0.7153130769729614
0.7220733165740967
0.7159433960914612
0.7343425750732422
0.735047459602356
0.7674949169158936
0.7846591472625732
0.815409779548645
0
0
0
1.3301054239273071
1.2730144262313843
1.2510024309158325
1.2481127977371216
1.2495012283325195
1.2108683586120605
1.225275993347168
1.2172900438308716
1.2264846563339233
1.2441076040267944
1.2569267749786377
1.260392665863037
1.3198955059051514
0.8194682598114014
0.7672548294067383
0.7723385095596313
0.753494918346405
0.7567535042762756
0.72597336769104
0.7179597616195679
0.7245883941650391
0.7351322770118713
0.7261759042739868
0.7388878464698792
0.7098294496536255
0.716112494468689
0.7409385442733765
0.7393507361412048
0.7162892818450928
0.7542334198951721
0.7743030190467834
0.7717335224151611
0.8063612580299377
3.1202869415283203
3.0644783973693848
3.027984619140625
3.058769464492798
3.062159299850464
2.6279001235961914
2.5774874687194824
2.586190700531006
2.5891146659851074
2.590366840362549
2.662536859512329
0
0
0
0
0
0
0
0
0
0
0
0
0
0
0
0
0
0
0
0
0
0
0
0
0
0
0
0
0
0
0
2.3238449096679688
2.219982862472534
2.1929917335510254
2.180276870727539
2.1656832695007324
2.1922338008880615
2.219313383102417
2.2549281120300293
0
1.8136097192764282
1.7885267734527588
1.7641657590866089
1.7559137344360352
1.7380551099777222
1.7478759288787842
1.7597272396087646
1.7931544780731201
1.8378311395645142
2.304502010345459
2.34035587310791
2.4396724700927734
0
0
0
0
1.751123070716858
1.6986716985702515
1.6625584363937378
1.6563142538070679
1.6444201469421387
1.644716501235962
1.6457356214523315
1.6734719276428223
1.6707371473312378
1.6873726844787598
0
0
0
0
0
0
0
0
0
0
0
0
0
0
0
0
0
0
0
0
3.4946653842926025
3.449082374572754
3.4472737312316895
3.4830706119537354
0
0
0
0
3.3804771900177
3.3224878311157227
3.284262180328369
3.3018293380737305
3.2984237670898438
3.3604369163513184
0
0
0
0
0
0
0
0
0
0
0
0
0
0
0
0
0
0
0
0
0
0
0
0
0
0
0
0
0
0
0
0
0
0
0
0
0
0
0
0
0
0
2.5731043815612793
2.53549861907959
2.5131821632385254
2.5186705589294434
2.533536672592163
2.5692691802978516
2.6222593784332275
3.006676197052002
3.013500928878784
3.0617475509643555
2.7736263275146484
2.696572780609131
2.653181791305542
2.649794101715088
2.666132688522339
2.6614770889282227
2.709200382232666
3.2186639308929443
3.19587779045105
3.252307415008545
0
0
0
