0.5104575753211975
0.4908863306045532
0.47300028800964355
0.47848886251449585
0.49467119574546814
0.4703185558319092
0.47882890701293945
0.48527470231056213
0.4735487997531891
0.4675384759902954
0.47215795516967773
0.4575691521167755
0.4698779881000519
0.4792771339416504
0.4638512432575226
0.47880303859710693
0.4885457456111908
0.4872601330280304
0.4722188413143158
0.49804380536079407
0.5089542269706726
0.48005229234695435
0.5237669348716736
0.5261880159378052
0.5495157837867737
0.5644604563713074
0
0
0
0
0
0
0
2.6149487495422363
2.5773069858551025
2.569424629211426
2.5548200607299805
2.577399253845215
2.6101222038269043
2.689485788345337
0
0
0
0
0
0
0
0
0
0
0
0
0
0
0
0
0
0
0
0
0
0
0
0
0
0
0
0
3.4685463905334473
0
0
1.6983860731124878
1.676676630973816
1.6551529169082642
1.6328383684158325
1.6367528438568115
1.6332906484603882
1.6285169124603271
1.6559064388275146
1.679155945777893
1.7381874322891235
0
0
0
0
0
0
0
0
0
0
0
0
0
0
0
0
0
0
0
0
0
0
1.6609290838241577
1.5957382917404175
1.5641777515411377
1.5507358312606812
1.5435967445373535
1.536885142326355
1.5501506328582764
1.540041446685791
1.5666884183883667
1.605636477470398
1.6311312913894653
0
0
0
0
0
0
0
0
0
0
0
0
0
0
0
0
0
0
0.46806398034095764
0.4476761519908905
0.42708295583724976
0.4068591892719269
0.4054683446884155
0.41196373105049133
0.4159366488456726
0.3871152400970459
0.3931485116481781
0.3644355833530426
0.38283392786979675
0.3956752419471741
0.38249069452285767
0.37194737792015076
0.395550012588501
0.3794882893562317
0.37713876366615295
0.3952850103378296
0.38281363248825073
0.39417222142219543
0.38414856791496277
0.39246731996536255
0.38185834884643555
0.379973441362381
0.4004931151866913
0.40816906094551086
0.4055211842060089
0.4215666949748993
0.42973485589027405
0.422555148601532
0.4443020522594452
0.41516607999801636
0.474027544260025
0.49726346135139465
1.6069668531417847
1.6216384172439575
1.6062332391738892
1.6228920221328735
1.6388102769851685
1.676096796989441
2.453493356704712
2.4850034713745117
2.5315194129943848
2.561051368713379
0
0
0
0
0
0
0
0
0
0
0
0
0
0
0
0
0
0
0
0
0
2.674804925918579
2.631945848464966
2.6171412467956543
2.5869977474212646
2.634474992752075
2.6536941528320312
0
0
0
0
0
0
1.7563337087631226
1.7218654155731201
1.7008620500564575
1.6792151927947998
1.671427845954895
1.6683332920074463
1.6932039260864258
1.6803133487701416
1.728245735168457
1.769841194152832
0
0
0
0
0
0
0
0
0
0
0
0
0
0
0
0
0
0
0
0
0
2.9524166584014893
1.1371132135391235
1.074986457824707
1.0472567081451416
1.028382658958435
1.0235366821289062
1.0232689380645752
1.0155950784683228
1.0212531089782715
1.0330443382263184
1.017400860786438
1.0135202407836914
1.0429528951644897
1.040141224861145
1.0596256256103516
1.076320767402649
1.1074445247650146
0
0
0
0
0
0
0
0
0
0
0
0
0
0
0
0
0
3.1004607677459717
2.9759883880615234
2.9709818363189697
2.9430391788482666
1.6337556838989258
1.5978206396102905
1.5614571571350098
1.5485994815826416
1.5445516109466553
1.5459766387939453
1.5414458513259888
1.5603439807891846
1.574222445487976
1.598145842552185
0
0
0
0
0
0
0
0
0
0
0
0
0
0
0
0
0
0
0
0
0
0
0
0
0
0
0
0
0
3.109632968902588
3.070756435394287
3.054582118988037
3.035367250442505
3.0560646057128906
3.126046657562256
0
0
0
0
0
0
0
0
0
0
0
0
2.435539484024048
2.3820595741271973
2.3493621349334717
2.342418909072876
2.355536699295044
2.35998797416687
2.404527187347412
2.4786362648010254
0
0
0
0
0
0
0
0
0
0
0
0
0.5974394083023071
0.5420069694519043
0.5281668901443481
0.5144925117492676
0.5163210034370422
