0
0
0
0
0
0
0
0
0
0
0
0
0
0
0
0
0
0
2.1021456718444824
2.0429301261901855
2.0072431564331055
1.9946321249008179
2.0020368099212646
1.9828755855560303
2.008618116378784
2.026721954345703
2.04634428024292
0
0
0
0
0
0
0
0
0.9737085700035095
0.9539003968238831
0.934292197227478
0.9196521639823914
0.8966646194458008
0.9256812334060669
0.9024174213409424
0.9108605980873108
0.9002742767333984
0.881831705570221
0.9132878184318542
0.9137104749679565
0.9124834537506104
0.9191421270370483
0.9362240433692932
0.9429332613945007
0.9901391267776489
0
0
0
0
0
0
2.912775754928589
0
0
0
0
0
0
0
0
0
0
0
0
0
0
0
0
0
0
0
0
0
0
0
0
0
0
0
0
0
0
0
0
0
0
0
0
0
0
0
0
0
0
0
0
0
0
3.2264816761016846
0
0
0
0
0
0
0
0
0
0
0
0.9707583785057068
0.9162057042121887
0.8910647034645081
0.8949756026268005
0.8854166269302368
0.8789647221565247
0.8688057065010071
0.8765506744384766
0.8817757964134216
0.8890098333358765
0.8935136198997498
0.8849315047264099
0.8719613552093506
0.8973778486251831
0.9013398885726929
0.9331915974617004
0.9477354884147644
0
2.9425792694091797
2.8634543418884277
2.837486505508423
2.8349244594573975
2.838418483734131
2.8990752696990967
0
0
1.5921967029571533
1.5216143131256104
1.5106580257415771
1.485209584236145
1.4853148460388184
1.4643211364746094
1.4747835397720337
1.4626176357269287
1.4974285364151
1.4968386888504028
1.5464340448379517
2.325059652328491
2.3011605739593506
2.332026243209839
2.3788068294525146
0
0
0
0
0
0
0
0
0
0
0
0
0
0
0
0
0
0
0
0
0
0
0
0
0
3.4676876068115234
2.5913097858428955
1.6512982845306396
1.592386245727539
1.5818928480148315
1.5433707237243652
1.551011323928833
1.5557513236999512
1.5507651567459106
1.571624994277954
1.5684964656829834
1.5947014093399048
1.6378395557403564
0.6579906940460205
0.642802357673645
0.5938478112220764
0.6044018864631653
0.5863319039344788
0.586179792881012
0.5734471082687378
0.5760101079940796
0.5838677287101746
0.5610713958740234
0.5711025595664978
0.5343398451805115
0.5569278597831726
0.5635086297988892
0.5743263363838196
0.5744689106941223
0.5672728419303894
0.5810052156448364
0.5860563516616821
0.6007049679756165
0.6195353269577026
0.619879424571991
0.605108916759491
0.6339265704154968
0.6627575159072876
2.867453098297119
2.804474115371704
2.7360546588897705
2.700881004333496
2.6621792316436768
2.606464147567749
2.561861515045166
2.579373598098755
2.6135406494140625
2.6701648235321045
2.7433886528015137
2.7963552474975586
0
0
0
0
0
0
0
0
3.456073045730591
3.416238307952881
3.382719039916992
3.3833975791931152
3.434830665588379
0
0
0
0
0
0
0
0
0
0
0
0
0
0
0
0
3.2321150302886963
3.144845485687256
3.1215949058532715
3.12934947013855
3.1509687900543213
3.1808981895446777
0
0
0
0
0
0
0
0
0
0
0
0
0
0
0
0
0
0
0
3.4337220191955566
3.364363193511963
3.3445398807525635
3.3505606651306152
3.384766101837158
0
0
2.4738569259643555
2.381580352783203
2.320255994796753
2.2261335849761963
2.168142557144165
2.211641550064087
2.226146697998047
1.9957278966903687
1.93034827709198
1.9027990102767944
1.8467084169387817
1.7907503843307495
1.758876919746399
1.7350249290466309
2.246983766555786
2.2978570461273193
2.3050246238708496
2.3633389472961426
2.3858582973480225
2.440232276916504
2.46929669380188
2.526736259460449
2.5610945224761963
2.615985155105591
2.5955917835235596
2.538100481033325
2.5175418853759766
0.7423498034477234
0.7078452110290527
0.6921806931495667
0.6587410569190979
0.6464969515800476
0.6674261689186096
0.6677426099777222
0.646875262260437
0.6462153792381287
0.6400151252746582
0.6527172327041626
0.6379075646400452
0.657932460308075
0.647478461265564
0.6300953030586243
0.6485199332237244
0.6643327474594116
0.6455724835395813
0.6670447587966919
0.6754534244537354
0.6992618441581726
0.7109723687171936
0.7595453858375549
2.0542380809783936
2.03444504737854
2.0220022201538086
2.016545057296753
2.0376691818237305
2.047048330307007
2.05653977394104
2.1183021068573
0
0
0
0
0
0
0
0
