1.8538395166397095
1.8395366668701172
1.8372594118118286
1.8467459678649902
1.85425865650177
1.8678803443908691
1.819504976272583
1.8388820886611938
1.853198766708374
1.8353756666183472
1.8384219408035278
1.8541429042816162
1.8507835865020752
1.8322809934616089
1.8639014959335327
1.876015543937683
1.8601404428482056
1.8727980852127075
1.8797917366027832
1.8809047937393188
1.8966318368911743
1.9013574123382568
1.8996179103851318
1.9294710159301758
1.9179471731185913
1.9524015188217163
1.9579546451568604
1.9626089334487915
1.9865578413009644
1.9763448238372803
2.02469539642334
2.0255300998687744
2.0595922470092773
2.060765504837036
2.080838680267334
2.0942652225494385
2.131505012512207
2.140435218811035
2.175013303756714
2.1950414180755615
2.2126431465148926
2.2267062664031982
2.2741916179656982
2.2958381175994873
2.309093713760376
2.3460896015167236
2.389153003692627
2.431793451309204
2.4619319438934326
2.5061750411987305
2.526982307434082
2.578098773956299
2.6246402263641357
2.6761627197265625
2.739717721939087
2.7991693019866943
2.8248491287231445
2.8967294692993164
2.9507570266723633
3.02500057220459
3.1157987117767334
3.1803829669952393
3.273110866546631
3.3515024185180664
3.4278757572174072
0
0
0
0
0
0
0
0
0
0
0
0
0
0
0
0
0
0
0
0
0
0
0
0
0
0
0
0
0
0
0
0
0
0
0
0
0
0
0
0
0
0
0
0
2.710545301437378
2.6521048545837402
2.656674861907959
2.6643576622009277
2.656214952468872
2.7064080238342285
0
0
0
0
0
0
0
0
0
0
0
1.1232775449752808
1.0690226554870605
1.0478945970535278
1.0301464796066284
1.011375904083252
1.0097261667251587
1.0092533826828003
1.0057315826416016
1.007110834121704
1.006699800491333
1.019110918045044
1.0188418626785278
1.0349479913711548
1.0347139835357666
1.087117075920105
1.0880579948425293
0
0
0
0
0
2.6966042518615723
0
0
0
0
0
0
0
0
0
0
0
0
0
0
0
0
0
2.689465045928955
2.6338751316070557
2.604201555252075
2.600639820098877
2.6186721324920654
2.6488759517669678
0
0
0
0
0
0
0
0
0
0
0
0
0
0
0
0
0
0
0
0
0
0
0
0
0
0
0
0
0
0
0
0
0
0
0
0
0
0
0
0
0
0
0
0
0
0
2.359407424926758
2.3451037406921387
0
0
0
0
0
0
0
0
0
0
0
0
0
0
0
0
0
0
0
0
0
0
0
0
0
0
0
0
0
0
0
0
0
0
0
0
0
0
0
0
0
0
0
0
1.7245193719863892
1.6912386417388916
1.6755833625793457
1.6612316370010376
1.6668764352798462
1.6698720455169678
1.6798155307769775
1.6917762756347656
1.7156336307525635
1.781727910041809
0
0
0
0
0
0
0
0
0
0
0
0
0
0
0
0
0
0
0
0
0
0
0
0
0
0
0
0
0
0
0
0
0
0
0
3.409729480743408
0.8404372334480286
0.7966794967651367
0.7746443152427673
0.7760806083679199
0.7686983942985535
0.7483540773391724
0.7493694424629211
0.751493513584137
0.7533698081970215
0.7224903106689453
0.7415767908096313
0.740966796875
0.7409136295318604
0.7251397967338562
0.7369389533996582
0.7429599165916443
0.7543357610702515
0.7592062950134277
0.7807992100715637
0.8044141530990601
0.839400053024292
2.259233236312866
2.236815929412842
2.233736515045166
2.177917242050171
2.163633108139038
2.1321606636047363
2.1234419345855713
2.1129939556121826
2.0741167068481445
2.0776546001434326
2.051818370819092
2.023473024368286
2.0208592414855957
2.005434513092041
1.9902085065841675
1.9655086994171143
1.96463143825531
1.9504832029342651
1.947559118270874
1.9353489875793457
1.9124971628189087
1.9202244281768799
1.8886215686798096
1.8950492143630981
1.9015066623687744
1.8638083934783936
1.872521162033081
1.8542959690093994
1.8658039569854736
1.8507112264633179
