0.8843702077865601
0.8922647833824158
0.8963456749916077
0.855093240737915
0.8512177467346191
0.8821584582328796
0.8655699491500854
0.8596624732017517
0.8926342129707336
0.8763368725776672
0.8881572484970093
0.9012606739997864
0.929828941822052
0.9460998177528381
2.1425716876983643
2.148289680480957
2.1653919219970703
2.2058613300323486
0
0
0
0
0
0
0
0
0
0
0
0
0
0
0
0
0
0
0
0
0
0
0
0
0
0
0
0
0
0
0
0
0
0
0
0
0
0
0
0
0
0
0
0
0
0
0
0
0
0
0
0
0
0
0
0
0
0
0
0
0
0
0
0
0
0
0
0
0
0
0
0
0
0
0
0
0
0
0
0
0
0
0
0
0
0
0
0
0
0
0
0
0
0
0
0
0
0
0
0
0
0
0
0
0
0
0
0
0
0
0
0
0
0
0
0
0
0
0
0
0
0
0
0
0
0
0
0
0
0
0
0
2.9054558277130127
2.872481346130371
2.8597288131713867
2.8723018169403076
2.91274094581604
0
0
0
0
0
0
3.0685324668884277
3.0137946605682373
2.998218297958374
2.9967877864837646
3.0232837200164795
3.1362855434417725
0
0
0
0
0
0
0
0
0
0
0
0
0
0
0
0
0
0
0
0
0
0
0
0
3.279447555541992
3.2293615341186523
3.227869749069214
3.1977314949035645
3.25541090965271
0
0
0
0
0
0
0
0
0
0
0
0
0
0
0
0
0
0
0
0
0
0
0
0
0
2.298823595046997
2.3146398067474365
0
0
0
0
0
0
0
0
0
0
0
0
0
0
0
0
0
0
0
0
0
0
0
0
0
0
0
0
0
0
0
0
0
0
0
2.568761110305786
2.522836446762085
2.512740135192871
2.5093371868133545
2.5272789001464844
2.5470094680786133
0.8841447234153748
0.8572834730148315
0.8193369507789612
0.8042261600494385
0.8086003065109253
0.794705867767334
0.7676916122436523
0.8017941117286682
0.7773447632789612
0.7785881757736206
0.7657506465911865
0.7799781560897827
0.7842799425125122
0.7871545553207397
0.8117089867591858
0.7996324300765991
0.8070258498191833
0.8219548463821411
0.8375566005706787
0.9014787673950195
0
0
0
0
0
0
3.0133378505706787
2.9136180877685547
2.8585195541381836
2.886549949645996
2.8650999069213867
2.9227476119995117
2.992323160171509
0
0
0
0
0
0
0
0
0
0
0
0
2.1363799571990967
2.1011080741882324
2.075385332107544
2.049938678741455
2.02895450592041
2.0420312881469727
2.0579028129577637
2.0875115394592285
2.1557421684265137
0
0
0
0
0
0
0
0
0
0
0
0
2.7352213859558105
2.7015938758850098
2.6824164390563965
2.6587467193603516
2.6829209327697754
2.705244302749634
2.8151609897613525
0
0
0
0
0
0
0
0
0
0
0
0
0
0
0
0
0
0
0.983598530292511
0.93966144323349
0.9159561991691589
0.907533586025238
0.901803731918335
