0.38924217224121094
0.4185647666454315
0.3977823853492737
0.4052281081676483
0.4176632761955261
0.4078701436519623
0.39803194999694824
0.4198988080024719
0.4359288513660431
0.4180060625076294
0.44966089725494385
0.44258996844291687
0.44907641410827637
0.46363401412963867
0.46740958094596863
0.4855031371116638
1.1372365951538086
2.5234315395355225
2.5608766078948975
2.589531183242798
0
0
0
0
0
0
0
0
0
0
0
0
0
0
0
0
0
0
0
0
0
0
0
0
0
0
0
0
2.1726579666137695
2.109238862991333
2.0949511528015137
2.091695785522461
2.0867135524749756
2.085833787918091
2.0917911529541016
2.118593454360962
2.1914641857147217
0
0
0
0
0
0
0
0
0
0
0
0
0
0
0
0
0
0
0
0
0
0
0
0
0
0
0
0
0
0
0
0
0
0
0
0
0
2.7311463356018066
2.7040441036224365
2.6854705810546875
1.1367642879486084
1.1296427249908447
1.1319289207458496
2.8158481121063232
0
0
0
0
0
0
0
0
0
0
3.471822738647461
3.456582546234131
3.4767448902130127
0
0
0
0
0
0
0
0
0
0
0
0
0
0
0
0
0
0
0
0
0
0
0
1.7685543298721313
1.736264705657959
1.6875156164169312
1.7011091709136963
1.70094633102417
1.689468502998352
1.693117380142212
1.7058650255203247
1.716487169265747
1.7884974479675293
0
0
0
0
0
0
0
0
1.3382537364959717
1.3169430494308472
1.2989641427993774
1.281198263168335
1.276806354522705
1.280147910118103
1.273671269416809
1.2605112791061401
1.2875417470932007
1.2955113649368286
1.302646279335022
1.3084622621536255
0
0
0
0
0
0
0
2.106074810028076
2.079610824584961
2.049246311187744
2.0416808128356934
2.0357723236083984
2.0480587482452393
2.0795843601226807
2.116865873336792
0
0
0
0
0
0
0
0
0
0
0
0
0
0
0
0
0
0
0
0
0
0
0
0
0
0
0
0
0
0
0
0
0
0
0
0
0
0
0
0
0
0
0
0
0
0
0
0
0
0
0
0
0
0
0
0
0
0
0
0
0
0
0
0
0
0
0
0
0
0
0
0
0
0
0
0
0
0
0
0
0
0
0
0
0
2.4948372840881348
2.4361143112182617
2.4199697971343994
2.42348313331604
2.4167070388793945
2.437772750854492
2.4885430335998535
0
0
0
0
2.822397232055664
2.7669968605041504
2.753919839859009
2.7435455322265625
2.776470184326172
2.8205912113189697
0
0
0
3.2210521697998047
3.1836798191070557
3.15735125541687
3.166243553161621
3.191689968109131
0
0
0
0
0
0
0
0
0
0
0
0
0
0
0
0
0
0
0
0
0
0
0
0
0
0
0
0
0
0
0
0
0
0
0
0
0
0
0
0
2.7079343795776367
2.6569180488586426
2.638777017593384
1.0705238580703735
1.0249074697494507
1.0529201030731201
1.5450539588928223
1.503897786140442
1.499898076057434
1.485224962234497
0.5136904716491699
0.46985238790512085
0.46875882148742676
0.46206986904144287
0.4519990086555481
0.4253973662853241
0.4222761392593384
0.4051920175552368
0.42073309421539307
0.4311203956604004
0.4166075885295868
0.3957063555717468
0.4004637598991394
0.40667614340782166
0.416159063577652
0.4178454875946045
0.3923099935054779
0.4004208743572235
