0
0
0
0
0
0
0
0
0
0
2.3071482181549072
2.2789885997772217
2.2235045433044434
2.2337899208068848
2.248136281967163
2.2547852993011475
2.265507221221924
2.3248720169067383
0
0
0
0
0
0
0
0
0
0
0
0
0
0
0
0
0
0
0
0
0
0
0
0.9384104013442993
0.9089924693107605
0.9043149948120117
0.8692028522491455
0.8628510236740112
0.8583359122276306
0.8571370244026184
0.8252183198928833
0.8493902683258057
0.8241854310035706
0.8664668798446655
0.8443307876586914
0.835832953453064
0.8568034172058105
0.8561841249465942
0.8815957903862
0.9039787650108337
0.9165160655975342
0
0
0
0
0
0
0
0
0
0
0
0
0
0
0
0
0
0
0
0
0
0
0
2.5137271881103516
2.4816181659698486
2.4443721771240234
2.433687210083008
2.471679925918579
2.4799606800079346
2.514965295791626
0
1.1514625549316406
1.078084945678711
1.1035581827163696
1.064788818359375
1.0560237169265747
1.0491548776626587
1.0374486446380615
1.0585342645645142
1.0690563917160034
1.0594195127487183
1.0767134428024292
1.0831594467163086
1.116894245147705
1.103874683380127
1.1594374179840088
0
0
0
0
0
0
0
0
0
0
0
0
0
2.864307165145874
2.8306939601898193
2.8347980976104736
2.864349842071533
2.8669509887695312
0
0
0
0
0
0
0
0
0
0
1.4371947050094604
1.4056278467178345
1.3681180477142334
1.3559786081314087
1.3597126007080078
1.3646217584609985
1.3580018281936646
1.3602405786514282
1.3509423732757568
1.3638333082199097
1.3878284692764282
1.4137171506881714
0
0
0
0
0
0
0
0
0
0
0
0
0
0
0
0
0
0
0
2.50399112701416
2.425971269607544
2.390491247177124
2.3814775943756104
2.3889477252960205
2.3988099098205566
2.444208860397339
0
0
0
3.3912482261657715
3.3589391708374023
3.381584882736206
3.3951945304870605
0
0
0
0
0
0
0
0
0
0
0
0
0
0
0
0
0.29027533531188965
0.26413023471832275
0.25403186678886414
0.26526498794555664
0.2618299424648285
0.2319287806749344
0.2304125279188156
0.25001171231269836
0.21175895631313324
0.21835704147815704
0.2187504768371582
0.227916419506073
0.2082279771566391
0.20684298872947693
0.2055593580007553
0.20467156171798706
0.2200249582529068
0.19441743195056915
0.2162083387374878
0.20500501990318298
0.17605872452259064
0.20289285480976105
0.19341491162776947
0.20018504559993744
0.18158379197120667
0.19675731658935547
0.17690464854240417
0.2003566324710846
0.16670820116996765
0.1929645538330078
0.19766971468925476
0.20528045296669006
0.1892613172531128
0.19718478620052338
0.18914654850959778
0.20152239501476288
0.19871821999549866
0.2052769809961319
0.2087477743625641
0.20330661535263062
0.20544221997261047
0.19089758396148682
0.1842452585697174
0.20974932610988617
0.21717548370361328
0.23411411046981812
0.24131956696510315
0.22522756457328796
0.2541894316673279
0.25034528970718384
0.2594359517097473
0.25817933678627014
0.29127374291419983
0.3147018849849701
0
0
0
0
0
0
0
2.043807029724121
1.9419926404953003
1.9131149053573608
1.9202585220336914
1.900897741317749
1.9061174392700195
1.9030969142913818
1.9049509763717651
1.9570478200912476
0
0
0
0
0
0
0
0
0
0
0
0
0
0
0
0
0
0
0
0
1.9714337587356567
1.9279417991638184
1.9003815650939941
1.8953956365585327
1.896492600440979
1.8952405452728271
1.9188600778579712
1.9211398363113403
2.0126802921295166
0
0
0
0
0
0
0
0
0
0
0
0
0
0
0
0
0
0
0
0
0
0
0
0
0
0
0
0
0
0
0
0
0
0
0
0
0
0
2.2046189308166504
2.170748710632324
2.136950969696045
2.0988874435424805
2.089791774749756
2.1082799434661865
2.1389760971069336
2.162489652633667
2.2239468097686768
0
0
0
0
0
0
0
0
0
0
0
0
0
0
0
0
0
0
0
0
