2.5145158767700195
2.52817964553833
2.5959620475769043
0
0
0
0
0
0
0
0
0.9578137397766113
0.9325236678123474
0.9188921451568604
0.8974106907844543
0.8987416625022888
0.8757968544960022
0.8825821280479431
0.8679330945014954
0.8858491778373718
0.8585124611854553
0.8706517219543457
0.8766698837280273
0.8921024203300476
0.8865103125572205
0.8903217315673828
0.9284602999687195
0.9574160575866699
0.9855942726135254
2.3691134452819824
2.2847483158111572
2.2583696842193604
2.2340505123138428
2.2328641414642334
2.219315528869629
2.247429847717285
2.2760798931121826
0
0
0
0
0
0
0
0
0
0
0
0
0
0
0
0
0
0
0
0
0
0
0
0
0
0
0
0
0
0
1.1844545602798462
1.1445469856262207
1.1380994319915771
1.1028342247009277
1.108728051185608
1.1136492490768433
1.090965986251831
1.0639835596084595
1.1111531257629395
1.1006994247436523
1.1005061864852905
1.1269564628601074
1.1503223180770874
1.1535989046096802
1.2385729551315308
2.246605634689331
2.2478318214416504
2.252641439437866
2.2764172554016113
2.265622138977051
2.332529306411743
0
0
0
0
0
0
0
0
0
0
0
0
0
0
0
0
0
0
0
0
0
0
0
0
0
0
0
0
0
0
0
0
0
0
0
0
0
0
0
0
0
0
0
0
0.8590668439865112
0.8170119524002075
0.7985965609550476
0.8006576299667358
0.7758537530899048
0.7728413343429565
0.7634368538856506
0.7573925256729126
0.7386490702629089
0.7589849829673767
0.7539365291595459
0.7648710012435913
0.74686598777771
0.7313275337219238
0.7590259909629822
0.7695892453193665
0.772521436214447
0.7929890751838684
0.8000830411911011
0.8272736072540283
0
0
0
0
0
0
0
0
0
0
0
0
0
0
0
0
0
0
0
0
0
0
0
0
0
0
0
2.540752649307251
2.533691167831421
2.5123202800750732
2.4938559532165527
2.527519702911377
2.584867000579834
0
0
0
0
0
0
0
0
0
0
0
0
0
1.125275731086731
1.083968997001648
1.072770118713379
1.032952070236206
1.0286263227462769
1.0381442308425903
1.0313410758972168
1.020639181137085
1.0177133083343506
1.028581142425537
1.030770182609558
1.0330164432525635
1.0399960279464722
1.082506537437439
1.1146931648254395
0
0
0
0
0
0
0
0
0
2.5021116733551025
2.452659845352173
2.4426815509796143
2.4426281452178955
2.438749313354492
2.4647412300109863
2.5055298805236816
0
0
0
0
0
0
0
0
0
0
3.3908884525299072
3.350731611251831
3.327716827392578
3.345674991607666
3.392892360687256
0
0
0
0
0
0
0
0
0
0
0
0
0
0
0
0
0
0
0
0
0
2.543325185775757
2.477681875228882
2.445342540740967
2.4328629970550537
2.4248151779174805
2.458847999572754
2.47774600982666
0
0
0
0
0
0
0
0
0
0
0
0
0
0
0
0
0
0
0
0
0
0
0
0
0
0
0
0.9588343501091003
0.929887592792511
0.8980738520622253
0.8983860015869141
0.8652315735816956
0.8761744499206543
0.8555716872215271
0.8594293594360352
0.8608330488204956
0.8619685769081116
0.8659805059432983
0.8654237389564514
0.8605865836143494
0.8690136075019836
0.8842217326164246
0.895279049873352
0.926636815071106
0.960963249206543
0
0
0
0
0
0
0
0
0
0
0
0
0
0
0
0
0
0
0
0
0
0
0
0
0
0
0
0
0
0
0
0
0
0
0
0
0
0
2.5676023960113525
2.528486728668213
2.5178165435791016
2.496699810028076
2.522143840789795
