0.6367388367652893
0.656818687915802
0.665640115737915
0.6683763861656189
0.6603574752807617
0.6963422894477844
0.6738697290420532
0.7097265124320984
0.7257810831069946
0.8107370734214783
0
0
0
0
0
0
0
0
0
0
0
0
0
0
0
0
0
0
0
0
0
0
0
0
0
0
0
0
0
0
0
0
0
0
0
0
0
0
0
2.8897101879119873
2.843228816986084
2.811347007751465
2.8092570304870605
2.8296265602111816
2.8662922382354736
0
0
0
0
0
0
0
0
0
0
0
0
0
0
0
0
0
0
0
0
0
0
0
0
0
0
0
0
0
0
0
0
0
0
0
0
0
0
2.7931387424468994
2.7484469413757324
2.733126401901245
2.6612918376922607
2.642721652984619
1.6079561710357666
1.5761314630508423
1.553558111190796
1.5515474081039429
1.546074628829956
1.5474205017089844
1.5619113445281982
1.5523277521133423
1.5627238750457764
1.6115972995758057
2.305499792098999
2.273031711578369
2.262948989868164
2.2257308959960938
2.2835638523101807
2.361058235168457
2.491311550140381
2.5943214893341064
2.7149829864501953
2.790219783782959
2.955655813217163
3.108269214630127
0
0
0
0
0
0
0
0
0
0
0
0
0
0
0
0
0
0
0
0
0
0
0
0
0
0
0
0
0
0
2.539234161376953
2.5345399379730225
2.5219175815582275
2.4999959468841553
2.5216963291168213
2.5886423587799072
0
0
0
0
0
0
0
0
0
0
0
0
0
0
0
0
0
0
0
0
0
0
0
0
0
0
0
0
0
0
0
0
0
0
0
0
0
0
0
0
0
0
2.273101568222046
2.2319037914276123
2.1965491771698
0.7319270372390747
0.7045589089393616
0.6802528500556946
0.6779656410217285
0.6625269055366516
0.6766477823257446
0.6565240621566772
0.6438906192779541
0.6596935391426086
0.6306547522544861
0.64473557472229
0.6547679901123047
0.6321098208427429
0.6382685899734497
0.6470870971679688
0.6386055946350098
0.6429471969604492
0.6678879261016846
0.6799078583717346
0.6868491768836975
0.6922255158424377
0.7147858738899231
0
0
0
0
0
0
0
0
0
0
0
0
0
0
0
0
0
0
0
0
0
0
0
0
3.3832345008850098
3.349757671356201
3.335097551345825
3.343116521835327
3.3655755519866943
1.9608144760131836
1.9352667331695557
1.9144102334976196
1.9194345474243164
1.912447214126587
1.904723882675171
1.8894232511520386
1.8790175914764404
1.8722683191299438
1.8714911937713623
1.8738157749176025
1.8653602600097656
1.8613333702087402
1.8502000570297241
1.8558253049850464
1.8405715227127075
1.8554555177688599
1.864316463470459
1.8647087812423706
1.8513154983520508
1.8688997030258179
1.8536819219589233
1.8641856908798218
1.8602726459503174
1.8455760478973389
1.8792688846588135
1.8827275037765503
1.8881163597106934
1.8951377868652344
1.8988815546035767
0
0
0
0
0
0
0
0
0
0
0
0
2.8206942081451416
2.7625019550323486
2.7626709938049316
2.7718307971954346
2.8021552562713623
2.8214669227600098
0
0
0
0
0
0
0
0
0
0
0
0
0
0
0
0
0
0
0
0
0
0
0
0
0
0
0
0
0
0
0
0
0
0
0
0
0
0
0
0
0
0
0
0
0
0.7880567908287048
0.7209138870239258
0.7132722735404968
0.7051592469215393
0.6762434244155884
0.6678160429000854
0.6596935391426086
0.6356264352798462
0.6558667421340942
0.6459057927131653
0.6529546976089478
0.6385125517845154
0.6408631205558777
0.6407809257507324
0.653741180896759
