2.5043959617614746
0
0
0
0
0
0
0
0
0
0
0
0
0
0
0
0
0
0
0
0
0
0
0
0
0
0
0
2.78049898147583
0
0
0
0
0
0
0
0
0
0
0
0
0
0
0
0
0
0
0
0
0
0
0
0
0
0
0
0
0
0
0
0
0
0
0
0
0
0
0
0
1.5868301391601562
1.6050876379013062
0
0
0
0
0
0
0
0
0
0
0
0
0
0
0
0
0
0
3.1938230991363525
0
0
0
0
0
0
0
0
0
0
0
0
0
0
0
0
0
0
0
0
0
0
0
0
0
0
0
0
0
0
0
0
0
0
0
0
0
0
0
0
2.7929165363311768
0
0
0
0
0
0
0
0
0
0
0
0
0
0
0
0
0
0
0
0
0
0
0
0
0
0
0
0
0
3.338364839553833
3.2444050312042236
3.232318162918091
3.2168357372283936
3.233808994293213
0
0
0
0
0
0
0
0
0
0
0
3.1608245372772217
3.093869686126709
3.0778579711914062
3.0753908157348633
1.5607020854949951
1.4998958110809326
1.4744138717651367
1.4527047872543335
1.4532784223556519
1.437256097793579
1.4544823169708252
1.4474239349365234
1.4650589227676392
1.4951555728912354
1.5224355459213257
0
0
0
0
0
0
0
0
0
0
0
0
2.9126622676849365
0.30906715989112854
0.2907041907310486
0.26795196533203125
0.2574346959590912
0.24429747462272644
0.23858137428760529
0.23557816445827484
0.22719590365886688
0.23675286769866943
0.21519283950328827
0.223654106259346
0.21333351731300354
0.21099302172660828
0.20707274973392487
0.1987394392490387
0.20017604529857635
0.20991799235343933
0.1985132098197937
0.23312531411647797
0.21237637102603912
0.2016877979040146
0.21171754598617554
0.20009706914424896
0.20133347809314728
0.21297046542167664
0.20701667666435242
0.21666207909584045
0.21080471575260162
0.19192816317081451
0.20717774331569672
0.205972358584404
0.18925373256206512
0.19911828637123108
0.21408231556415558
0.20361410081386566
0.20928969979286194
0.21268467605113983
0.20105159282684326
0.21348914504051208
0.2211652249097824
0.21170075237751007
0.2193119376897812
0.22374945878982544
0.22122637927532196
0.23610195517539978
0.21397316455841064
0.22617775201797485
0.23462076485157013
0.26362550258636475
0.2548831105232239
0.27499866485595703
0.2820832133293152
0.2917293310165405
1.2565208673477173
1.244505763053894
1.2410732507705688
1.2665108442306519
1.255102515220642
1.2893222570419312
1.3032811880111694
1.389848232269287
0
0
0
0
0
0
2.367929220199585
2.771228790283203
2.7693562507629395
2.7753496170043945
2.7823431491851807
2.7695910930633545
2.7876994609832764
2.7861475944519043
2.800933837890625
2.801435708999634
2.8098201751708984
2.814114809036255
2.832136392593384
2.837827205657959
2.8441455364227295
2.8976030349731445
2.9120543003082275
2.917774200439453
2.8331844806671143
2.6817097663879395
2.5725653171539307
2.906632661819458
2.8028318881988525
2.671598196029663
3.10212779045105
3.1146562099456787
3.1474227905273438
3.192983388900757
3.2120649814605713
3.2464699745178223
3.2818524837493896
3.315295934677124
1.7556204795837402
1.7196038961410522
1.7088204622268677
1.6999452114105225
1.6893177032470703
1.706067681312561
1.7054672241210938
1.7257447242736816
1.741413950920105
1.8186147212982178
0
0
0
0
0
0
0
0
0
0
0
0
0
0
0
0
0
3.106842517852783
3.104379415512085
3.0793309211730957
3.063251495361328
3.1320366859436035
0
0
0
0
0
0.9438803195953369
0.9051884412765503
0.8927358984947205
0.8902748227119446
0.8729289770126343
0.860556423664093
0.8519521951675415
0.8310750126838684
0.8503230810165405
0.8292266726493835
0.8407674431800842
0.8727721571922302
0.8452007174491882
0.8733450770378113
0.8547391295433044
0.868859052658081
0.8923811912536621
0.9351612329483032
2.439459800720215
2.492297887802124
