0.96806800365448
0.9629309177398682
0.957397997379303
0.9527704119682312
0.9613533020019531
0.9515056014060974
0.9462711811065674
0.9410803318023682
0.9349700212478638
0.9425497055053711
0.9382067918777466
0.9319217205047607
0.9220872521400452
0.9274296164512634
0.93816077709198
0.9290759563446045
0.9156026244163513
0.9261454343795776
0.9292358756065369
0.9334440231323242
0.921860933303833
0.9436712265014648
0.9366300106048584
0.9406412243843079
0.9453858733177185
0.9421953558921814
0.9367008209228516
0.9324030876159668
0.9419478178024292
0.9688072204589844
0.9530977010726929
0.9596695303916931
0.9547073841094971
0.9691542983055115
0.9664995670318604
0.9860240817070007
0.978857696056366
0.9973317980766296
0.985034167766571
1.004328727722168
1.0178842544555664
1.026595950126648
1.0395265817642212
1.0271685123443604
1.0642163753509521
1.0474096536636353
1.079028606414795
1.09187912940979
1.0799882411956787
1.0955142974853516
1.1244122982025146
1.1272364854812622
1.1261866092681885
1.148386001586914
1.176133632659912
1.1874512434005737
1.1954466104507446
1.2085082530975342
1.2301349639892578
1.2640471458435059
1.2735230922698975
1.297102689743042
1.3249084949493408
1.326243281364441
1.3491958379745483
1.3742258548736572
1.433206558227539
1.4441208839416504
1.473620891571045
1.5394607782363892
1.5483311414718628
1.5917319059371948
1.6310673952102661
1.6584750413894653
1.7075669765472412
1.7582820653915405
1.8334355354309082
1.3164851665496826
1.2810498476028442
1.247988224029541
1.2219910621643066
1.1833487749099731
1.1791508197784424
1.1235411167144775
1.1056355237960815
1.1010375022888184
1.0690678358078003
1.0267689228057861
1.0373716354370117
0.991072952747345
0.9749535322189331
0.9616560339927673
0.9487406611442566
0.9405820369720459
0.9209612011909485
0.9084597826004028
0.9043189287185669
0.8551746606826782
0.8691696524620056
0.8487099409103394
0.8548891544342041
0.8308528065681458
0.8247712254524231
0.8259376883506775
0.8137785196304321
0.8110354542732239
0.7855460047721863
0.7857725620269775
0.7868221998214722
0.7706611752510071
0.776905357837677
0.7657221555709839
0.7580026388168335
0.755250096321106
0.7353061437606812
0.7247770428657532
0.7407060861587524
0.7261343598365784
0.7234681248664856
0.7452616691589355
0.7330090999603271
0.7131995558738708
0.7287453413009644
0.7063014507293701
0.7080188393592834
0.6826581358909607
0.6923685073852539
0.7146875262260437
0.6891980171203613
0.7000615000724792
0.7040587067604065
0.6706881523132324
0.684245765209198
0.6949499845504761
0.6925376653671265
0.7062152028083801
0.6850228309631348
0.6874478459358215
0.676764726638794
0.6989282965660095
0.6948193311691284
0.689599335193634
0.6804552674293518
0.7005111575126648
0.7062875032424927
0.7058318853378296
0.713348925113678
0.7177690863609314
0.7135905623435974
0.7026597857475281
0.7085253596305847
0.7122061848640442
0.7211068272590637
0.7413660883903503
0.7148681282997131
0.7240870594978333
0.7346529364585876
0.7409708499908447
0.7374204397201538
0.7670146226882935
0.7408224940299988
0.7570176124572754
0.7725943326950073
0.7803179025650024
0.7780237197875977
0.8109312653541565
0.7938896417617798
0.8123130202293396
0.8279711604118347
0.817686915397644
0.8384923338890076
0.8658058047294617
0.8581322431564331
0.8674129843711853
0.890155017375946
0.9082827568054199
0.9197508692741394
0.9337894320487976
0.9459245800971985
0.942774772644043
0.9661384224891663
0.9908260107040405
1.0138027667999268
1.0211189985275269
1.0566977262496948
1.0661495923995972
1.0839488506317139
1.103998064994812
1.1488308906555176
1.173203706741333
1.2032579183578491
1.221240758895874
1.2556706666946411
1.3048806190490723
1.3412528038024902
1.3694239854812622
1.4005076885223389
1.4699885845184326
1.4980779886245728
0
0
0
0
0
0
0
2.5191290378570557
2.4940683841705322
2.4604434967041016
2.4670040607452393
2.486088514328003
2.5156259536743164
0
0
0
0
0
0
0
0
0
0
0
3.0421907901763916
2.9668493270874023
2.935318946838379
2.9418435096740723
2.944730281829834
2.989931106567383
0
0
0
0
0
0
0
0
0
0
0
0
0
0
0
0
0
0
0
0
0
0
0
0
0
0
0
0
0
0
0
0
0
0
0
2.720237970352173
2.6140570640563965
2.601620674133301
2.586652994155884
2.5914523601531982
2.607104778289795
2.653019905090332
0
0
0
0
0
0
0
0
0
0
0
0
0.5253112316131592
0.48385533690452576
0.4741186499595642
0.48589861392974854
0.459168404340744
0.45483845472335815
0.4501946270465851
0.44718456268310547
0.4194800555706024
0.4296512007713318
0.4381190240383148
0.4220943748950958
0.40843072533607483
0.43200182914733887
0.4268132746219635
0.42214640974998474
0.4261438548564911
0.41811150312423706
0.4264551103115082
0.41693422198295593
0.4341086447238922
0.4430480897426605
0.4024498462677002
0.4272632300853729
0.43702438473701477
0.4430806636810303
0.4449905753135681
0.4482567310333252
0.46197178959846497
0.4788515269756317
0.4853989779949188
0.5027862787246704
0
0
0
0
0
3.5
3.498117446899414
0
0
0
0
0
0
0
0
0
0
0
0
0
0
0
0
0
0
0
0
0
0
0
0
0
0
0
0
0
0
1.0260264873504639
1.0205433368682861
0.9961917996406555
1.0256476402282715
0.9868399500846863
0.9919588565826416
0.9807324409484863
0.9755423665046692
