0
0
0
0
0
0
0
0
0
0
0
0
0
0
0
3.4863338470458984
3.456193685531616
3.4556264877319336
3.4793341159820557
0
0
0
0
3.0322136878967285
0
0
0
0
0
0
0
0
0
0
2.092726945877075
2.0376667976379395
2.018022060394287
2.0106773376464844
1.9947148561477661
2.0087385177612305
2.0228350162506104
2.052624225616455
2.117642641067505
0
0
0
0
0
0
0
0
0
0
0
0
0
0
0
0
0
0
0
0
0
0
0
0
0
0
0
0
0
0
0
3.4120821952819824
3.388031244277954
3.3666679859161377
3.3651771545410156
3.422673463821411
0
0
0
1.8660304546356201
1.826200246810913
1.8069002628326416
1.806079387664795
1.813920021057129
1.7891178131103516
1.8340446949005127
1.8720647096633911
1.9045542478561401
0
0
0
0
0
0
0
0
0
0
0
0
0
0
0
0
0
0
0
0
0
0
0
0
0
0
0
0
0
0
0
0
0
0
0
0
0
0
0
0
0
0
0
0
0
0
0
0
0
0
0
0
0
0
0
0
0
0
3.014461040496826
0.7640611529350281
0.7309135794639587
0.6960330605506897
0.7169650793075562
0.6925497055053711
0.675399124622345
0.6783075332641602
0.6854086518287659
0.672476053237915
0.6404435038566589
0.6813722252845764
0.6553159952163696
0.6814719438552856
0.6718556880950928
0.6836617588996887
0.6976003646850586
0.6903053522109985
0.7021340727806091
0.700598955154419
0.7134801149368286
0.7379956245422363
0.7715403437614441
0
0
0
0
0
0
0
0
0
0
0
0
0
0
0
0
0
0
0
0
2.5469284057617188
2.4624578952789307
2.458325147628784
2.458651065826416
2.4537861347198486
2.042093276977539
2.0151760578155518
1.9959152936935425
1.9785122871398926
1.9671716690063477
1.9610965251922607
1.9896948337554932
2.0407397747039795
2.492755651473999
2.468068838119507
2.454796075820923
2.4592885971069336
2.4821553230285645
2.503753662109375
0
0
0
0
0
0
0
0
0
0
0
0
0
0
0
0
0
1.7872719764709473
1.7358520030975342
1.6904945373535156
1.6830910444259644
1.6890753507614136
1.68865966796875
1.7039884328842163
1.7021032571792603
1.72805655002594
1.7597362995147705
0
0
0
0
0
0
3.4952492713928223
3.4768142700195312
3.4870083332061768
0
0
0
0
0
0
0
0
0
0
0
0
0
0
0
0
0
3.4977760314941406
0
0
0
0
0
0
0
0
0
0
0
0
0
1.8132266998291016
1.7359287738800049
1.7127549648284912
1.6798750162124634
1.6751447916030884
1.6793289184570312
1.656104326248169
1.692124366760254
1.7116624116897583
1.7504080533981323
0
0
0
3.4225165843963623
0
0
0
0
0
0
0
0
0
0
0
0
0
0
0
0
0
0
0
0
3.14788818359375
3.1092801094055176
3.104978561401367
3.137155771255493
2.579331636428833
2.549983263015747
2.531728982925415
2.5299038887023926
2.5493454933166504
2.5760977268218994
2.6746859550476074
0
3.2102506160736084
0
0
0
0
0
0
2.809386968612671
2.7553584575653076
2.7417335510253906
1.2369874715805054
1.1947214603424072
1.1803607940673828
1.173432469367981
1.1711095571517944
1.1704872846603394
1.1597586870193481
1.153831124305725
1.1538785696029663
1.15962815284729
1.17055082321167
1.1831687688827515
1.2085353136062622
1.2522896528244019
0
0
0
0
0
3.161238670349121
3.0417211055755615
3.0029940605163574
3.0110788345336914
3.014768123626709
3.0243303775787354
3.1286780834198
