1.342114806175232
1.3871219158172607
1.42625093460083
0
0
1.011073350906372
0.9804727435112
0.9464755654335022
0.9413458704948425
0.9328384399414062
0.9183781743049622
0.9096242785453796
0.9319849014282227
0.9068060517311096
0.9144198894500732
0.920741856098175
0.9247000217437744
0.9258923530578613
0.9489297866821289
0.932383120059967
0.9608209729194641
1.0149593353271484
0
0
0
0
0
0
0
0
0
0
0
0
0
0
0
0
0
0
0
0
0
0
0
0
0
0
0
0
3.172250986099243
3.11040997505188
3.1037511825561523
3.0978596210479736
3.115797758102417
3.1607046127319336
0
0
0
0
3.0032358169555664
2.9472665786743164
2.9094338417053223
2.9347732067108154
2.952380418777466
3.0057907104492188
3.451380968093872
3.4253716468811035
3.402378797531128
3.432673454284668
3.4905247688293457
0
0
0
0
0
0
0
0
0
0
0
0
0
0
0
0
0
0
0
0
0
0
0
0
0
0
0
0
3.450770378112793
3.4364776611328125
3.43107271194458
3.482996940612793
0
0
0
0
0
0
0
0
0
0
0
0
0
1.7031301259994507
1.6383908987045288
1.629082441329956
1.6073076725006104
1.5954442024230957
1.593705654144287
1.594524621963501
1.5961800813674927
1.636212944984436
1.6729557514190674
1.143195629119873
1.1227079629898071
1.114880084991455
1.0970393419265747
1.0873712301254272
1.06765878200531
1.0838124752044678
1.085776925086975
1.0879100561141968
1.0858855247497559
1.0735199451446533
1.1071007251739502
1.1264216899871826
1.1587390899658203
1.2000956535339355
0
0
0
0
0
0
0
0
0
0.8166793584823608
0.7714490294456482
0.7825315594673157
0.7588056921958923
0.7562851309776306
0.7293503880500793
0.7385621666908264
0.738411545753479
0.7439056634902954
0.7217537760734558
0.743069589138031
0.7237777709960938
0.7348139882087708
0.7278837561607361
0.7466151714324951
0.7204530835151672
0.7645314931869507
0.7735000848770142
0.791504442691803
0.8201892971992493
0
0
0
0
0
0
0
0
0
0
0
0
0
0
0
0
0
0
0
0
0
0.9835205078125
0.9373103380203247
0.8948261141777039
0.887596845626831
0.8901729583740234
0.8690085411071777
0.8749764561653137
0.8697031140327454
0.8492032885551453
0.8652277588844299
0.8702180981636047
0.8742104768753052
0.8779204487800598
0.851784884929657
0.8776596188545227
0.9030554294586182
0.9156594276428223
0.9511767625808716
0
0
0
0
0
0
0
0
0
1.2813928127288818
1.2552244663238525
1.229375958442688
1.2167255878448486
1.2290899753570557
1.2100492715835571
1.2123956680297852
1.2097187042236328
1.230286717414856
1.23344886302948
1.2634135484695435
1.2678883075714111
1.3161680698394775
0
0
0
0
1.6705541610717773
1.6430673599243164
1.6334501504898071
1.6092151403427124
1.5989261865615845
1.598787784576416
1.615395426750183
1.6320246458053589
1.659784197807312
1.6817301511764526
0
0
0
0
0
0
0
0
0
0
0
0
0
0
0
0
0
0
0
0
0
0
0
0
0
0
0
0
0
0
0
0
0
0
0
0
0
0
0
0
0
0
0
0
0
0
0
0
0
0
0
0
0
0
0
0
0
0
0
0
0
0
0
0
0
3.4061100482940674
3.386023998260498
3.3740150928497314
3.390957832336426
3.4397783279418945
0
0
0
0
0
0
0
0
0
0
0
1.235260009765625
1.1902284622192383
1.161786437034607
1.1521058082580566
1.1355103254318237
1.1271284818649292
1.110999345779419
1.1164772510528564
0.7166541218757629
0.6858019828796387
0.6618970632553101
0.6687713861465454
0.6555662751197815
0.6371437907218933
0.6270001530647278
0.6136805415153503
0.6102548837661743
0.6143172979354858
0.619618833065033
0.6148721575737
0.5958528518676758
0.6283895969390869
0.6180187463760376
0.62285315990448
0.6331055760383606
0.6195108294487
0.6370073556900024
0.6321561932563782
0.635428249835968
0.6620609760284424
0.6629219055175781
0.719268798828125
1.3369859457015991
1.3408682346343994
