1.0434051752090454
1.0489360094070435
1.0315157175064087
1.026569128036499
1.0293387174606323
1.027684211730957
1.0438519716262817
1.0542641878128052
1.0764886140823364
1.099244236946106
1.1527684926986694
0
0
0
0
0
0
0
0
0
0
0
0
0
0
0
0
0
0
0
0
0
0
0
0
0
0
0
0
3.011967897415161
2.978994369506836
2.985029935836792
3.0048365592956543
3.0170536041259766
3.095198392868042
0
0
0
0
0
0.8097931146621704
0.7666656374931335
0.7901098728179932
0.7560679316520691
0.7553906440734863
0.7403153777122498
0.7198243141174316
0.7151201367378235
0.7449988722801208
0.7331904768943787
0.7345627546310425
0.7248389720916748
0.7333016991615295
0.7369036078453064
0.7353195548057556
0.7340636253356934
0.7497418522834778
0.7614596486091614
0.7848145365715027
0.804841935634613
0.8641366362571716
0
0
0
0
0
0
0
0
0
0
0
0
0
0
0
0
0
0
0
0
0
0
2.719017744064331
2.723649740219116
0
0
0
0
0
0
0
0
0
0
0
0
0
0
0
0
0
0
0
0
0
0
0
0
0
0
0
0
0
0
0
0
0
0
0
0
0
0
3.0235073566436768
2.941885471343994
2.927926540374756
2.918118715286255
2.9454026222229004
2.9841668605804443
0
0
0
0
0
0
0
0
0
0
0
0
0
0
0
0
0
1.368874192237854
1.372007131576538
0
0
0
0
0
0
0
0
0
0
0
0
0
0
0
0
0
0
0
0
0
0
0
0
0
0
0
0
0
0
0
0
0
0
0
0
0
0
0
0
0
0
0
0
0
0
0
0
0
0
0
2.5881760120391846
2.5181260108947754
2.506953477859497
2.500566244125366
2.5020604133605957
2.541614055633545
2.5973803997039795
0
0
0
0
0
0
0
0
0
0
0.5658589601516724
0.5277976393699646
0.5093131065368652
0.4901584982872009
0.4928346574306488
0.47642457485198975
0.46158885955810547
0.4551800787448883
0.4555695652961731
0.46233895421028137
0.45634573698043823
0.4520883858203888
0.4520273208618164
0.44286903738975525
0.4302102327346802
0.43398767709732056
0.4312838017940521
0.44548067450523376
0.4522327482700348
0.4495779871940613
0.4438323676586151
0.44803422689437866
0.4659808278083801
0.4627886712551117
0.4492507576942444
0.4721822738647461
0.48038753867149353
0.48295658826828003
0.4789575934410095
0.5139684081077576
0.5309330821037292
0
0
0
0
0
0
0
0
0
0
0
0
0
3.0814170837402344
0
0
0
0
0
0
0
0
0
0
0
0
0
0
0
0
0
1.5165010690689087
1.5314626693725586
0
0
0
0
0
0
0
0
0
0
0
0
0
0
0
0
2.974029302597046
0
0
0
0
0
0
0
0
0
0
0
0
0
0
2.3449149131774902
2.2938928604125977
2.256167411804199
2.243032217025757
2.2496347427368164
2.2806568145751953
2.282133102416992
2.333378553390503
0
0
0
0
0
0
0
0
0
0
3.215054750442505
3.1921041011810303
3.1975929737091064
3.2255778312683105
3.226198673248291
0
0
0
0
0
0
0
0
0
0
1.1210722923278809
1.0892833471298218
1.0584522485733032
1.054463505744934
1.0390386581420898
1.025822639465332
