0
0
0
0
0
0
0
0
0
0
0
0
0
0
0
0
0
0
0
0
0
0
1.6095905303955078
1.582810878753662
0
0
0
0
0
0
0
0
0
0
0
0
0
0
0
0
0
0
0
0
0
0
0
0
0
0
0
0
0
0
0
0
0
0
0
0
0
0
0
0
0
0
0
0
0
0
0
0
0
0
0
0
0
0
0
0
0
0
0
0
0
0
0
0
0
0
0
0
0
0
0
0
0
0
0
0
0
0
0
0
0
0
0
0
0
0
0
2.665477752685547
0
0
0
0
0
0.9043653011322021
0.8802509307861328
0.9042393565177917
0.905858039855957
0
0
0
0
0
0
0
0
0
0
0
0
0
0
0
0
0
0
0
0
0
0
0
0
0
0
0
0
0
0
0
0
3.1634740829467773
0
0
0
0
0
0
0
0
0
0
0
0
0
0
0
0
0
0
0
0
0
0
0
0
0
0
0
0
0
0
0
0
0
0
0
0
0
0
3.3951334953308105
3.358062744140625
3.3510875701904297
2.6626169681549072
2.6023340225219727
2.5994906425476074
2.595423936843872
2.576571226119995
2.622936725616455
2.7019917964935303
0
0
0
0
0
0
0
0
0
0
0
1.4828747510910034
1.4491809606552124
1.4229722023010254
1.4391636848449707
1.4073636531829834
1.408836007118225
1.4120155572891235
1.4264863729476929
1.4420956373214722
1.4520375728607178
1.4767606258392334
0
0
0
0
0
0
0
0
0
0
2.381359100341797
2.313194513320923
2.2971367835998535
2.2763140201568604
2.292100429534912
2.2755086421966553
2.3168587684631348
2.390854597091675
0
0
0
0
0
0
0
0
0
0
0
3.28257417678833
0
0
0
0.8398517370223999
0.8236947059631348
0.7647804617881775
0.7588186264038086
0.7385872006416321
0.7377842664718628
0.7468903660774231
0.7121666073799133
0.7164596319198608
0.7263694405555725
0.7279140949249268
0.7169300317764282
0.7122525572776794
0.7248023748397827
0.7303795218467712
0.7225141525268555
0.7394946217536926
0.7778398394584656
0.7590034008026123
0.778995931148529
0.8302664756774902
0
0
0
0
0
0
0
0
0
3.3885111808776855
0
0
0
0
0
0
0
0
0
0
0
0
0
0
0
0
0
0
0
2.823493003845215
2.7516536712646484
2.7386324405670166
2.7185111045837402
2.700939893722534
2.7356109619140625
2.8063230514526367
0
0
0
0
0
0
0
0
0
0
0
0
1.7062045335769653
1.680190920829773
1.6583625078201294
1.6356087923049927
1.6319384574890137
1.6354182958602905
1.6314831972122192
1.6140847206115723
1.6550536155700684
1.6955163478851318
1.7359317541122437
0
0
0
0
0
0
0
2.9992218017578125
2.95851993560791
2.9238533973693848
2.943962812423706
2.9490935802459717
3.0022406578063965
0
0
0
0
0
0
0
0
0
0
