3.1249349117279053
3.0849106311798096
3.078897714614868
3.071481704711914
3.0668351650238037
3.110180616378784
0
0
0
0
0
0
0
0
0
0
0
2.195784330368042
2.166973352432251
2.1438181400299072
2.131066083908081
2.1426732540130615
2.1499459743499756
2.172666311264038
1.11654531955719
1.0868709087371826
1.0931476354599
1.0506949424743652
1.0635251998901367
1.0642738342285156
1.0752280950546265
1.0578746795654297
1.063739538192749
1.0577069520950317
1.0795360803604126
1.083954095840454
1.0971847772598267
1.1305726766586304
1.1597379446029663
3.2566215991973877
3.276019334793091
3.312319040298462
3.376863718032837
0
0
0
0
0
0
0
0
0
0
0
0
0
0
0
0
0
0
0
0
0
0
0
0
0
0
2.2564761638641357
2.2096564769744873
2.2056939601898193
2.2035164833068848
2.178406238555908
2.210291862487793
2.218947649002075
2.2962682247161865
0
0
0
0
0
0
0
0
0
0
0
0
0
0
0
0
0
0
0
0
0
0
0
0
0
3.0706000328063965
2.9746625423431396
2.9371235370635986
2.9376840591430664
2.9300241470336914
2.9795782566070557
0
0
0
0
0
0
0.7793594002723694
0.7523141503334045
0.7420028448104858
0.7161981463432312
0.7088722586631775
0.7095321416854858
0.7155490517616272
0.698434591293335
0.6797613501548767
0.6700003147125244
0.6814699172973633
0.67854905128479
0.6718515157699585
0.6886213421821594
0.6683662533760071
0.6915714740753174
0.7019329071044922
0.6972664594650269
0.704620897769928
0.7178512811660767
0.7385863661766052
0.7577760815620422
0
0
0
0
0
0
0
0
0
0
0
0
0
0
0
0
0
0
0
0
0
0
0
0
0
0
0
0
0
0
0
0
0
0
0
0
0
0
1.4476873874664307
1.4075077772140503
1.3752477169036865
1.3645881414413452
1.381762146949768
1.3693517446517944
1.3567619323730469
1.365821361541748
1.377504825592041
1.3830010890960693
1.4309614896774292
1.4915094375610352
0
0
0
0
0
0
0
0
0
0
0
0
0
0
0
0
0
0
0
0
0
0
0
0
0
0
0
0
0
0
0
0
0
0
0
0
0
0
0
0
0
0
0
0
0
0
0
0
0
0
0
0
0
0
0
0
0
0
0
0
0
1.2168337106704712
1.177687168121338
1.1392652988433838
1.144397258758545
1.1340893507003784
1.137654423713684
1.1168272495269775
1.1262789964675903
1.1123782396316528
1.1227757930755615
1.1171034574508667
1.148150086402893
1.1577064990997314
1.187665343284607
0
0
0
0
0
0
0
0
0
0
0
0
0
0
0
0
0
0
0
0
0
0
0
0
0
0
0
0
0
2.2986133098602295
2.268986225128174
2.2489898204803467
2.2565650939941406
2.266773223876953
2.2598602771759033
2.3172338008880615
0
0
0
0
0
0
0
0
0
0
0
0
0
0
0
0
0
0
0
0
0
0
0
0
1.860466718673706
1.7570750713348389
1.7296205759048462
1.7193078994750977
1.7029904127120972
1.720009207725525
1.7093132734298706
1.6989973783493042
1.7384727001190186
1.747674584388733
1.8113685846328735
0
0
0
0
0
0
0
0
2.751020669937134
2.6914305686950684
2.6767892837524414
2.663691520690918
2.700875997543335
2.7118868827819824
2.8000917434692383
0
0
0
0
0
0
0
0
0
0
0
0
3.174117088317871
