0.6003667116165161
1.337846279144287
1.3337188959121704
1.323645830154419
1.3309787511825562
1.331056833267212
1.33743417263031
1.3330729007720947
1.3704230785369873
1.3916046619415283
1.461640477180481
0
0
0
0
0
0
0
0
0
0
0
0
0
0
0
0
0
0
0
0
2.9275131225585938
2.8936514854431152
2.8688910007476807
2.8771514892578125
2.89857816696167
2.952775478363037
0
0
0
0
0
0
0
0
1.6933796405792236
1.6616432666778564
1.6282176971435547
1.619472622871399
1.6318153142929077
1.6129547357559204
1.6336745023727417
1.6248983144760132
1.653110146522522
1.6954545974731445
0
0
0
0
0
0
0
0
0
0
0
0
0
3.0032670497894287
2.957268476486206
2.9524123668670654
2.9378976821899414
2.9745802879333496
3.0169677734375
0
0
0
1.1229209899902344
1.0867904424667358
1.0428359508514404
1.0361958742141724
1.0398213863372803
1.012536883354187
1.035951018333435
1.0216506719589233
1.0263930559158325
1.0179413557052612
1.0161690711975098
1.0235146284103394
1.0619572401046753
1.0663806200027466
1.0697822570800781
1.1137111186981201
0
0
0
0
2.659954309463501
2.621825695037842
2.5990288257598877
2.6084437370300293
2.65185284614563
2.679064989089966
0
0
0
0
0
0
0
0
0
0
0
0
0
0
0
0
0
0
0
0
0
0
0
0
0
3.4215400218963623
1.3122152090072632
1.290472149848938
1.2579954862594604
1.2421510219573975
1.245961308479309
1.2568339109420776
1.2339060306549072
1.2265872955322266
1.2335779666900635
1.24767005443573
1.2592840194702148
1.2872328758239746
1.3411375284194946
2.2349653244018555
2.1820449829101562
2.1981139183044434
2.179570198059082
2.1895675659179688
2.216701030731201
2.276907205581665
0
0
0
0
0
0
0
0
0
0
0
0
0
0
0
0
0
0
0
0
0
0
0
0
0
0
0
0
3.5
3.4814603328704834
0
0
0
0
0
0
0
0
0
0
0
1.6784005165100098
1.633543610572815
1.6079292297363281
1.6113947629928589
1.6044340133666992
1.6026033163070679
0.6732127666473389
0.6404569745063782
0.5928003191947937
0.588283121585846
0.5888777375221252
0.5590038895606995
0.55494225025177
0.570285975933075
0.5462140440940857
0.5522170066833496
0.5469201803207397
0.5294392704963684
0.5310839414596558
0.5302608609199524
0.5386906862258911
0.5446083545684814
0.559943437576294
0.5293812155723572
0.5597938895225525
0.5953546762466431
0.5719737410545349
0.5760931372642517
0.5845310688018799
0.5938245058059692
0.6270044445991516
0.6351693868637085
0
0
0
0
0
0
0
0
0
0
0
0
0
0
2.1911168098449707
2.1649632453918457
2.1370768547058105
2.1353912353515625
2.1255998611450195
2.176164150238037
2.183403730392456
2.248112916946411
0
0
0
0
0
0
0
0
0
0
0
0
0
1.5592001676559448
1.5141019821166992
1.509311556816101
1.4875397682189941
1.4818350076675415
1.4802522659301758
1.4913634061813354
1.495631217956543
1.5205490589141846
1.538280963897705
1.5982173681259155
0
0
0
0
0
0
0
0
0
0
0
0
0
0
0
0
0
0
0
0
0
0
0
0
0
0
0
0
0
0
1.4863953590393066
1.4526996612548828
1.417586326599121
1.4050782918930054
1.4042342901229858
1.426416039466858
1.4206035137176514
1.4215143918991089
1.4317747354507446
1.4512052536010742
1.461546540260315
0
0
0
0
0
0
0
0
0
0
0
2.036902904510498
1.9960148334503174
1.9688820838928223
1.9363417625427246
1.9407107830047607
1.9431694746017456
1.9353253841400146
1.9902538061141968
2.010385513305664
0
0
0.5621886253356934
0.5521935820579529
0.5429328083992004
0.5397018194198608
0.5244026780128479
0.5055385828018188
0.5039670467376709
0.5066077709197998
0.5068506002426147
0.48874467611312866
0.5116029381752014
0.4734969139099121
0.4869191646575928
0.4722004234790802
0.494520902633667
0.47265955805778503
0.48313966393470764
0.4631269574165344
0.5044708847999573
0.5016142725944519
0.4987618625164032
0.4954736828804016
0.5121810436248779
0.4985465407371521
0.5250421762466431
0.5431525111198425
0.5314086675643921
0.56093829870224
0.5786359906196594
