0
0
0
0
0
0
3.397840738296509
3.32948637008667
3.2993850708007812
3.302588701248169
3.321409225463867
3.4002444744110107
0
0
0
3.2317261695861816
3.164745569229126
3.1344523429870605
3.158543586730957
3.179957389831543
3.229022741317749
0
0
0
0
0
0
0
0
0
0
0
0
0
0
0
0
0
0
0
0
0
0
0
0
0
2.724109172821045
2.1219911575317383
2.095339775085449
2.0746331214904785
2.0453338623046875
2.049748182296753
2.0796473026275635
2.090282917022705
2.124171018600464
3.2178139686584473
0
2.8417835235595703
2.7647392749786377
2.7725613117218018
2.353379249572754
2.2866342067718506
2.292294502258301
2.280719757080078
2.269033193588257
2.2907192707061768
2.305410146713257
0
0
0
0
0
0
0
0
0
0
0
0
0
0
0
0
0
0
0
0
0
0
0
0
0
3.4570462703704834
3.3949668407440186
2.899704933166504
2.8647334575653076
2.8364579677581787
2.842069149017334
2.8512818813323975
2.8858985900878906
0
2.3616886138916016
2.308250904083252
2.282984972000122
2.2705044746398926
2.2542877197265625
2.301227331161499
2.3176705837249756
2.3834211826324463
1.8129544258117676
1.7881743907928467
1.7692052125930786
1.7665870189666748
1.757934808731079
1.754017949104309
1.76506769657135
1.800390601158142
1.356068730354309
1.3126037120819092
1.2918695211410522
1.2730051279067993
1.259253740310669
1.2437465190887451
1.2592589855194092
1.280504822731018
1.279600977897644
1.27151620388031
1.2696759700775146
1.285987138748169
1.3524210453033447
0
0
0
0
0
0
0
0
0
0
0
0
0
0
0
0
0
0
0
0
0
0
0
0
0
0
0
0
0
0
0
0
0
0
0
0
0
0
0
0
0
0
0
0
0
0
0
0
0
0
0
0
0
0
0
0
0
0
0
0
0
0
0
0
0
0
0
0
0
0
0
0
0
0
0
0
0
0
0
0
0
0
0
0
0
0
0
0
0
0
0
0
0
0
0
0
0
0
0
0
0
0
0
0
0
0
0
0
0
0
0
0
0
0
0
0
0
0
0
0
0
0
0
0
0
0
0
0
0
0
0
0
0
0
0
0
0
1.6064133644104004
1.5414503812789917
1.4901641607284546
1.4946640729904175
1.465440034866333
1.4877748489379883
1.477541208267212
1.4774219989776611
1.4838048219680786
1.4984452724456787
1.525093674659729
1.6235662698745728
1.1506543159484863
1.1163691282272339
1.0860508680343628
1.0805283784866333
1.082102656364441
1.0670944452285767
1.0547664165496826
1.0701205730438232
1.061420202255249
1.0680376291275024
1.0822638273239136
1.0910427570343018
1.0884968042373657
1.1212198734283447
1.163171410560608
1.6936697959899902
0
0
0
0
0
0
0
0
0
0
0
0
0
0
0
0
0
0
0
0
0
0
0
0
0
0
0
0
0
0
0
0
0
0
0
0
0
2.455792188644409
2.3843588829040527
2.389523506164551
2.3807735443115234
2.392670154571533
2.394442081451416
2.443702220916748
3.047454833984375
0
0
2.199371576309204
2.125039577484131
2.099261522293091
2.0991203784942627
2.124086856842041
2.109454393386841
2.120870590209961
2.1664340496063232
2.2027246952056885
0
0
0
0
0
0
0
0
0
