0
0
0
0
0
0
3.4574196338653564
3.4456748962402344
3.44218373298645
3.466632127761841
0
0
0
0
0
0
0
0
0
0
0
0
0
0
0
0
0
0
0
0
2.4911653995513916
2.4572834968566895
2.419346809387207
2.4177331924438477
2.405532121658325
2.4362502098083496
2.460865020751953
0.7991626262664795
0.7722702026367188
0.759942352771759
0.7247147560119629
0.6938289999961853
0.6997721195220947
0.6840529441833496
0.687440812587738
0.6747384071350098
0.657588541507721
0.6881461143493652
0.6666104197502136
0.6848915815353394
0.7023967504501343
0.6938593983650208
0.6828562617301941
0.7024526000022888
0.6990471482276917
0.7104250192642212
0.7255703806877136
0.7375245094299316
0.7739448547363281
0.8153330087661743
2.6013259887695312
2.5348892211914062
2.5131139755249023
2.5143682956695557
2.4909470081329346
2.5231029987335205
2.5795176029205322
0
0
0
0
0
0
0
0
0
0
0
0
0
0
0
0
0
0
0
0
0
0
0
0
0
0
0
0
0
0
2.984210729598999
2.9388368129730225
2.947692632675171
2.954110622406006
2.977895736694336
3.1026437282562256
0
0
0
0
0
0
0
0
0
0
3.119058847427368
3.0521061420440674
0.564588725566864
0.5171446800231934
0.5179161429405212
0.5004246234893799
0.5048697590827942
0.49221134185791016
0.47072073817253113
0.4634137749671936
0.46571603417396545
0.45370039343833923
0.4612865746021271
0.437068372964859
0.4458666443824768
0.4575670659542084
0.45148929953575134
0.45674973726272583
0.42400529980659485
0.44571977853775024
0.4686857759952545
0.4588407576084137
0.4756627678871155
0.4566907286643982
0.4838826060295105
0.4712543189525604
0.4790671765804291
0.4799225926399231
0.5004610419273376
0.5088863372802734
0.5307734608650208
0.5658475160598755
0
0
0
0
0
0
0
0
0
0
0
0
0
0
0
1.9396146535873413
1.9011563062667847
1.8777533769607544
1.879199743270874
1.876013159751892
1.873341679573059
1.9010051488876343
1.943926453590393
3.4267141819000244
3.3956551551818848
3.4267334938049316
0
0
0
0
0
0
0
0
0
0
0
0
0
0
0
0
0
0
0
0
0
0
0
0
0
0
0
0
0
0
3.1548805236816406
3.076164484024048
3.087108612060547
3.063181161880493
3.1073267459869385
3.1678965091705322
0
0
0
0
0
0
0
3.295738935470581
3.243194818496704
3.2556254863739014
3.2738449573516846
3.2783470153808594
3.283447742462158
3.3017919063568115
3.319478750228882
3.304154634475708
3.322176218032837
3.336176872253418
3.363983392715454
3.377333641052246
3.4166197776794434
3.4215686321258545
3.464740514755249
3.4775500297546387
0
0
0
0
1.7158108949661255
1.692973256111145
1.6656482219696045
1.6540064811706543
1.653509259223938
1.6467359066009521
1.674558162689209
1.6818820238113403
1.7216187715530396
0
0
0
0
0
0
0
0
0
0
0
0
0
0
0
0
0
0
0
0
0
0
0
0
0
0
0
0
0
0
0
0
0
0
0
0
0
0
0
0
0
0
0
0
0
0
0
0
0
0
0
0
0
0
0
0
2.2530176639556885
2.2330803871154785
2.185425281524658
2.186532735824585
2.2033579349517822
2.205007553100586
2.2348575592041016
2.274250030517578
3.291027307510376
3.3296003341674805
3.3429183959960938
3.3657987117767334
3.392472505569458
3.4351980686187744
3.4745044708251953
3.4920780658721924
0
0
0
0
0
0
0
0
0
0
0
0
3.4235920906066895
3.204918384552002
3.005145311355591
2.8086094856262207
2.6387341022491455
2.5004537105560303
2.370603084564209
2.261381149291992
2.1755459308624268
2.0749192237854004
1.9767634868621826
1.8797355890274048
1.8374249935150146
1.7469981908798218
1.7024152278900146
1.6387749910354614
1.5983104705810547
1.567284107208252
1.4906692504882812
1.4764423370361328
1.4274927377700806
1.3779898881912231
1.3497166633605957
1.3809584379196167
1.383623719215393
1.3948453664779663
1.421682596206665
1.4702839851379395
1.4738011360168457
1.4947973489761353
0
0
