3.319423198699951
3.2625555992126465
3.2222821712493896
3.1703708171844482
3.1405386924743652
3.1132681369781494
0.9961276054382324
0.9869053363800049
0.9534550309181213
0.9371994733810425
0.9463098645210266
0.9211476445198059
0.9147109389305115
0.9402231574058533
0.9185283780097961
0.9194985032081604
0.9422088861465454
0.9392757415771484
0.9379088878631592
0.9637746810913086
0.970771849155426
0.9795029759407043
1.0027238130569458
0
0
0
0
0
0
0
0
0
0
0
0
0
0
0
0
0
0
0
0
0
0
0
0
0
0
0
0
0
0
0
0
0
0
0
0
0
0
0
0
3.1133248805999756
3.003685235977173
2.8893442153930664
2.8130295276641846
2.8319389820098877
2.6106369495391846
2.5083670616149902
2.434298038482666
2.3649535179138184
2.3355000019073486
2.834676504135132
2.847656488418579
1.2506448030471802
1.210396409034729
1.1749646663665771
1.1802105903625488
1.1712595224380493
1.1562646627426147
1.1581122875213623
1.167305827140808
1.159749984741211
1.1783485412597656
1.1790841817855835
1.1799322366714478
1.2055772542953491
1.2586950063705444
3.040764808654785
0
0
0
0
0
0
0
0
0
0
0
0
2.456087589263916
2.404531478881836
2.376323699951172
2.384523391723633
2.3726720809936523
2.408141851425171
2.426405906677246
0
0
0
0
0
0
0
0
0
0
0
0
0
0
0
0
0
0
0.9084676504135132
0.8579291701316833
0.8079740405082703
0.8082548379898071
0.801690399646759
0.786548376083374
0.7974792122840881
0.7714962959289551
0.765933632850647
0.7657078504562378
0.7796993851661682
0.7754221558570862
0.8144872188568115
0.7828637957572937
0.7881245017051697
0.7775313854217529
0.8007472157478333
0.7994794845581055
0.8245783448219299
0.867133617401123
0
0
0
0
0
0
0
0
0
0
0
0
0
0
0
0
0
0
0
0
0
0
0
0
0
0
0
0
0
0
0
2.5142147541046143
0
0
0
0
0
0
0
0
0
0
0
0
0
0
0
0
0
0
0
0
0
0
0
0
0
0
0
0
0
0
0
0
0
0
0
0
0
0
0
0
0
0
0
0
0
0
0
0
0
0
0
0
0
0
0
0
0
2.566903591156006
0
0
0
0
0
0
0
0
0
0
0
0
0
0
0
0
0
0
0
3.3119993209838867
3.268867015838623
3.2647159099578857
3.261472463607788
3.327569007873535
0
0
0
0
0
0.4466165006160736
0.4240018427371979
0.388324111700058
0.3961952030658722
0.3857129216194153
0.37819764018058777
0.37177878618240356
0.35245057940483093
0.3503391742706299
0.3468390107154846
0.361113965511322
0.32830899953842163
0.3496674597263336
0.3485030233860016
0.3272441327571869
0.3455546796321869
0.32154059410095215
0.3482132852077484
0.33541592955589294
0.35847803950309753
0.33916208148002625
0.3324926793575287
0.3339737355709076
0.3388974964618683
0.3294704556465149
0.351272851228714
0.34449639916419983
0.3625015914440155
0.35017383098602295
0.36745545268058777
0.3597545325756073
0.3632698059082031
0.3896539509296417
0.3967565894126892
0.4002332389354706
0.3857785761356354
0.41134536266326904
0.4468521475791931
1.1275664567947388
1.1497427225112915
1.161254644393921
1.2129642963409424
3.295732259750366
3.2746496200561523
3.2805066108703613
3.312525749206543
3.4406790733337402
0
0
0
0
0
0
0
0
0
0
3.419642686843872
3.372154712677002
3.378608465194702
3.407266616821289
3.466850757598877
2.5817818641662598
2.5548512935638428
2.5386900901794434
2.539275646209717
2.540827989578247
2.569777250289917
2.6375014781951904
0
0
1.6934934854507446
1.6648995876312256
1.6538879871368408
1.6384124755859375
1.6232545375823975
1.6088948249816895
1.613837718963623
1.6290984153747559
1.6628501415252686
1.706674575805664
0
0
0
0
0
0
0
0
0
3.5
3.4558675289154053
3.386826992034912
3.3494579792022705
