0.793031632900238
0.778622031211853
0.7835050821304321
0.7761425375938416
0.7826276421546936
0.7851325869560242
0.7678987383842468
0.775749921798706
0.7707532644271851
0.7766761779785156
0.7769112586975098
0.791664719581604
0.7988694906234741
0.8176385164260864
0.8129720687866211
0.8121528625488281
0.8036858439445496
0.8286948204040527
0.822924017906189
0.8350052833557129
0.8255274295806885
0.8334819674491882
0.854213297367096
0.8487356901168823
0.8667110204696655
0.8722522854804993
0.8805003762245178
0.8988033533096313
0.8786920309066772
0.8917908668518066
0.9042456150054932
0.9142415523529053
0.9109392166137695
0.9214066863059998
0.9309043288230896
0.9391184449195862
0.9801461100578308
0.984527587890625
0.9833832383155823
0.9992148280143738
1.0124117136001587
1.001018762588501
0.9925832152366638
0.9553762078285217
0.9396313428878784
0.9401451349258423
0.9182752966880798
0.890125036239624
0.8897731900215149
0.8548181653022766
0.8636386394500732
0.839267373085022
0.8353343605995178
0.7957086563110352
0.8174182772636414
0.7814152836799622
0.7930136919021606
0.7988303303718567
0.785499095916748
0.755499541759491
0.7935330867767334
0.8488962650299072
0.8613388538360596
0.8590555787086487
0.8556337356567383
0.8350832462310791
0.8343738317489624
0.8409906625747681
1.7771586179733276
1.768738865852356
1.7694326639175415
1.7486538887023926
1.740573525428772
1.7252196073532104
1.720863699913025
1.7174983024597168
1.706315279006958
1.6965492963790894
1.6903983354568481
0
0
0
0
0
0
0
0
0
0
0
0
0
0
0
0
0
3.2312538623809814
3.1822924613952637
2.233741283416748
2.2056758403778076
2.1789944171905518
2.148296594619751
2.142991781234741
2.1756913661956787
2.2064082622528076
2.2644858360290527
0
1.2745634317398071
1.2259116172790527
1.2324512004852295
1.215247392654419
1.2005572319030762
1.2049880027770996
1.2119719982147217
1.214979648590088
1.2120798826217651
1.2090480327606201
1.2461508512496948
1.2526086568832397
1.2863141298294067
0
0
0
0
3.479125499725342
3.463587522506714
3.5
0
0
0
0
0
0
0
0
0
0
0
0
0
0
0
0
0
0
0
0
0
0
2.3483729362487793
2.308382749557495
2.280623435974121
2.278841495513916
2.284783124923706
2.313171148300171
2.360443115234375
0
0
0
0
0
0
0
0
0
0
0
0
0
0
0
0
0
0.37910473346710205
0.36441636085510254
0.35472264885902405
0.3379240930080414
0.33427271246910095
0.3115522563457489
0.3067474663257599
0.3140881657600403
0.2953304648399353
0.3029475510120392
0.3045791983604431
0.296335905790329
0.28316161036491394
0.28501495718955994
0.2733047604560852
0.2873573899269104
0.2570955157279968
0.2857006788253784
0.2939337491989136
0.2590939402580261
0.29091355204582214
0.28754284977912903
0.266103595495224
0.28872716426849365
0.28296905755996704
0.28157761693000793
0.2926231324672699
0.28747233748435974
0.2776857316493988
0.2762914001941681
0.28416094183921814
0.29348236322402954
0.30049872398376465
0.30031535029411316
0.2980232238769531
0.3057677745819092
0.3080737888813019
0.33301791548728943
0.3287530839443207
0.3480813205242157
0.33943307399749756
0.36962130665779114
2.7068448066711426
2.6470470428466797
2.621168375015259
2.625312566757202
2.6225032806396484
2.6605594158172607
2.717287302017212
0
0
0
0
0
0
0
0
0
0
0
0
0
0
1.012195348739624
0.9604816436767578
0.944629967212677
0.9411830902099609
0.9072615504264832
0.9191417098045349
0.8948035836219788
0.879555344581604
0.8991519212722778
0.8882944583892822
0.9019307494163513
0.8937432169914246
0.9061688780784607
0.9215961694717407
0.9368219971656799
0.9484119415283203
0.9613294005393982
1.0125377178192139
1.506392002105713
1.4943666458129883
1.4841097593307495
1.5000368356704712
1.5248528718948364
1.5341662168502808
1.5834639072418213
3.0059282779693604
2.9809253215789795
3.0007543563842773
3.059392213821411
0
0
0
0
0
0
0
0
0
0
0
0
0
0
0
0
0
0
0
0
0
3.1688671112060547
3.1255996227264404
1.7749204635620117
1.6766159534454346
1.6693192720413208
1.6366362571716309
1.6452852487564087
1.6334459781646729
1.637817621231079
1.6262872219085693
1.655279517173767
1.673026442527771
1.7380712032318115
0.9087011814117432
0.8631566166877747
0.8462892770767212
0.8166311383247375
0.7915933132171631
0.7676636576652527
0.7425873279571533
0.7777987718582153
0.708719789981842
0.7089107036590576
0.6920945644378662
0.6905200481414795
0.6620709896087646
0.646670401096344
0.6528183221817017
0.619659960269928
0.6141889095306396
0.613906741142273
0.5856543779373169
0.5969160795211792
0.5879365801811218
0.6200541853904724
0.6150650382041931
0.659089982509613
0.6436789631843567
0.665585994720459
0.6854061484336853
0.7172810435295105
0.46647894382476807
0.4512360394001007
0.42643919587135315
0.4522377848625183
0.4739691913127899
0.4846569299697876
0.5086415410041809
0.5076450109481812
0.5358292460441589
0.5728389620780945
0.6003148555755615
0.6117976307868958
0.6653598546981812
0.6804870367050171
0.7029140591621399
0.7805488109588623
0.8077021241188049
0.804803192615509
0.788095235824585
0.8123065233230591
0.7965792417526245
0.8024377822875977
0.7890822291374207
0.7926777601242065
0.7787922024726868
0.791843593120575
0.7938560247421265
0.7782365083694458
0.789715051651001
0.7508103847503662
0.7635138630867004
0.7784568667411804
0.775661051273346
