1.3597379922866821
1.3737205266952515
1.4172897338867188
0
0
3.026827812194824
2.9767420291900635
2.954369068145752
2.938993215560913
2.9811246395111084
2.9954276084899902
0
0
0
0
0
0
0
0
1.836747646331787
1.7885181903839111
1.7439730167388916
1.745327115058899
1.7303112745285034
1.7153147459030151
1.7292009592056274
1.7480322122573853
1.7547121047973633
1.7962307929992676
0
0
0
0
0
0
0
0
0
0
0
0
0
0
0
0
0
1.2625572681427002
1.213700294494629
1.1939724683761597
1.1987497806549072
1.1945412158966064
1.1777921915054321
1.1654541492462158
1.1719084978103638
1.1915111541748047
1.1938039064407349
1.202574610710144
1.2329593896865845
1.239363670349121
1.3217792510986328
0
0
0
0
0
0
2.8789656162261963
2.785435914993286
2.7412946224212646
2.7308380603790283
2.7403464317321777
2.7512784004211426
2.8004488945007324
0
0
0
0
0
0
0
0
0
0
0
0
0
0
0
0
0
1.3377538919448853
1.3076080083847046
1.2629294395446777
1.2627543210983276
1.235207438468933
1.2261912822723389
1.2319238185882568
1.2249938249588013
1.2543001174926758
1.2283823490142822
1.2526254653930664
1.27692711353302
1.3136579990386963
3.299581289291382
3.39553165435791
0
0
0
0
0
0
0
0
0
0
0
0
0
1.998383641242981
1.9705225229263306
1.9739689826965332
1.9380488395690918
1.9341908693313599
1.9316312074661255
1.9719070196151733
1.982132911682129
0
0
0
0
0
0
0
0
0
0
3.1722044944763184
3.1010913848876953
3.06768798828125
3.0731253623962402
1.2742862701416016
1.2774792909622192
1.2495964765548706
1.2532800436019897
1.2497930526733398
1.2471773624420166
1.2439243793487549
1.2221977710723877
1.2285492420196533
1.2215577363967896
1.2043945789337158
1.2071739435195923
1.219226360321045
1.2074648141860962
1.204517126083374
1.2195141315460205
1.1925963163375854
1.2015328407287598
1.1904618740081787
1.9446512460708618
2.1947083473205566
3.2655282020568848
3.2642838954925537
3.248584270477295
3.262617349624634
3.2675349712371826
3.2664945125579834
3.2791459560394287
3.2831993103027344
3.2828705310821533
3.301877498626709
3.49808931350708
3.327327013015747
3.3400847911834717
3.344550848007202
3.3629369735717773
3.385617733001709
1.6995561122894287
1.6313955783843994
1.6327269077301025
1.6135382652282715
1.6251565217971802
1.610233187675476
1.6219013929367065
1.6403061151504517
1.6652696132659912
1.713358998298645
0
0
0
0
0
0
0.8776167631149292
0.834333062171936
0.8237760663032532
0.800937294960022
0.7914878726005554
0.7980308532714844
0.7925821542739868
0.7627988457679749
0.764114499092102
0.7804442048072815
0.7752859592437744
0.7723156809806824
0.7784197926521301
0.7842032313346863
0.7903895974159241
0.7991602420806885
0.8141036033630371
0.8301180005073547
0.8510823249816895
0
0
0
2.9417688846588135
2.9070332050323486
2.883523941040039
2.9113166332244873
2.9084486961364746
3.0196704864501953
0
0
0
0
0
0
0
0
0
0
0
0
0
0
0
0
2.8353309631347656
1.9269111156463623
1.8863948583602905
1.8706843852996826
1.8438868522644043
1.851293683052063
1.8590993881225586
1.8666198253631592
1.8847490549087524
1.9296586513519287
0
0
0
0
0
0
0
0
0
0
0
0
0
0
0
0
0
2.0270302295684814
1.9650132656097412
1.932517647743225
1.9375760555267334
1.9122930765151978
1.9171879291534424
1.9514784812927246
1.9583367109298706
2.001574993133545
0.6952517032623291
0.639237642288208
0.6253988146781921
0.6240463256835938
0.6060447096824646
0.5973226428031921
0.5979243516921997
0.6157557368278503
0.5915558934211731
0.5839916467666626
0.5643805861473083
0.5793352127075195
0.5710185170173645
0.5607002973556519
0.5806015133857727
0.5793948769569397
0.5781953930854797
0.5800504088401794
0.5883597135543823
0.6036913990974426
0.5941502451896667
0.6026694178581238
0.6285569071769714
0.6184626817703247
0.645647406578064
2.7027342319488525
0
0
0
0
0
3.2379677295684814
3.1952474117279053
3.181344747543335
3.1957595348358154
3.238978385925293
0
0
0
0
1.4078718423843384
1.3743736743927002
1.3748177289962769
1.3503615856170654
1.3377116918563843
1.3356244564056396
1.3295440673828125
1.337957501411438
1.3251702785491943
1.3743690252304077
1.3836358785629272
1.4096529483795166
0
0
0
0
2.782288074493408
2.7415428161621094
2.704592704772949
2.6936557292938232
2.7174742221832275
2.753230333328247
2.824648380279541
0
0
0
0
0
0
0
0
0
0
0
0
0
1.4563130140304565
1.4066728353500366
1.3597126007080078
1.3287200927734375
1.3281077146530151
1.3211171627044678
1.3151355981826782
1.3041136264801025
1.321514368057251
1.327111005783081
1.3329837322235107
