2.414958953857422
2.4382715225219727
2.521800994873047
0
0
0
0
0
0
0
0
0
0
0
0
0.8414550423622131
0.8096719980239868
0.7741096615791321
0.7702336311340332
0.7451749444007874
0.7367926836013794
0.7409919500350952
0.7320454120635986
0.721011221408844
0.7194960713386536
0.7301918268203735
0.717302143573761
0.7148802876472473
0.722581148147583
0.749717652797699
0.7440686225891113
0.7518345713615417
0.7427142858505249
0.7610241174697876
0.7880727648735046
0.812839925289154
2.8661601543426514
2.8090975284576416
2.8039374351501465
2.7798027992248535
2.793260097503662
2.8150928020477295
2.9148409366607666
0
0
0
0
0
0
0
0
0
0
0
0
0
0
0
1.75676691532135
2.3478803634643555
2.3075876235961914
2.2614760398864746
2.255878448486328
2.2625927925109863
2.256208896636963
2.2914249897003174
2.335297107696533
0
0
0
0
0
0
0
0
0
0
0
0
0
0
0
0
0
0
0
0
0
0
0
0
0
0
0
0
0
0
0
0
0
0
0
0
0
0
0
0
0
0
0
0
0
2.6229665279388428
2.557323455810547
2.5650277137756348
2.5349323749542236
2.54715895652771
2.581542730331421
2.620267391204834
0
0
0
0
1.2895346879959106
1.2314441204071045
1.177432894706726
1.1561682224273682
1.161083698272705
1.1631503105163574
1.1409791707992554
1.1511112451553345
1.1396405696868896
1.1645511388778687
1.1450879573822021
1.166006326675415
1.1801458597183228
1.223037838935852
0
0
0
0
0
0
0
0
0
0
0
2.3315136432647705
2.285890579223633
2.2455179691314697
2.2350027561187744
2.2503774166107178
2.2571423053741455
2.267233371734619
2.3498878479003906
0
0
0
0
0
0
0
0
0
0
0
0
0
0
0
0
0
0
0
0
0
0
2.417719602584839
2.3158392906188965
2.287640333175659
2.2814228534698486
2.275442600250244
2.3028817176818848
2.328627347946167
2.3888461589813232
0
0
0
0
0
0
0
0
0
1.310145616531372
1.2785120010375977
1.2691876888275146
1.2546941041946411
1.2421543598175049
1.2220674753189087
1.2296911478042603
1.224768042564392
1.2150839567184448
1.247814416885376
1.2683295011520386
1.2896164655685425
1.3316731452941895
0
3.273773193359375
3.2407350540161133
3.2282278537750244
3.2432668209075928
3.296532154083252
0
0
0
0
0
0
0
0
0
0
0
0
0
0
0
0
0
0
0
0
0
0
0
0
0
0
0
0
0
0
0
0
0
0
0
0
0
0
0
0
0
0
0
0
0
0
0
0
0
0
0
0
0
0
0
0
0
1.1355607509613037
1.1169639825820923
1.0877844095230103
1.058186411857605
1.0595632791519165
1.0643888711929321
1.0465312004089355
1.0592206716537476
1.0461220741271973
1.0637342929840088
1.0718363523483276
1.0705475807189941
1.0844531059265137
1.0875954627990723
1.1370799541473389
0
0
0
0
0
0
0
0
0
0
0
0
0
0
0
0
0
0
0
0
0
0
2.7602076530456543
2.7066988945007324
2.6760435104370117
2.6488959789276123
2.642446994781494
2.659834146499634
2.7157766819000244
0
0
0
0
0
0
0
0
0
0
0
0
0
0
0
0
0
0
0
0
0
0
0
0
0
0
0
0
0
0
0
0
0
0
0
0
0
0
0
2.5123534202575684
2.4390087127685547
2.4087791442871094
2.398695230484009
2.4158177375793457
2.4042012691497803
