0
0
0
0
0
0
0
0
0
0
0
0
0
0
0
0
0
0
0
0
0
0
0
0
0
0
0
0
0
0
0
0
0
0
0
0
0
0
0
0
0
0
0
0
0
0
0
0
0
0
0
0
0
0
0
0
0
0
0
0
0
0
0
0
0
0
0
0
0
0
0
0
0
0
0
0
0
0
0
0
0
0
0
0
0
0
0
0
0
0
0
0
0
0
0
0
0
0
0
0
0
0
0
0
0
0
0
0
0
0
0
0
0
0
0
0
0
0
0
0
0
0
0
0
0
0
0
0
0
0
0
0
0
0
0
0
0
0
0
0
0
0
0
0
1.3524260520935059
1.3087550401687622
1.278596043586731
1.2612384557724
1.2523616552352905
1.2565197944641113
1.2748169898986816
1.2667896747589111
1.258220911026001
1.279662013053894
1.2794731855392456
1.3026520013809204
1.3367606401443481
0
0
0
0
0
0
0
0
0
0
0
0
0
0
0
0
0
0
0
0
0
0
0
0
0
0
0
0
0
0
0
0
0
0
0
0
0
0
0
0
0
0
3.3346924781799316
3.2683796882629395
3.3119964599609375
3.324566125869751
3.4461617469787598
0
0
0
0
3.3381288051605225
3.3016178607940674
3.3044381141662598
3.309086322784424
3.3397181034088135
0
0
0
1.3704603910446167
1.3340984582901
1.3064281940460205
1.3208335638046265
1.2983460426330566
1.2958903312683105
1.3087530136108398
1.299227237701416
1.3164012432098389
1.3264676332473755
1.3462300300598145
1.3853254318237305
0
0
0
1.683768391609192
1.648091435432434
1.6170132160186768
1.6224536895751953
1.6092411279678345
1.604913353919983
1.5944658517837524
1.6073907613754272
1.6267012357711792
1.661858081817627
0
0
0
0
0
0
0
0
0
0
0
0
0
0
0
0
0
0
0
0
0
0
0
0
3.4226019382476807
0
0
0
0
0
0
0
0
0
0
0
0
0
0
0
0
0
0
0
0
0
0
0
0
0
0
0
0
0
0
0
0
0
0
0
0
0
0
0
0
0
0
0
0
0
0
0
0
0
0
0
0
0
0
0
0
0
0
0
0
0
0
0
0
0
0
0
0
0
0
0
0
0
0
0
0
0
0
0
0
0
0
0
0
0
0
0
0
0
0
0
0
0
0
