0
0
0
0
0
0
0
0
0
0
0
0
0
0
0
0
0
0
0
0
0
2.9617443084716797
2.860405921936035
2.8239035606384277
2.8246161937713623
2.8191370964050293
2.847832202911377
2.8762195110321045
0
0
0
0
0
0
0
0
0
0
2.2542216777801514
2.2066776752471924
2.192059278488159
2.2081172466278076
2.1900219917297363
2.1927850246429443
2.2441861629486084
2.3218510150909424
0
0
0
0
0
0
0
0
0
0
0.6688907146453857
0.6678905487060547
0.6761808395385742
0.6607763767242432
0
0
0
0
0
0
0
0
0
0
0
0
0
0
0
0
0
0
0
0
0
2.383798122406006
2.321521043777466
2.318636655807495
2.3182127475738525
2.3256468772888184
2.3469574451446533
2.403048038482666
0
0
0
0
0
0
0
0
0
0
0
0
0
0
0
0
0
0
0
0
0
0
0
0
0
0
0
0
0
0
0
0
0
0
0
0
0
0
0
0
0
0
0
0
0
0
0
0
0
0
0
0
0
0
0
0
0
0
0
0
0
0
0
0
0
0
0
0
0
0
0
0
0
0
0
0
0
0
0
0
2.6725072860717773
2.6232235431671143
2.6321067810058594
2.6307363510131836
2.629626750946045
2.6766228675842285
0
0
0
2.2418549060821533
2.220994710922241
2.18894362449646
2.180232524871826
2.177476644515991
2.178215503692627
2.2258520126342773
2.3101656436920166
2.7498555183410645
2.768732786178589
2.794635057449341
2.8449244499206543
0
0
3.4443376064300537
3.3690099716186523
3.317584753036499
3.2203986644744873
3.173799991607666
3.0991361141204834
3.04390287399292
2.986706256866455
2.941854238510132
2.9048385620117188
2.8391785621643066
2.809849500656128
2.7752063274383545
2.722917079925537
2.673349380493164
2.6458194255828857
2.605964183807373
2.57802152633667
2.554330587387085
2.514235258102417
2.487746238708496
2.47174072265625
2.4358372688293457
1.0129203796386719
0.9704297780990601
0.9448637962341309
0.9427099823951721
0.9235069155693054
0.9168977737426758
0.9188951849937439
0.8914874792098999
0.8958635330200195
0.904558002948761
0.9080374240875244
0.901094913482666
0.8973308205604553
0.9122603535652161
0.9298816323280334
0.967437207698822
0.9978699088096619
2.160053014755249
2.155083179473877
2.120607376098633
2.142104387283325
2.133347511291504
2.1251578330993652
2.10091495513916
2.1153414249420166
2.0910775661468506
1.4378674030303955
1.3875662088394165
1.359179139137268
1.3603112697601318
1.3469501733779907
1.3410847187042236
1.3395663499832153
1.3516855239868164
1.3380444049835205
1.3696669340133667
1.390438437461853
1.4291921854019165
2.1441562175750732
2.1351425647735596
2.169410467147827
2.1642937660217285
2.348811149597168
2.1958913803100586
2.216980218887329
2.220240354537964
2.216796636581421
2.2335398197174072
2.2534282207489014
2.255934953689575
2.2592849731445312
2.283104658126831
2.3175058364868164
2.330622434616089
2.3307790756225586
2.357163906097412
2.3957366943359375
2.3983561992645264
2.435986280441284
2.4703826904296875
2.486599922180176
2.525069236755371
2.529928684234619
2.580345630645752
2.583935260772705
2.6253907680511475
2.666396379470825
2.71095609664917
2.73761248588562
2.767461061477661
2.8157503604888916
2.8637449741363525
2.8987157344818115
2.9791300296783447
3.0148496627807617
3.0787765979766846
3.107325553894043
2.266049861907959
2.18709397315979
2.1827526092529297
2.1885011196136475
2.154571294784546
2.1787919998168945
2.198817014694214
1.6986243724822998
1.6772968769073486
1.6604076623916626
1.6514215469360352
1.6467572450637817
1.6542277336120605
1.654654622077942
1.6838780641555786
1.7068955898284912
1.7475358247756958
2.169726610183716
2.1743814945220947
2.175875186920166
2.258419990539551
0
0
0
0
0
0
0
0
0
0
0
0
0
0
0
3.047243118286133
0
0
0
0
0
0
0
0
0
0
0
0
0
0
0
0
0
0
0
0
0
0
0
0
0
0
0
0
0
0
0
0
