0.21771804988384247
0.211570605635643
0.2334904670715332
0.2078518569469452
0.2394847422838211
0.24059805274009705
0.2506726086139679
0.27776116132736206
0.288595974445343
0.33540013432502747
0.3159623146057129
0.3239057958126068
0.3637952208518982
0.37345990538597107
0.3911063075065613
0.44266682863235474
0.4426368474960327
0.5008482336997986
0.5526940822601318
0.5877155065536499
0.5895326733589172
0.564806342124939
0.5474926829338074
0.5887852311134338
0.5617021322250366
0.5734403133392334
0.5379819273948669
0.571564257144928
0.5604739785194397
0.5508202910423279
0.5709740519523621
0.5534278154373169
0.5492742657661438
0.5640843510627747
0.5761631727218628
0.5747032761573792
0.5787279605865479
0.5657651424407959
0.5809232592582703
0.5500521659851074
0.5636944770812988
0.5885497331619263
0.5749664306640625
0.5872412919998169
0.5848301649093628
0.5755264759063721
0.5799103379249573
0.5791963338851929
0.5827346444129944
0.6044662594795227
0.6092722415924072
0.599623441696167
0.6170009970664978
0.6176643967628479
0.6213405132293701
0.6256968975067139
0.6185047626495361
0.6266533732414246
0.647297203540802
0.6486974358558655
0.6396058201789856
0.6659458875656128
0.6797735691070557
0.6666917204856873
0.6895126104354858
0.702721357345581
0.7050365209579468
0.7137706875801086
0.735357940196991
0.7451663017272949
0.7290244102478027
0.7640110850334167
0.7483200430870056
0.7889828085899353
0.8008739948272705
0.8181764483451843
0.8320725560188293
0.8363632559776306
0.8349822163581848
0.8954089283943176
0.9134188294410706
0.9184831380844116
0.9382441639900208
0.9582542777061462
0.9613497257232666
0.9488505721092224
0.9441031813621521
0.9099319577217102
0.9046209454536438
0.8857178688049316
0.8862059712409973
0.8789019584655762
0.8701502680778503
0.8681976199150085
0.8550100922584534
0.844446063041687
0.8352552652359009
0.830266535282135
0.8543824553489685
0.8185272812843323
0.8179123401641846
0.8343414068222046
0.8123642802238464
0.8114961981773376
0.7988239526748657
0.8056169748306274
0.7840927243232727
0.824801504611969
1.514681339263916
1.5195056200027466
1.5115967988967896
1.5077875852584839
1.525612711906433
1.521098256111145
1.5681393146514893
1.6128450632095337
0
0
0
0
0
0
0
0
0
0
0
0
0
0
0
0
3.04943585395813
2.9774539470672607
2.9507627487182617
2.96464204788208
2.9779462814331055
3.0295310020446777
0
1.7160502672195435
1.6785799264907837
1.668544888496399
1.6558040380477905
1.6250922679901123
1.6219732761383057
1.6543434858322144
1.6466727256774902
1.6754447221755981
1.7229212522506714
0
0
0
0
0
0
0
3.4820375442504883
3.4226698875427246
3.4171860218048096
3.4455814361572266
3.4736080169677734
0
0
0
0
0
0
0
0
0
0
0
0
2.3923327922821045
2.3420777320861816
2.3303821086883545
2.3191282749176025
2.309492588043213
2.3251984119415283
2.3537611961364746
0
0
0
0
0
0
0
0
0
0
0
0
0
0
0
0
0
0
0
0
0
0
0
0
0
0
0.6994104981422424
0.6623690724372864
0.6727256774902344
0.6420004367828369
0.6276527047157288
0.628943681716919
0.5961378812789917
0.6041473746299744
0.6033940315246582
0.5956798195838928
0.6095651388168335
0.6103301644325256
0.6206574440002441
0.5948490500450134
0.6176174879074097
0.5989379286766052
0.6231854557991028
0.62767493724823
0.6238913536071777
0.6412567496299744
0.6446928381919861
0.653593122959137
0.6785993576049805
0.7198503017425537
0
0
0
0
0
0
0
0
0
0
0
0
0
2.3446273803710938
2.3000266551971436
2.2810075283050537
2.287688732147217
2.298431158065796
2.286914825439453
2.357301712036133
0
0
0
0
0
0
0
0
0
0
0
3.3899874687194824
3.369297981262207
3.3594932556152344
3.3783345222473145
1.6908618211746216
1.649324893951416
1.6059435606002808
1.6049885749816895
1.5946598052978516
1.602013349533081
1.6016327142715454
1.6152403354644775
1.6248035430908203
1.6518810987472534
1.7418462038040161
0
0
0
2.9468960762023926
2.8868110179901123
2.8589842319488525
2.8504180908203125
2.868238687515259
2.9046852588653564
0
0
0
0
0
0
0
0
0
0
0
0
0
0
0
0
0
0
0
0
0
1.2012113332748413
1.1934435367584229
1.208581805229187
1.1964762210845947
1.1868059635162354
1.2003505229949951
1.2235145568847656
1.2105449438095093
1.2182581424713135
1.2308779954910278
1.21737802028656
1.2462180852890015
1.2436330318450928
1.2761043310165405
1.273855209350586
1.2831199169158936
1.27896249294281
1.2806881666183472
1.2534472942352295
0.3281923234462738
0.31117528676986694
0.3233148157596588
0.3328878879547119
0.3183795213699341
0.316850870847702
0.33276182413101196
0.33267107605934143
0.3394376337528229
0.3464171588420868
0.331885427236557
0.3427824378013611
0.35716521739959717
0.36007261276245117
0.36178815364837646
0.37872225046157837
0.39302587509155273
0.36990270018577576
0.3815406858921051
0.3796522915363312
0.39812371134757996
0.40605810284614563
0.43128642439842224
0.43079885840415955
0.4259466826915741
0.44762635231018066
0.44581568241119385
0.20772211253643036
0.20448078215122223
0.20408976078033447
0.18825626373291016
0.20104049146175385
0.20734889805316925
0.19576652348041534
0.2205290049314499
