0
0
0
0
0
0
0
0
0
0
0
2.530757188796997
2.510802984237671
2.4775002002716064
2.484649896621704
2.486379623413086
2.4969253540039062
2.529927968978882
0
0
0
0
0
0
0
0
0
0
0
0
0
0
0
2.791598320007324
2.7768595218658447
2.743043899536133
2.7676165103912354
2.764263868331909
2.8134353160858154
0
0
0
0
0
0
0
1.5834157466888428
1.5333218574523926
1.5054640769958496
1.4948008060455322
1.497282862663269
1.486531138420105
1.4894670248031616
1.4873487949371338
1.506309151649475
1.519068717956543
1.5605226755142212
0
0
0
0
0
0
0
0
0
0
2.8863301277160645
2.8662807941436768
2.8161134719848633
2.8271498680114746
2.8461742401123047
2.8710336685180664
0
0
0
0
0
0
0
0
0
0
0
0
0
0
0
0
0
0
0
0
0
0
0
0
0
0
0
0
0
0
0
0
0
1.678937554359436
1.632593035697937
1.6270555257797241
1.6111581325531006
1.606594204902649
1.5977447032928467
1.5950185060501099
1.6085820198059082
1.64775550365448
1.6622893810272217
0
0
0
0
0
0
0
0
0
0
0
0
0
0
0
0
0
0
0
0
0
0
0
0
0
0
0
0
0
0
0
0
0
0
0
0
0
0
0
0
0
0
0
0
0
0
0
0
0
0
0
0
0
0
0
0
0
0
0
0
0
0
0
0
0
0
0
0
0
0
0
0
0
0
0
0
0
0
0
0
0
0
0
0
0
0
0
0
0
0
0
0
0
0
0
0
0
0
0
0
0
0
0
0
0
0
0
0
0
0
0
0
0
0
0
0
0
0
0
0
0
0
0
0
0
0
0
0
0
0
0
0
0
0
0
0
0
0
0
0
0
0
0
0
0
0
0
0
0
0
0
0
0
0
0
0
0
0
0
0
0
0
0
0
0
0
0
0
0
0
0.48558539152145386
0.4571164846420288
0.43130195140838623
0.4380478262901306
0.42513421177864075
0.4033961594104767
0.39975476264953613
0.412003755569458
0.3830190896987915
0.3988288938999176
0.3691904544830322
0.3649425208568573
0.37744638323783875
0.3764905333518982
0.385431706905365
0.37486976385116577
0.356392502784729
0.3495723307132721
0.3607139587402344
0.3721022307872772
0.3633679449558258
0.37693849205970764
0.37657758593559265
0.36847561597824097
0.3811880648136139
0.3582110106945038
0.3774886727333069
0.3932364284992218
0.37685540318489075
0.3893296420574188
0.39823293685913086
0.4177640676498413
0.41708192229270935
0.44134292006492615
0.4560352563858032
0.4544082283973694
3.1062166690826416
3.1374998092651367
3.179525136947632
0
0
0
0
0
0
0
0
0
0
0
0
0
0
0
0
0
0
2.062406539916992
2.0386993885040283
2.0162296295166016
2.0129244327545166
2.006484270095825
2.003842353820801
2.0241827964782715
2.0567800998687744
2.1388652324676514
0
0
0
0
0
0
0
0
