0.7706430554389954
0.8133180141448975
0.8455086350440979
0.9244846701622009
1.0070858001708984
1.0870968103408813
1.2006524801254272
1.3206465244293213
1.4916808605194092
1.7270301580429077
1.9848041534423828
2.3525359630584717
2.922104597091675
3.3974571228027344
0
0
0
0
0
0
0
0
0
0
0
0
0
0
0
0
0
0
0
0
0
2.8248403072357178
2.8112034797668457
2.802284002304077
2.7879066467285156
1.7891374826431274
1.724744200706482
1.648911952972412
1.5980730056762695
1.5571942329406738
1.4918212890625
1.4422844648361206
1.4419642686843872
1.453833818435669
1.484339714050293
1.3172650337219238
1.3147306442260742
1.3137418031692505
1.335195779800415
1.3562949895858765
1.3958234786987305
1.3806852102279663
1.4154326915740967
1.4329746961593628
1.4593585729599
1.478764295578003
1.5047144889831543
1.51528000831604
1.5382949113845825
1.5179202556610107
1.4946006536483765
1.4705449342727661
1.4383941888809204
1.4140465259552002
1.4022009372711182
1.3807485103607178
1.3616443872451782
1.3440091609954834
1.3318567276000977
1.33327317237854
1.304095983505249
1.31157648563385
1.2708808183670044
1.279962182044983
1.2523046731948853
1.2546000480651855
1.251006841659546
1.226760983467102
1.2197411060333252
1.2119886875152588
1.1948274374008179
1.178614854812622
1.1945873498916626
1.1634793281555176
1.1549254655838013
1.1380959749221802
0.7398466467857361
0.7514243721961975
0.7570443153381348
0.8321221470832825
0.8844781517982483
0.9733931422233582
1.0516446828842163
3.251760959625244
3.2644617557525635
1.1999491453170776
1.2028764486312866
1.1820062398910522
1.1837084293365479
1.1693172454833984
1.164812684059143
1.1897703409194946
1.1718194484710693
1.1781834363937378
1.1734713315963745
1.1762810945510864
1.1760008335113525
1.1878528594970703
1.1791071891784668
1.1974538564682007
1.20527184009552
1.1936544179916382
1.1965889930725098
1.1992530822753906
1.1883248090744019
1.2089815139770508
1.2067757844924927
1.2297314405441284
0
0
0
0
0
0
0
0
0
0
0
0
0
0
0
0
0
0
0
0
0
0
0
0
3.485323190689087
0
0
0
0
0
0
0
0
0
0
0
0
0
0
0
0
3.4907028675079346
2.7589645385742188
2.750929117202759
2.7136707305908203
2.675138473510742
2.650238275527954
2.6368260383605957
2.6121957302093506
0
0
0
0
3.4879813194274902
3.450101852416992
3.4158072471618652
0
0
0
0
0
0
0
0
0
0
0
0
0
0
0
0
0
0
0
0
0
0
3.1142468452453613
2.4707233905792236
2.0984609127044678
1.789681077003479
1.568586826324463
1.4263449907302856
1.2699403762817383
1.1691310405731201
1.0768898725509644
0.9994558095932007
0.9402260780334473
0.8686583042144775
0.811556875705719
0.7680206298828125
0.7204763889312744
0.6822913885116577
0.6554849147796631
0.6241838932037354
0.5946313738822937
0.5656338334083557
0.5528298616409302
0.5381193161010742
0.5003875494003296
0.48830047249794006
0.4681260883808136
0.45530542731285095
0.43362340331077576
0.4504126012325287
0.43258923292160034
0.4081481993198395
0.40812984108924866
0.38595283031463623
0.396798312664032
0.3603799045085907
0.3740164637565613
0.36033597588539124
0.3488500416278839
0.33273136615753174
0.34125208854675293
0.33244314789772034
0.32671210169792175
0.32201847434043884
0.3336126208305359
0.29909005761146545
0.31441038846969604
0.29245251417160034
0.2872219383716583
0.29574596881866455
0.29369908571243286
0.26688942313194275
0.2846398949623108
0.29006776213645935
0.2723881006240845
0.269059956073761
0.2773975729942322
0.26914599537849426
0.2535959780216217
0.2286108136177063
0.25167348980903625
0.23878930509090424
0.24706456065177917
0.25785887241363525
0.2559652328491211
0.2305867224931717
0.234120711684227
0.23160527646541595
0.2485315352678299
0.255492627620697
0.25473934412002563
0.2329844832420349
0.2480287253856659
0.25168576836586
0.2154768854379654
0.23001570999622345
0.22554172575473785
0.2221076339483261
0.22841061651706696
0.23302672803401947
0.21054233610630035
0.23682861030101776
0.2296619415283203
0.2558889389038086
0.2346140444278717
0.21410037577152252
0.22053970396518707
0.22882165014743805
0.2301945686340332
0.2261776626110077
0.23871836066246033
0.22838403284549713
0.2355249971151352
0.21732144057750702
0.2484021782875061
0.21556256711483002
0.22722364962100983
0.22830426692962646
0.23702122271060944
0.22882065176963806
0.24613703787326813
0.2532564699649811
0.22471359372138977
0.23268629610538483
0.2388436645269394
0.22624774277210236
0.22186076641082764
0.2541401982307434
0.24649794399738312
0.22384433448314667
0.24559152126312256
0.24289971590042114
0.2561165392398834
0.2400609403848648
0.24839843809604645
0.2485704869031906
0.2553364038467407
0.2692107856273651
0.2689499855041504
0.25849005579948425
0.27626100182533264
0.2782854437828064
0.27257922291755676
0.2774554193019867
0.28359413146972656
0.2825210690498352
0.3083779513835907
0.28692957758903503
0.28770989179611206
0.29815834760665894
0.31057414412498474
0.31907013058662415
0.4611835479736328
0.45109429955482483
0.4467179775238037
0.4491688013076782
0.4236287474632263
0.4268651008605957
0.41092467308044434
0.43046343326568604
0.3950859010219574
0.399288147687912
0.4043877422809601
0.38283050060272217
0.3963058292865753
0.39692243933677673
0.4146369993686676
0.45229482650756836
0.4214969873428345
0.4303136467933655
0.47459253668785095
0.47321927547454834
0.5111411213874817
0.5119423270225525
0.5449539422988892
0.5631689429283142
0.5914433598518372
0.6075232028961182
0.644891083240509
0.670080304145813
0.7126851081848145
0.7601611614227295
