0
0
0
0
0
0
0
1.3438423871994019
1.3173309564590454
1.3003841638565063
1.2721037864685059
1.2716286182403564
1.2657040357589722
1.2712581157684326
1.2497531175613403
1.284982442855835
1.2833102941513062
1.303712010383606
1.320733666419983
1.3600364923477173
2.447028160095215
2.4847981929779053
2.566072463989258
0
0
0
0
0
0
0
0
0
0
2.494699478149414
2.4590349197387695
2.450434923171997
2.43487286567688
2.4551985263824463
2.4676966667175293
2.512847423553467
0
0
0
0
0
0
0
1.5347439050674438
1.4917787313461304
1.4447704553604126
1.4331285953521729
1.4309296607971191
1.413565754890442
1.4255518913269043
1.4239474534988403
1.4121806621551514
1.4451498985290527
1.4596712589263916
1.499206781387329
0
0
0
0
0
0
0
0
0
0
0
0
0
3.4511361122131348
2.152160406112671
2.0780510902404785
2.050433874130249
2.0550572872161865
2.0442633628845215
2.037893533706665
2.0482630729675293
2.076826572418213
2.1244869232177734
0
0
0
2.8914260864257812
2.8266472816467285
2.8093295097351074
2.805422782897949
2.817502021789551
2.8774526119232178
0
0
0
0
0
0
3.4805641174316406
3.4768476486206055
3.4647560119628906
3.4327073097229004
0
3.316380500793457
3.3311212062835693
3.294848918914795
3.2892494201660156
3.2748255729675293
3.278923988342285
3.2643516063690186
3.258603096008301
3.2615506649017334
3.2489006519317627
3.261436939239502
3.223393201828003
3.2358529567718506
3.258392095565796
3.24320125579834
3.2369089126586914
0
0
2.7987899780273438
2.1037392616271973
1.6999151706695557
1.502258539199829
1.299034595489502
1.133844256401062
1.0350064039230347
0.9250748753547668
0.8583692312240601
0.7789670825004578
0.7541843056678772
0.7602667212486267
0.7627706527709961
0.7672343850135803
0.7608715891838074
0.7556813359260559
0.7721512913703918
0.7649969458580017
0.7642227411270142
0.7931408286094666
0.7796586155891418
0.7964481711387634
0.7908124327659607
0.8167358040809631
0.833696722984314
0.8284026384353638
0.8178080916404724
0.8463402390480042
0.866418182849884
0.8567529320716858
0.8612812757492065
0.8970448970794678
0.8833433389663696
0.899641215801239
0.9082921743392944
2.3824033737182617
0
0
0
0
0
0
0
0
0
0
0
0
0
0
0
0
0
0
0
0
0
0
0
1.5177676677703857
1.4456464052200317
1.430494785308838
1.4246548414230347
1.4151314496994019
1.4195120334625244
1.4021202325820923
1.40266752243042
1.4127092361450195
1.4353810548782349
1.4747397899627686
1.5234829187393188
0
0
0
0
0
0
0
3.2773537635803223
0
0
0
2.8354201316833496
2.776440382003784
2.7667150497436523
2.7578184604644775
2.758734941482544
2.814460277557373
0
0
0
0
0
0
0
0
0
0
0
0
0
0
0
0
0
0
0
1.6112210750579834
1.5642913579940796
1.5478771924972534
1.5461658239364624
1.5344938039779663
1.5289816856384277
1.5379881858825684
1.5611785650253296
1.5539395809173584
1.6059480905532837
3.271707534790039
3.2553412914276123
3.2471747398376465
3.292142152786255
3.39032244682312
0
0
0
0
0
0
0
0
0
0
0
0
0
0
0
0
2.589031219482422
2.5295286178588867
2.524272918701172
2.5150890350341797
2.533627510070801
2.5625991821289062
0
0
0
0
0
0
0
0
0
0
0
0
0
0
0
0
0
2.101205348968506
2.1014699935913086
2.092442512512207
2.049517869949341
2.055541753768921
2.044354200363159
2.0426814556121826
2.0543951988220215
2.0271735191345215
2.0319020748138428
2.0409061908721924
2.4554734230041504
3.0577521324157715
0
0
2.008542060852051
2.0411758422851562
2.031559467315674
2.044790506362915
2.0265791416168213
2.0554723739624023
2.0650694370269775
2.0547754764556885
2.05474853515625
2.0549051761627197
2.049959182739258
0
0
0
0
0
0
0
0
0
3.2597875595092773
3.202904224395752
3.206411600112915
3.198920965194702
3.225433111190796
3.3147339820861816
0
0
0
0
0
0
0
0
0
2.106675148010254
2.0411107540130615
2.0154411792755127
2.005295515060425
2.0117452144622803
1.9928877353668213
2.0226008892059326
2.055124044418335
2.107361316680908
0
0
0
0
0
0
0
0
2.914222002029419
2.86615252494812
2.860111713409424
2.86985182762146
2.874630928039551
2.9164955615997314
0
0
0
0
0
0
