0
0
0
0
0
0
0
0
0
0
2.052102565765381
1.9942338466644287
1.9639127254486084
1.977375864982605
1.989730954170227
1.9807239770889282
2.0071659088134766
2.0318729877471924
0
0
0
0
0
0
0
0
0
0
0
0
0
0
0
2.502196788787842
2.474604845046997
2.4693057537078857
2.4561262130737305
2.469304084777832
2.4848809242248535
2.551741123199463
0
0
0
0
0
0
0
0
0
0
0
0
0
0
0
0
0
0
0
0
0
0
0
0
0
0
0
0
0
0
0
0
0
0
0
0
0
0
0
0
0
0
0
0
0
0
0
0
0
0
0
0.9887582063674927
0.9502900838851929
0.9415737390518188
0.9352648258209229
0.9235742688179016
0.9253979921340942
0.9057316184043884
0.9078629016876221
0.9075846672058105
0.9188768863677979
0.9227835536003113
0.9281101226806641
0.9422546029090881
0.9312662482261658
0.9634000062942505
0.9834296107292175
1.0263373851776123
0
0
0
0
0
0
0
0
0
0
0
0
0
0
0
0
0
0
0
0
0
0
0
0
0
0
0
0
0
0
0
0
0
0
2.6070640087127686
2.571725845336914
2.551870346069336
2.4909708499908447
2.4879767894744873
2.442394256591797
2.411729097366333
2.3766887187957764
2.383033514022827
2.350290060043335
2.3537449836730957
2.30359148979187
2.288038969039917
2.278345823287964
2.265540361404419
2.24434757232666
2.2169456481933594
2.1899538040161133
2.181100368499756
2.1803641319274902
2.170839548110962
2.1402790546417236
2.150188684463501
2.12133526802063
2.135430335998535
2.123932123184204
2.1140549182891846
2.1126606464385986
2.108659267425537
2.1000075340270996
2.075901985168457
2.0781195163726807
2.0585904121398926
2.0878541469573975
2.0756895542144775
2.0737383365631104
2.065666437149048
2.065430164337158
2.0637996196746826
2.067776918411255
2.076056480407715
2.0741126537323
2.0749216079711914
2.0683999061584473
2.085923910140991
2.0902822017669678
2.091298818588257
2.0810325145721436
2.103153944015503
2.1103196144104004
2.1120798587799072
2.1254284381866455
2.136321544647217
2.169682025909424
2.155808925628662
2.178135871887207
2.1990060806274414
2.2129931449890137
2.212999105453491
2.23429274559021
2.235980749130249
2.2471964359283447
2.2839436531066895
2.2794923782348633
2.317779302597046
2.3254754543304443
2.3699257373809814
2.3842599391937256
2.4190750122070312
1.0828520059585571
1.0425502061843872
1.020480990409851
1.0050691366195679
0.968757152557373
0.9746950268745422
0.9709858298301697
0.9614675045013428
0.9652372002601624
0.9789505004882812
0.9657590985298157
0.9889668822288513
0.974389910697937
1.0114948749542236
1.0169754028320312
1.0508559942245483
3.060882568359375
3.1229546070098877
3.191237688064575
3.2605419158935547
3.320709705352783
3.413926839828491
3.5
0
0
0
0
0
0
0
0
0
0
0
0
0
0
0
0
0
0
0
0
0
0
0
0
0
0
0
0
0
0
0
0
0
0
0
0
0
0
0
0
0
0
3.2901411056518555
3.214150905609131
3.1942837238311768
3.2006804943084717
3.218226194381714
3.286487579345703
0
0
0
0
0
0
0
0
0
0
0
0
0
0
0
0
0
0
0
0
0
0
0
0
0
0
1.6418166160583496
1.6218764781951904
1.6338759660720825
0
0
0
0
0
0
0
0
0
0
0
0
0
0
0
0
0
0
0
0
0
0
0
0
0
0
0
0
0
0
0
0
0
0
0
0
0
0
0
0
0
0
0
0
0
0
0
0
0
