0
0
0
0
0
0
0
0
0
0
0
0
3.2203686237335205
3.1718902587890625
3.170724630355835
3.1725986003875732
3.2220137119293213
0
0
0
0
0
0
0
0
0
0
0
0
0
0
0
0
0
0
0
0
0
0
0
0
0
0
0
0
0
0
0
0
0
0
2.9557619094848633
0
0
0
0
0
0
0
0
0
0
0
0
0
0
0
0.9627846479415894
0.9318870306015015
0.9003445506095886
0.900973379611969
0.8759922981262207
0.8699770569801331
0.855993926525116
0.8453662395477295
0.8630723357200623
0.8350610733032227
0.8418796062469482
0.8718057870864868
0.8558688163757324
0.8592996001243591
0.862197995185852
0.8840377926826477
0.9200330376625061
0.937103271484375
0
3.4167563915252686
3.3187105655670166
3.294952630996704
3.298799753189087
3.3194355964660645
3.3929524421691895
0
0
0
0
0
0
0
0
0
0
0
0
0
0
0
0
0
0
0
3.451657295227051
3.3763937950134277
3.311267614364624
3.2277917861938477
3.1719541549682617
3.123718738555908
3.047852039337158
3.013936758041382
2.955501079559326
2.916867256164551
2.8686683177948
2.820359230041504
2.786241292953491
2.7458276748657227
2.709825038909912
2.683708906173706
2.6466994285583496
2.6027419567108154
2.5887045860290527
2.5512917041778564
2.5228941440582275
2.501420736312866
2.47444748878479
2.4548258781433105
2.43991756439209
2.4218037128448486
2.3772311210632324
2.3748908042907715
2.349844455718994
2.3238940238952637
2.310610055923462
2.307276964187622
2.2995975017547607
2.2944998741149902
2.259721517562866
2.265191078186035
2.2832257747650146
2.25532865524292
2.242048501968384
2.2417032718658447
2.2226688861846924
2.206040143966675
2.2105307579040527
2.198648691177368
2.1944808959960938
2.1959142684936523
2.191082715988159
2.189622402191162
2.204174518585205
2.1894471645355225
2.186556100845337
0.8895455002784729
0.8734292984008789
0.844241201877594
0.8080935478210449
0.841350257396698
0.7981870770454407
0.817283034324646
0.8136473894119263
0.8315512537956238
0.8002716302871704
0.8151266574859619
0.8002990484237671
0.7948892116546631
0.8084929585456848
0.8249603509902954
0.8403099179267883
0.8573561906814575
0.8991658091545105
2.30257248878479
2.308218479156494
2.3155643939971924
2.320712089538574
2.3567309379577637
2.3747456073760986
2.38683819770813
2.410813570022583
2.4389963150024414
2.4513511657714844
2.461979866027832
2.4873573780059814
2.5248117446899414
2.5646069049835205
2.5707755088806152
2.6089181900024414
2.6396484375
2.662069082260132
2.6931276321411133
2.7325801849365234
2.761457681655884
2.807183265686035
2.8418023586273193
2.9123520851135254
2.9297773838043213
2.9993462562561035
3.0243539810180664
3.1039412021636963
3.136756420135498
3.2062580585479736
3.274648904800415
3.3267500400543213
3.411451816558838
3.477428674697876
0
0
0
0
0
0
0
0
0
0
0
0
0
0
0
0
0
0
0
0
0
0
0
0
0
0
0
0
0
0
0
0
0
0
0
0
0
0
0
0
0
0
3.478178024291992
3.374067544937134
3.3745105266571045
1.6737146377563477
1.6364638805389404
1.6219394207000732
1.6005550622940063
1.5943033695220947
1.5918630361557007
1.5995957851409912
1.6055095195770264
1.6336348056793213
1.6582399606704712
1.742714762687683
0
0
0
0
0
0
0
0
0
0
0
0
0
0
0
0
0
3.0661468505859375
0
0
0
0
0
0
0
0
0
0
0
0
0
0
0
2.7035253047943115
2.679710626602173
2.65423321723938
2.6738996505737305
2.656322479248047
2.6809911727905273
0
0
0
0
0
0
0
0
0
0
0
0
0
0
0
0
0
0
0
0
0
0
0
0
0
0
0
0
0
0
0
0
0
0
0
3.1330244541168213
3.0309736728668213
2.9969632625579834
2.991091728210449
2.9937074184417725
3.0238912105560303
3.1333773136138916
0
0
0
0
0
1.7228584289550781
1.719050645828247
0
0
