2.5855085849761963
2.5893476009368896
2.5802628993988037
2.5816519260406494
2.623297929763794
0
0
0
0
0
0
0
0
0
0
0
0
0
0
0
0
0
0
0
0
2.6357362270355225
2.5973031520843506
2.5735466480255127
2.569781541824341
2.5560386180877686
2.6006052494049072
2.6631157398223877
0
0
0
0
0
0
0
0
0
0
0
0
0
0
1.457515835762024
1.3807076215744019
1.3524290323257446
1.334840178489685
1.33612859249115
1.327478051185608
1.3272802829742432
1.3208800554275513
1.3445957899093628
1.3415985107421875
1.3394705057144165
1.3861626386642456
1.4209678173065186
0
0
0
0
0
0
0
0
0
0
2.849423885345459
2.767686367034912
2.7326440811157227
2.7140848636627197
2.719856023788452
2.7606117725372314
2.8231639862060547
0
0
0
0
0
0
0
0
0
0
0
0
0
0
0
0
0
0
0
0
0
0
2.5296988487243652
2.452514886856079
2.4300479888916016
2.409703254699707
2.418353319168091
2.4261181354522705
2.4759538173675537
0.948270857334137
0.8994070291519165
0.8624552488327026
0.8551740646362305
0.8471771478652954
0.8414897322654724
0.8318759202957153
0.8180252909660339
0.8387828469276428
0.8196820616722107
0.8319664597511292
0.8337029218673706
0.829943060874939
0.8442729115486145
0.8451435565948486
0.8534619808197021
0.8468524217605591
0.8910709619522095
0.9057998657226562
2.780790090560913
0
0
0
0
0
0
0
0
0
0
0
0
0
0
0
0
0
0
0
0
0
0
0
2.329921007156372
2.257805109024048
2.2420408725738525
2.255357265472412
2.2554783821105957
2.254711151123047
2.289367437362671
0
0
0
0
0
0
0
0
0
0
0
0
0
0
0
0
0
0
0
0
0
0
0
0
0
0
0
0
0
0
0
0
0
0
0
0
0
0
0
0
0
0
0
0
0
0
0
0
0
0
0
0
0
0
0
0
0
0
0
0
0
0
0
0
0
0
0
0
0
0
0
0
0
0
0
0
0
0
0
0
0
0
0
0
0
0
0
0
0
0
0
0
0
0
0
0
0
0
0
0
0
0
0
0
0
0
0
0
0
0
0
0
0
0
0
0
0
0
0
0
0
0
0
0
0
0
0
0
0
0
0
0
0
0
0
0
0
0
0
0
0
0
0
0
0
0
0
0
0
0
0
0
0
0
0
0
0
0
0
0
0
0
0
0
0
0
0
0
0
0
0
0
0
0
0
0
0
0
0
3.1462600231170654
3.0622384548187256
3.0587000846862793
3.0342373847961426
3.0344533920288086
3.0762031078338623
0
0
0
0
0
0
0
0
0
0
0
0
0
0
0
0
0
2.7084109783172607
2.608879804611206
2.588056802749634
