2.3225302696228027
2.3494529724121094
0
0
0
0
0
0
0
0
0
0
0
0
0
0
0
0
0
0
0
2.371941328048706
2.337419033050537
2.315505027770996
2.3061370849609375
2.331620693206787
2.345423460006714
2.3848366737365723
0
0
0
0
0
0
3.439136028289795
3.40487003326416
3.4236905574798584
3.4609687328338623
0
0
0
0
0
0
0
0
0
0
0
0
0
0
0
0
0
1.6228481531143188
1.622215747833252
1.5743820667266846
1.5935622453689575
1.5768214464187622
1.569048523902893
1.5652542114257812
1.5883681774139404
1.6025447845458984
1.651181697845459
0
0
0
0
0
0
0
0
0
0
0
0
0
0
0
0
0
0
0
0
0
0
0
0
0
0
0
0
0
0
0
0
0
0
0
0
0
0
0
0
0
0
0
2.2973151206970215
2.251013994216919
2.212740182876587
2.2057688236236572
2.2171719074249268
2.2062292098999023
2.2308390140533447
2.263488531112671
0
0
0
0
0
0
0
0
0
0
0
0
0
0
0
0
0
0
0
0
0
0.7232429385185242
0.6709207892417908
0.6577097177505493
0.622200071811676
0.6208903789520264
0.6144934892654419
0.6252225637435913
0.6114159226417542
0.595980167388916
0.5930534601211548
0.5971426367759705
0.599898636341095
0.6014131307601929
0.5886771082878113
0.5947292447090149
0.5809189677238464
0.5963810086250305
0.5941146612167358
0.6121602654457092
0.6317493319511414
0.6332447528839111
0.6566101312637329
0.6715959906578064
0.6920337080955505
0.7222992777824402
0
0
0
0
0
0
0
0
0
0
0
0
0
0
0
0
0
0
0
0
0
0
0
0
0
0
0
0
0
0
0
0
0
0
0
0
0
0
0
0
0
0
0
0
0
0
0
0
0
0
0
0
0
0
0
0
0
0
0
0
0
0
0
0
0
0
0
0
0
0
0
0
0
0
0
0
0
0
0
0
0
0
0
0
0
0
0
0
0
0
0
0
0
0
0
0
0
0
0
0
0
0
0
0
0
0
0
1.8696938753128052
1.8640412092208862
1.8228776454925537
1.8116815090179443
1.8260399103164673
1.829624056816101
1.840741753578186
1.8542848825454712
1.9205296039581299
0
0
0
0
0
0
0
0
0
0
0
0
0
0
0
0
0
0
0
0
0
0
0
0
0
0
0
0
0
0
0
0
0
0
0
0
0
0
0
0
0
0
0
0
0.8876463770866394
0.8545708656311035
0.8292942047119141
0.8389351963996887
0.7936719655990601
0.8057411313056946
0.8017710447311401
0.8064548969268799
0.804125964641571
0.790077269077301
0.7856833934783936
0.794156551361084
0.8090397715568542
0.7788056135177612
0.8265271782875061
0.8438199162483215
0.8418253064155579
0.8731473088264465
0.9080663323402405
0
0
0
0
0
0
0
0
0
0
0
0
0
2.362384557723999
2.3113889694213867
2.2990853786468506
2.296496868133545
2.315525770187378
2.313204050064087
