0
0
0
0
0
0.9498320817947388
0.8964723348617554
0.8766381740570068
0.8562506437301636
0.8355710506439209
0.8428661823272705
0.8132867813110352
0.8240952491760254
0.8125863075256348
0.8008618950843811
0.8207185864448547
0.8246110677719116
0.8208291530609131
0.8238235712051392
0.8571064472198486
0.8456783890724182
0.8315903544425964
0.8733441233634949
0.8914235234260559
0
0
0
0
0
0
0
0
0
0
0
0
0
0
0
0
0
0
0
0
0
0
0
0
0
0
0
0
0
0
0
0
0
0
0
0
0
0
0
0
0
0
0
0
0
0
0
0
0
0
0
0
0
2.414886713027954
2.3660781383514404
2.339099884033203
2.3449127674102783
2.3645081520080566
2.367805004119873
2.411287307739258
3.423405408859253
0
0.8859974145889282
0.8579272031784058
0.8326953649520874
0.8045912981033325
0.796785831451416
0.789260745048523
0.7811956405639648
0.7683493494987488
0.7643216848373413
0.7841139435768127
0.7650878429412842
0.7633500099182129
0.7763371467590332
0.7685027122497559
0.7682275772094727
0.8027438521385193
0.7999248504638672
0.8156834244728088
0.8305367827415466
0.862123966217041
3.1841554641723633
3.1612510681152344
3.1797845363616943
3.2294602394104004
0
0
0
0
0
0
0
0
0
0
2.2618625164031982
0
0
0
0
0
0
0
0
0
0
0
0
0
0
0
0
0
0
0
0
0
0
0
0
0
0
0
0
0
0
0
0
0
0
2.9029335975646973
0
1.038233757019043
1.0360485315322876
1.02927827835083
0
0
0
0
0
0
0
0
0
0
0
0
0
0
0
0
0
0
0
0
0
0
0
0
0
0
0
0
0
2.245440721511841
2.1962625980377197
2.1570708751678467
2.1658356189727783
2.120666742324829
2.143502712249756
2.178058624267578
2.208420515060425
0
0
0
0
0
0
0
0
0
0
0
0
0
0
0
0
0
0
0
0
0
0
3.3256773948669434
3.3968324661254883
3.4295833110809326
3.4921867847442627
0
0
2.993232250213623
3.0303103923797607
3.0825693607330322
3.142941474914551
3.204838275909424
3.2975356578826904
3.2355618476867676
3.1970937252044678
3.1452829837799072
3.0971803665161133
3.0575551986694336
1.483359932899475
1.4420757293701172
1.40458345413208
1.4041751623153687
1.4036219120025635
1.384541630744934
1.3866733312606812
1.3937897682189941
1.3997331857681274
1.406274437904358
1.4471591711044312
1.4981472492218018
0
0
0
0
0
0
0
0
0
0
0
0
0
0
0
0
0
0
2.1118834018707275
2.542935609817505
2.514658212661743
2.5032026767730713
2.5351994037628174
2.5074968338012695
2.51611328125
2.529376983642578
2.528076648712158
2.532564401626587
2.547337055206299
2.545057535171509
2.5324771404266357
2.543867349624634
2.5625150203704834
2.560397148132324
2.5742220878601074
2.6022090911865234
2.588942050933838
2.61907958984375
2.6464579105377197
2.5493950843811035
2.412747621536255
2.2782838344573975
0
0
0
0
0
0
0
0
0
0
0
0
0
0
0
0
0
0
0
0
0
0
0
0
0
0
0
0
0
0
0
0
0
0
0
0
0
0
0
0
0
0
0
0
0
0
0
0
0
0
1.888364315032959
1.9073021411895752
0
0
0
0
0
0
0
0
0
0
0
0
0
0
0
0
0
0
