1.156972050666809
1.1260607242584229
1.0856547355651855
1.0515758991241455
1.0275593996047974
0.9771209955215454
0.9292609095573425
0.930353045463562
0.9046311378479004
0.8724234104156494
0.8770662546157837
0
3.381664276123047
3.302426338195801
3.2800846099853516
3.3054611682891846
3.300492763519287
3.3656301498413086
0
0
0
0
0
0
0
0
0
0
0
0
0
0
0
0
0
0
0
0
0
0
0
0
0
0
0
0
0
3.4175875186920166
3.4079349040985107
3.3807554244995117
3.378807544708252
3.3626530170440674
3.3394248485565186
0
0
0
0
0
0
0
0
0
0
0
0
3.09912371635437
2.994636058807373
2.9758453369140625
1.7676358222961426
1.709770679473877
1.684828281402588
1.662630558013916
1.6594879627227783
1.68937349319458
1.665419101715088
1.7019734382629395
1.7045029401779175
1.756550669670105
0
0
0
0
0.37999364733695984
0.3647207021713257
0.3435034155845642
0.3439651429653168
0.32464200258255005
0.3324574828147888
0.3106043338775635
0.2983075678348541
0.3105669915676117
0.3088590204715729
0.2916678190231323
0.29960522055625916
0.28197428584098816
0.29049035906791687
0.30421173572540283
0.29800790548324585
0.2891463041305542
0.3007805049419403
0.28746381402015686
0.28862810134887695
0.27894413471221924
0.2925408184528351
0.2857968211174011
0.29667359590530396
0.2672876715660095
0.2922498285770416
0.2876605689525604
0.2976592779159546
0.29742035269737244
0.2919062376022339
0.2898852825164795
0.2984274923801422
0.2977249324321747
0.2995297610759735
0.29855796694755554
0.31060150265693665
0.30738571286201477
0.3268582820892334
0.3411642611026764
0.35161107778549194
0.36431026458740234
0.38317281007766724
0
0
1.6826233863830566
1.6496917009353638
1.6109837293624878
1.608892560005188
1.5939894914627075
1.5974645614624023
1.5872935056686401
1.602238416671753
1.6305896043777466
1.6684067249298096
0
0
0
0
0
0
0
0
0
0
0
0
0
0
0
0
0
0
0
0
0
0
0
0
0
0
0
0
0
0
2.5105247497558594
2.287719249725342
2.2182505130767822
2.6199536323547363
1.503078579902649
1.4743053913116455
1.4441355466842651
1.4150898456573486
1.3961511850357056
1.4253413677215576
1.4317028522491455
1.4366694688796997
1.4181947708129883
1.4643141031265259
1.4767608642578125
2.8476755619049072
2.8612136840820312
2.8799095153808594
2.848498821258545
2.7760701179504395
2.683487892150879
2.5930113792419434
2.898953437805176
2.827875852584839
2.744961738586426
2.696096658706665
3.182842969894409
3.2190494537353516
3.2696595191955566
3.319053888320923
3.352047920227051
3.399729013442993
3.4631752967834473
0
0
3.445345163345337
3.3759548664093018
3.3145880699157715
3.278776168823242
0
0
0
0
0
2.795806407928467
2.758173942565918
2.724574565887451
2.734856367111206
2.7577691078186035
2.806577444076538
0
0
0
0
0
1.1075011491775513
1.0726960897445679
1.0380064249038696
1.039367914199829
1.0224567651748657
1.0009092092514038
1.0002408027648926
1.0084141492843628
0.9876060485839844
1.0090328454971313
1.0098567008972168
1.0111935138702393
1.0293036699295044
1.037043809890747
1.068479299545288
1.1384445428848267
2.1354005336761475
2.1270923614501953
2.156975030899048
2.20569109916687
0
0
0
0
0
0
0
0
0
0
0
0
0
0
0
2.3636741638183594
2.2776472568511963
2.285489082336426
2.2301177978515625
2.2529289722442627
2.27097487449646
2.2757680416107178
2.349195718765259
0
0
0
0
0
0
0
0
1.6222178936004639
1.6267211437225342
1.632415533065796
1.6628706455230713
1.6938971281051636
1.6847753524780273
1.7130309343338013
1.7309720516204834
1.7629786729812622
1.7776881456375122
1.809868335723877
1.8143521547317505
1.7756357192993164
1.7394335269927979
1.691858172416687
1.663316011428833
1.6326104402542114
1.5997973680496216
1.5642602443695068
1.5499027967453003
1.547204613685608
1.4997493028640747
1.4734727144241333
1.4357491731643677
1.443091630935669
1.4076429605484009
0.8885695934295654
0.9101328253746033
0.9276672005653381
0.9687679409980774
1.0123528242111206
1.0271077156066895
1.0464223623275757
0.8151116371154785
0.8258394002914429
0.844967782497406
0.8771302103996277
0.9028533101081848
0.9423776865005493
0.9965364336967468
0.9950608015060425
1.061161756515503
1.1265369653701782
1.1838115453720093
1.1685912609100342
1.1583669185638428
1.1437671184539795
1.1394625902175903
1.1353919506072998
1.136804223060608
1.124887228012085
1.138245940208435
1.1235499382019043
1.1180751323699951
1.1203975677490234
1.117300271987915
1.1138858795166016
1.105198860168457
1.1096326112747192
1.1299023628234863
1.1030665636062622
1.0978384017944336
1.1051032543182373
1.1160353422164917
1.1114479303359985
1.111412525177002
1.1099576950073242
1.107994794845581
1.1038423776626587
1.0926676988601685
1.1275256872177124
1.1157091856002808
1.1174370050430298
1.1491918563842773
1.1112511157989502
1.128213882446289
1.1389211416244507
1.1572191715240479
1.1486343145370483
1.150765061378479
1.1677169799804688
1.1652075052261353
1.1688830852508545
1.189527988433838
1.1857523918151855
1.178158164024353
1.2177730798721313
1.1684117317199707
