0
0
0
0
0
0
0
0
0
0
0
0
0
0
0
0
0
0
0
0
0
0
0
0
0
0
0
0
0
0
0
0
0
0
0
0
3.279910087585449
3.2272346019744873
3.2274367809295654
3.233682632446289
3.2471814155578613
0
0
0
0
0
0
0
0
0
0
0
0
0
0
0
0
0
0
0
0
0
0
0
0
0
0
0
0
0
1.7049415111541748
1.646445631980896
1.618405818939209
1.5968387126922607
1.5880647897720337
1.582594633102417
1.5846935510635376
1.6105319261550903
1.6166284084320068
1.6421787738800049
1.6805346012115479
3.2572128772735596
0
0
0
0
0
0
0
0
0
0
0
0
0
0
3.143730401992798
3.0993380546569824
3.0959599018096924
3.0833239555358887
3.1346750259399414
0
0
0
0
0
0
0
0
0
0
0
0
0
0
0
0
0
0
0
0
0
0
0
2.9605133533477783
2.908477783203125
2.890519380569458
2.9047293663024902
2.9212045669555664
2.940768241882324
0
0
0
0
0
0
0
0
0
0
0
0
0
0
0
1.7149386405944824
1.6817775964736938
1.6257128715515137
1.6209911108016968
1.639532446861267
1.6232048273086548
1.6435657739639282
1.6274834871292114
1.640350341796875
1.6845494508743286
3.1634981632232666
3.1439945697784424
3.193551540374756
3.2655534744262695
0
0
0
0
0
0
0
0
3.0416805744171143
3.029775381088257
3.0067672729492188
3.0341057777404785
3.069847345352173
0
0
0
0
0
0
0
0
0
0
0
0
0
0
0
0
0
2.75010347366333
2.7289233207702637
2.717909097671509
2.725092887878418
2.762749195098877
2.8165385723114014
0
0
0
0
0
0
0
0
0
0
0
0
0
0
0
0
0
0
2.7319188117980957
2.703232526779175
2.6371493339538574
2.6458728313446045
0.9816978573799133
0.9425581693649292
0.9069528579711914
0.920809268951416
0.9090548753738403
0.8865078687667847
0.8787459135055542
0.8856279253959656
0.8814864158630371
0.9019284248352051
0.8892772793769836
0.8791849613189697
0.8987937569618225
0.8867946267127991
0.9162062406539917
0.9476979970932007
0.9566377997398376
0
0
0
0
0
0
0
0
0
0
0
0
0
0
0
0
0
0
0
0
0
0
0
0
0
0
0
0
0
2.327371120452881
2.266486406326294
2.2593531608581543
2.230299472808838
2.2309162616729736
2.226973056793213
2.2702863216400146
2.342440128326416
0
0
0
0
0
0
3.403343439102173
3.360112428665161
3.3168673515319824
3.3229687213897705
3.342491865158081
3.4299683570861816
0
0
0
0
0
0
0
0
0
0
0
0
0
0
0
3.2787156105041504
3.2192654609680176
3.222628116607666
3.205012559890747
2.1634738445281982
2.074448823928833
2.042783737182617
2.0175461769104004
2.019899606704712
2.0179030895233154
2.0245845317840576
2.0459723472595215
2.0971994400024414
0
0
0
0
0
0
0
0
0
0
0
0
0
0
0
0
0
0
0
0
0
0
0
0
0
0
0.8532805442810059
0.8257668614387512
0.7828899621963501
0.7748562097549438
0.7331746220588684
0.7273904085159302
0.7305541038513184
0.723488450050354
0.7320728898048401
0.7364246845245361
0.7192432880401611
0.7241637706756592
0.7309556603431702
0.7279670238494873
0.7166595458984375
0.7403982281684875
0.7417983412742615
0.7554555535316467
0.7557761669158936
0.7819283604621887
0.801177978515625
0
0
