0
0
0
0
0
0
0
0
0
0
0
0
0
0
0
0
0
0
0
0
0
0
0
0
0
0
0
0
0
0
0
0
3.4905731678009033
3.4397687911987305
3.4546337127685547
3.455543279647827
0
0
0
0
0
3.193025588989258
3.143268346786499
3.170029401779175
3.1719906330108643
3.2128522396087646
0
0
0
0
0
0
0
0
0
0
0
0
0
0.5892571806907654
0.5647276043891907
0.5881226658821106
0.5696818828582764
0.5793461799621582
0.6002035737037659
0
0
0
2.2320828437805176
2.1778628826141357
2.1697349548339844
2.155471086502075
2.1613478660583496
2.1734769344329834
2.2098584175109863
2.251950263977051
3.433410406112671
3.3807871341705322
3.392062187194824
3.3585095405578613
3.3578944206237793
2.614867925643921
2.586472272872925
2.5829100608825684
2.5858120918273926
2.587766170501709
2.607274293899536
3.3352973461151123
3.3320579528808594
3.300490617752075
3.313316822052002
3.320476531982422
0
3.338397979736328
3.3638198375701904
3.3520007133483887
3.3770010471343994
3.3726747035980225
3.3726327419281006
3.3889546394348145
3.4028356075286865
3.425544500350952
3.4319751262664795
3.437039852142334
3.4441208839416504
3.4780642986297607
3.474574327468872
0
0
0
0
0
0
0
0
0
2.348177909851074
2.3071200847625732
2.3083980083465576
2.2992327213287354
2.3001949787139893
2.311798095703125
2.3673746585845947
0
0
2.717193126678467
2.6973013877868652
2.662266731262207
2.6698403358459473
2.6628432273864746
2.698092222213745
3.237441062927246
0
0
0
0
0
0
0
0
0
0
0
0
0
0
0
0
0
0
3.0495522022247314
0
0
0
0
0
0
0
0
0
0
0
0
0
0
0
0
0
0
0
0
0
0
0
0
0
0
0
0
0
0
0
0
0
0
0
0
0
0
0
0
0
0
0
0
0
0
0
0
0
2.8209121227264404
2.7670695781707764
2.751669406890869
2.7494494915008545
2.77052903175354
2.8272242546081543
0
0
0
0
1.8664767742156982
1.786191463470459
1.7489228248596191
1.7287389039993286
1.7067334651947021
1.7176467180252075
1.7348344326019287
1.722076416015625
1.7618775367736816
1.8031455278396606
3.4158265590667725
3.404590368270874
3.486701488494873
0
0
0
0
0
0
0
0
0
1.0788599252700806
1.008141279220581
0.9838201403617859
0.9848949909210205
0.9769912958145142
0.9407882690429688
0.9753519296646118
0.9389134049415588
0.9753524661064148
0.9625529050827026
0.9448454976081848
0.9638285636901855
0.9683480262756348
0.9652408957481384
1.0035730600357056
1.0330132246017456
1.0536161661148071
0
0
0
0
0
0
0
0
0
2.5079479217529297
2.4785141944885254
2.4830684661865234
2.463968276977539
2.4561736583709717
2.4798920154571533
2.5376410484313965
0
0
0
0
0
0
0
0
0
0
0
0
0
0
0
0
0
0
0
2.681018590927124
2.6632258892059326
2.6207151412963867
2.632009267807007
2.655104398727417
2.66367506980896
2.728792905807495
0
0
0
0
0
0
0
0
0
0
0
0
0
0
0
0
0
0
0
0
0
1.575892448425293
1.5356329679489136
1.515304446220398
1.5102016925811768
1.4854397773742676
1.4999922513961792
1.488744854927063
1.4893081188201904
1.4894087314605713
1.5180786848068237
1.5689326524734497
2.9021148681640625
2.9235639572143555
0
0
0
0
0
0
0
0
0
0
0
0
0
0
0
0
0
0
0
0
0
0
0
0
0
0
0
0
0
0
0
0
0
0
0
