1.3275495767593384
1.290055274963379
1.2771512269973755
1.2527872323989868
1.238297462463379
1.2140706777572632
1.2003880739212036
1.176376223564148
0.65870600938797
0.6561508178710938
0.677424967288971
0.6975424289703369
0.6955010890960693
0.7192442417144775
0.7218860983848572
0.7655137777328491
0.7750529050827026
0.8141971230506897
0.8367191553115845
0.877675473690033
0.9020782709121704
0.9436083436012268
0.9816527962684631
2.667501449584961
2.6794025897979736
2.671293020248413
2.6775829792022705
2.6865057945251465
2.7004024982452393
2.7074332237243652
2.7143120765686035
2.732433319091797
2.7316434383392334
2.7537355422973633
2.7871360778808594
2.758741855621338
2.777881622314453
2.7889697551727295
2.8133296966552734
2.7583603858947754
2.6555793285369873
2.526742935180664
2.4606175422668457
2.6103765964508057
2.5234436988830566
2.9684605598449707
2.9901440143585205
3.0131516456604004
3.067190647125244
3.0813915729522705
3.1257567405700684
3.1539554595947266
3.189236879348755
3.222442626953125
3.252129316329956
3.3216755390167236
3.2818939685821533
3.1925864219665527
3.1267447471618652
3.075828790664673
3.023125171661377
3.166221857070923
3.1347615718841553
3.053980827331543
0
0
0
0
0
0
0
0
0
0
2.066239833831787
1.9826724529266357
1.933575987815857
1.8918131589889526
1.8048291206359863
1.7816081047058105
1.747821569442749
1.7043589353561401
1.6441951990127563
1.6243979930877686
1.618170142173767
1.5583263635635376
1.5291849374771118
1.5070552825927734
1.4843131303787231
1.4554386138916016
1.4619907140731812
1.398493766784668
1.3943730592727661
1.4362913370132446
1.4369248151779175
1.4479798078536987
1.521391749382019
1.5428466796875
1.565403699874878
1.600701093673706
1.6507813930511475
1.714194416999817
3.04742169380188
3.05430269241333
3.0524251461029053
3.043963670730591
3.045987844467163
3.042173147201538
3.0301523208618164
3.04927134513855
3.0220632553100586
3.053886890411377
3.0450448989868164
3.054516553878784
3.0572783946990967
2.7008578777313232
3.191861391067505
3.213221311569214
2.884666919708252
2.65032958984375
3.0556886196136475
3.0551977157592773
3.0742344856262207
3.085916519165039
3.1150882244110107
3.1122794151306152
3.137566566467285
3.164097785949707
3.176359176635742
3.1885781288146973
3.232598304748535
3.271453857421875
3.2593302726745605
3.3019587993621826
3.203278064727783
3.0792434215545654
2.9863317012786865
0
0
0
0
0
0
0
0
0
0
0
0
0
0
0
2.3898799419403076
2.37884783744812
2.3678321838378906
2.369379758834839
2.3391497135162354
2.354004383087158
2.3588929176330566
2.3414483070373535
2.33711838722229
2.325126886367798
2.322267770767212
2.7844178676605225
0
0
0
0
0
0
0
0
0
0
0
0
0
0
0
0
0
0
0
0
0
0
0
0
0
0
0
0
0
0
0
0.4858599901199341
0.49240022897720337
0.48588988184928894
0.4775545001029968
0.4829150438308716
0.48036661744117737
0.4756649136543274
0.48069655895233154
0.4784734845161438
0.4805487394332886
0.4971036911010742
0.49415266513824463
0.5011324882507324
0.4856460690498352
0.492514044046402
0.5045660138130188
0.5032177567481995
0.49674972891807556
0.5075761079788208
0.5087716579437256
0.5026628971099854
0.5266819000244141
0.5099131464958191
0.5185465216636658
0.5139746069908142
0.5230584144592285
0.5214962363243103
0.5390448570251465
0.5496923923492432
0.5428830981254578
0.5310101509094238
0.5442609786987305
0.5520480871200562
0.5680347681045532
0.560059130191803
0.5718221068382263
0.5715804696083069
0.5723999738693237
0.5679840445518494
0.5975165963172913
0.6039721369743347
0.7540507316589355
0.740209698677063
0.7466180920600891
0.7104350924491882
0.6816942691802979
0.691085159778595
0.6792457103729248
0.6841495633125305
0.6675029397010803
0.6833851337432861
0.4318384826183319
0.4420856237411499
0.4303736388683319
0.41301336884498596
0.43221235275268555
0.4173625707626343
0.3856561481952667
0.3788513243198395
0.3902885913848877
0.38022834062576294
0.39548125863075256
0.36392781138420105
0.37780117988586426
0.37803763151168823
0.37068185210227966
0.356267511844635
0.36293476819992065
0.3490828573703766
0.3688775897026062
0.34370872378349304
0.3494517505168915
0.3535442054271698
0.3497537672519684
0.3383176922798157
0.3221515715122223
0.3329830765724182
0.32785192131996155
0.3278300166130066
0.32780513167381287
0.31871119141578674
0.34823691844940186
0.30799224972724915
0.31514450907707214
0.3300473988056183
0.33323395252227783
0.32649317383766174
0.3227076530456543
0.3223939538002014
0.32233545184135437
0.3190962076187134
0.31744298338890076
0.3193829655647278
0.32828450202941895
0.31241485476493835
0.33021998405456543
0.32288864254951477
0.306898295879364
0.31757211685180664
0.32844382524490356
0.3046288788318634
0.3388972580432892
0.32877296209335327
0.32381290197372437
0.34745198488235474
0.3219570219516754
0.3494151532649994
0.33209851384162903
0.33745503425598145
0.3553664982318878
0.3423204720020294
0.3362962305545807
0.3505989909172058
0.33217862248420715
0.34368839859962463
0.3502594232559204
0.3438550531864166
0.357619971036911
0.35371655225753784
0
0
0
0
0
0
0
0
2.750807046890259
0
0
0
0
0
0
0
0
0
0
0
0
0
0
1.4151147603988647
1.401731014251709
1.4114183187484741
1.415526270866394
1.4297096729278564
1.4408155679702759
1.4576363563537598
1.4544621706008911
1.4913214445114136
1.5166754722595215
1.5266058444976807
1.521734595298767
1.5556889772415161
1.55978524684906
1.5690721273422241
1.540608525276184
1.5045061111450195
1.477313756942749
1.4464260339736938
1.4140678644180298
1.389372706413269
1.347196340560913
1.3426247835159302
