0
0
0
0
0
0
0
0
0
0
0
0
0
0
0
0
0
0
0
0
0
0
0
0
0
0
0
0
0
0
0
0
0
0
0
0
0
0
0
0
0
0
0
0
0
0
0
0
0
0
0
0
0
0
0
0
0
0
0
0
0
0
0
0
0
0
0
0
0
0
0
0
0
0
0
0
0
0
0
0
0
0
0
0
0
0
0
0
0
0
0
0
0
0
0
0
0
0
0
0
0
0
0
0
0
0
0
0
0
0
0
0
0
0
0
0
0
0
0
0
0
0
0
0
0
0
0
0
0
0
0
0
0
0
0
0
0
0
0
0
0
0
0
0
0.8541260361671448
0.7966470122337341
0.7818311452865601
0.7652711868286133
0.7687077522277832
0.7507990002632141
0.7443649768829346
0.7237501740455627
0.7190797328948975
0.7202567458152771
0.7282834649085999
0.7310840487480164
0.7438980937004089
0.719120979309082
0.736809253692627
0.7450128197669983
0.7525363564491272
0.756871223449707
0.7926309108734131
0.7783957719802856
0.8417050242424011
0
0
0
0
0
0
1.4577534198760986
1.4135406017303467
1.3930529356002808
1.3754143714904785
1.336808443069458
1.3093194961547852
1.301459550857544
1.2751332521438599
1.2515997886657715
1.2391459941864014
1.2100987434387207
1.199982762336731
1.1771363019943237
1.1856263875961304
1.1624001264572144
1.142569899559021
1.1357802152633667
1.1037596464157104
1.0922166109085083
1.0888868570327759
1.066820740699768
1.0696265697479248
1.0458656549453735
1.0302553176879883
1.0459012985229492
1.0079666376113892
1.0289984941482544
1.0087828636169434
1.0083160400390625
0.9842203259468079
0.9899105429649353
0.9973244667053223
0.985839307308197
0.9621816277503967
0.9628154039382935
0.9499459862709045
0.9636953473091125
0.9580743312835693
0.9353490471839905
0.9298079609870911
0.9358159899711609
0.9420018792152405
1.0465608835220337
1.197138786315918
1.3929259777069092
1.644802212715149
0
0
0
0
0
0
0
0
0
0
0
0
0
1.9408624172210693
1.876394271850586
1.855165958404541
1.8252185583114624
1.8327630758285522
1.8196167945861816
1.8285202980041504
1.8391857147216797
1.8843868970870972
1.9886337518692017
0
0
0
0
0
0
0
0
0
0
0
0
0
0
0
0
0
0
0
0
0
0
0
0
0
3.31683087348938
3.2670204639434814
3.2864887714385986
3.271007537841797
3.297534227371216
0
0
0
0
0
0
0
0
0
0
0
0
0
0
0
0
0
0
0
0
0
0
0
0
0
0
0
0
0
0
0
0
0
0
0
0
0
0
1.5822538137435913
1.5273816585540771
1.4982085227966309
1.472762107849121
1.4557416439056396
1.4580026865005493
1.4604721069335938
1.4665303230285645
1.4798082113265991
1.5077807903289795
1.52786386013031
1.5695658922195435
0
0
0
0
0
0
0
0
0
0
0
0
0
0
0
0
0
0
0
0
0
0
0
0
0
0
0
0
0
0
0
0
0
0
0
0
0
0
0
0
