1.1221061944961548
1.1286221742630005
1.1542656421661377
1.6787632703781128
0
0
0
0
1.4442284107208252
1.3984127044677734
1.3916401863098145
1.3825972080230713
1.3979065418243408
1.3712201118469238
1.3606467247009277
1.3595460653305054
1.3694148063659668
1.396669626235962
1.4122061729431152
1.4300223588943481
0
0
0
0
0
0
0
0
0
0
0
0
0
0
0
0
0
0
0
0
0
0
0
0
0
0
0
0
0
0
0
0
0
0
0
0
0
0
0
0
0
0
0
0
0
0
0
0
0
0
0
0
0
0
0
0
0
0
0
0
0
0
0
0
0
1.3483697175979614
1.2878456115722656
1.2847455739974976
1.2572259902954102
1.2348549365997314
1.268846035003662
1.2475624084472656
1.2488726377487183
1.2684838771820068
1.2681342363357544
1.2900217771530151
1.3106027841567993
1.3720399141311646
1.8573544025421143
1.8618661165237427
1.8991223573684692
1.9554539918899536
1.0459765195846558
0.9918256402015686
0.978208601474762
0.9440135955810547
0.9440894722938538
0.9569360017776489
0.9297602772712708
0.9365694522857666
0.9165612459182739
0.9284330010414124
0.9405936598777771
0.9344757199287415
0.938720703125
0.9644416570663452
0.962685227394104
0.9948067665100098
1.0390334129333496
0
0
0
0
0
0
0
0
0
0
0
0
0
0
0
0
0
0
0
0
0
0
2.292975425720215
2.2511253356933594
2.2430167198181152
2.2264187335968018
2.2237629890441895
2.2521941661834717
2.291590690612793
0
0
2.7964069843292236
2.762171506881714
2.746558904647827
2.7452900409698486
2.2681477069854736
2.215369939804077
2.2095701694488525
2.2104926109313965
2.2028510570526123
2.2000064849853516
2.2336080074310303
2.3210489749908447
0
0
0
0
0
0
0
0
0
0
0
0
0
0
0
0
0
0
0
0
0
0
0
0
0
0
0
0
0
0
0
0
0
0
0
2.325481653213501
2.3124194145202637
2.266519546508789
2.2576944828033447
2.297454833984375
2.319135904312134
2.3392868041992188
1.951442837715149
1.851241946220398
1.8295449018478394
1.8295247554779053
1.810014009475708
1.8152772188186646
1.8317890167236328
1.8346060514450073
1.8648210763931274
0
2.318786144256592
2.2916150093078613
2.256002187728882
2.2408554553985596
2.265800714492798
2.264958620071411
2.330699920654297
0
0
0
0
0
0
0
0
0
0
0
0
0
0
0
0
0
0
3.442403554916382
3.3805482387542725
3.3722896575927734
3.404644250869751
3.4342432022094727
0
0
0
0
3.018442392349243
2.9989404678344727
2.9707694053649902
2.9874699115753174
3.0088534355163574
0
0
0
0
2.6548900604248047
2.6452443599700928
2.6076126098632812
2.5998589992523193
2.6246461868286133
2.6329193115234375
0
0
0
2.330610990524292
2.292607307434082
2.2454771995544434
2.2228784561157227
2.2303659915924072
2.2522902488708496
2.278268575668335
2.330960512161255
0
0
0
0
0
0
0
0
0
0
0
0
0
0
0
0
0
0
0
0
0
0
0
0
0
0
0
0
0
0
0
0
0
0
0
0
0
0
0
0
0
0
0
0
0
0
0
0
0
0
0
0
0
0
0
0
0
0
0
0
0
0
0
0
0
0
0
0
0
0
0
0
0
1.2289623022079468
1.1677242517471313
1.12954843044281
1.1185832023620605
1.0805667638778687
1.099427342414856
1.097690463066101
1.0810893774032593
1.0884534120559692
1.084878921508789
1.077056884765625
1.0949355363845825
1.1172354221343994
