0.5275484323501587
0.5126272439956665
0.5222309231758118
0.5181668400764465
0.49836036562919617
0.5071035623550415
0.5029968619346619
0.48026683926582336
0.48976701498031616
0.48799416422843933
0.502116322517395
0.5005602836608887
0.5061264634132385
0.4776824712753296
0.4775805175304413
0.48873990774154663
0.4782752990722656
0.4687464237213135
0.4795076549053192
0.47929999232292175
0.4721275568008423
0.4685772955417633
0.47676345705986023
0.4755130410194397
0.4872494339942932
1.1866077184677124
1.1535078287124634
1.1300817728042603
1.0886989831924438
1.054323434829712
1.0248663425445557
1.0045579671859741
0.9652155041694641
0.945260226726532
0.9165078997612
0.9153123497962952
0.8941348195075989
0.8765907287597656
0.8613071441650391
0.8397284150123596
0.858924388885498
0.8103907108306885
0.8039750456809998
0.7999354600906372
0.7629700899124146
0.7626923322677612
0.7429713010787964
0.7269270420074463
0.7339521050453186
0.7495983839035034
0.7141913771629333
0.6961049437522888
0.6993414163589478
0.6996631026268005
0.6847771406173706
0.6665260195732117
0.6614905595779419
0.6749206185340881
0.6615457534790039
0.658086895942688
0.6387813091278076
0.6235679984092712
0.631443202495575
0.6043728590011597
0.6275165677070618
0.6050076484680176
0.6318987607955933
0.6024757027626038
0.5998809933662415
0.6054772734642029
0.5971310138702393
0.6094505190849304
0.6014101505279541
0.5864818096160889
0.5642122626304626
0.5962433218955994
0.5786774754524231
0.5877935886383057
0.571580171585083
0.5679597854614258
0.5880197882652283
0.5728054642677307
0.5683448910713196
0.5583499670028687
0.5691267848014832
0.5824699401855469
0.5924926996231079
0.5750221014022827
0.5631926655769348
0.5888960957527161
0.5797417163848877
0.5830432176589966
0.5793886780738831
0.5810546875
0.5760965943336487
0.6049559712409973
0.5893160104751587
0.5868615508079529
0.591468334197998
0.5948811173439026
0.6062197089195251
0.5961906313896179
0.6033769249916077
0.6071537733078003
0.6004072427749634
0.6189255714416504
0.6201135516166687
0.6370054483413696
0.618913471698761
0.636161744594574
0.6453622579574585
0.6310603022575378
0.6520804762840271
0.6720406413078308
0.6590214967727661
0.6586819291114807
0.6691406965255737
0.686098575592041
0.6718355417251587
0.6907658576965332
0.7030279636383057
0.6973269581794739
0.7204205989837646
0.7239273190498352
0.7394779324531555
0.7654237151145935
0.7541355490684509
0.7729860544204712
0.7708445191383362
0.793755829334259
0.804292619228363
0.8259186744689941
0.8242421746253967
0.839946985244751
0.8467847108840942
0.8773247599601746
0.9134194850921631
0.924708902835846
0.9398754239082336
0.9740126729011536
0.9790185689926147
1.0159270763397217
1.0451679229736328
1.0663772821426392
1.078606367111206
1.1186429262161255
1.1498699188232422
1.1986905336380005
1.220932960510254
1.2972618341445923
1.3326311111450195
1.3918918371200562
1.42330801486969
1.484510064125061
1.5543828010559082
1.6343436241149902
1.6958556175231934
1.807571530342102
1.8859343528747559
0
0
0
0
0
0
0
0
0
0
0
0
0
0
0
0
0
0
0
2.2561099529266357
2.2323639392852783
2.1967904567718506
2.211055278778076
2.187347412109375
2.2017338275909424
2.247340202331543
2.3228867053985596
0
0
0
0
0
0
0
0
0
0
0
0
0
0
0
0
0
0
0
0
0
0
2.748311996459961
2.6898274421691895
2.695082664489746
2.693936347961426
2.7108943462371826
2.736504316329956
0
0
0
0
0
0
0
0
0.6782345771789551
0.6383422017097473
0.611565351486206
0.6071844100952148
0.5864829421043396
0.5864903330802917
0.5896070599555969
0.5617805123329163
0.5392561554908752
0.5485968589782715
0.5720914602279663
0.5630770921707153
0.5503371953964233
0.5629737377166748
0.5598034262657166
0.5433353185653687
0.5582107305526733
0.5679664015769958
0.5799791812896729
0.5790808796882629
0.5862689018249512
0.5738958120346069
0.5979942679405212
0.6319011449813843
0.6364920139312744
0.6718609929084778
1.8378627300262451
1.8244835138320923
1.8132573366165161
1.8032056093215942
1.7927707433700562
1.8075727224349976
1.8313199281692505
1.8599061965942383
0
0
0
0
0
0
0
0
0
0
0
0
0
0
0
0
0
0
3.177414655685425
3.1438546180725098
3.1119697093963623
3.112401008605957
3.162398099899292
3.2343859672546387
0
0
0
0
0
0
0
0
0
0
0
0
0
0
0
0
0
0
0
0
0
0
0
0
0
2.5535216331481934
2.3183276653289795
2.159972667694092
1.9786795377731323
1.857431411743164
1.720117449760437
1.6386646032333374
1.5513648986816406
1.4778984785079956
1.3783702850341797
1.3305364847183228
1.2723885774612427
1.2201128005981445
1.1650002002716064
1.1198482513427734
1.107544183731079
1.0517463684082031
1.0048928260803223
0.9638844132423401
0.9447706937789917
0.926152765750885
0.8917105793952942
0.8731374144554138
0.850919246673584
0.8368875980377197
0.8114693760871887
0.8040014505386353
0.767943799495697
0.7464489936828613
0.7418941855430603
0.7151632905006409
0.7143341898918152
0.697900652885437
0.6856274008750916
0.6686958074569702
0.6645186543464661
0.6334677934646606
0.6421397924423218
0.6134194731712341
0.6008790135383606
0.6018136143684387
0.6111801266670227
0.5883172750473022
0.5841202139854431
0.5858398675918579
0.564307689666748
0.5723268985748291
0.5577542781829834
0.5469369292259216
0.5481523871421814
0.551513671875
0.5302875638008118
0.5327340364456177
0.5165854692459106
0.5170099139213562
