0
0
0
0
0
0
0
0
0
0
0
0
0
0
0
0
0
0
0
0
0
1.909870982170105
1.8903024196624756
0
0
0
0
0
0
0
0
0
0
0
0
0
0
3.466038227081299
0
0
0
0
0
0
0
0
0
0
0
0
0
0
0
0
0
0
0
0
0
0
0
0
0
0
0
0
1.12529456615448
1.0887197256088257
1.0722136497497559
1.0654573440551758
1.0677635669708252
1.0487490892410278
1.0473554134368896
1.0583540201187134
1.036763310432434
1.068664312362671
1.0666238069534302
1.0827853679656982
1.1021368503570557
1.107275366783142
1.15757417678833
0
0
0
0
0
0
0
0
0
3.379161834716797
3.327119827270508
3.3267006874084473
3.3271448612213135
3.3765175342559814
0
0
0
0
0
0
0
0
0
0
0
0
0
0
0
0
0
0
0
0
0
0
0
0
1.485364556312561
1.455028772354126
1.4188085794448853
1.4168270826339722
1.3974353075027466
1.404306411743164
1.3943012952804565
1.4110227823257446
1.4003429412841797
1.4313193559646606
1.4438456296920776
1.506789207458496
0
0
0
0
0
0
0
0
0
0
2.622358560562134
0
0
0
0
0
0
0
0
0
0
0
0
0
0
0
0
0
0
0
0
0
0
0
0
0
0
0
0
0
0
0
0
0
0
0
0
2.3349111080169678
2.261035203933716
2.264899492263794
2.213320255279541
2.227508783340454
2.2457408905029297
2.257997751235962
2.3289999961853027
0
0
0
0
0
0
0
0
0
0
0
0
0
0
0
0
0
0
0
0
0
0
0
0
0
0
0
0
0
0
0
0
0
0
0
0
0
0
0
0
0
0
0
0
0
0
0
0
2.2282090187072754
2.140718460083008
2.1507463455200195
2.1174631118774414
2.119321823120117
2.156794309616089
2.151927947998047
2.2203025817871094
0
0
0
0
0
0
0
0
0
0
0
0
0
0
0
0
0
0
0
0
0
0
0
0
0
0
0
0
0
0
0
0
0
0
0
0
0
0
0
0
0
0
0
0
0
0
0
0
0
0
0
0
0
0
0
0
0
0
0
1.682960867881775
1.6305418014526367
1.6169828176498413
1.5886030197143555
1.5803848505020142
1.5841902494430542
1.5754469633102417
1.5799018144607544
1.5994948148727417
0.7271218299865723
0.6902611255645752
0.6669103503227234
0.6291479468345642
0.6411831974983215
0.6200836300849915
0.6087384223937988
0.6050119400024414
0.6078319549560547
0.6033110022544861
0.6154767274856567
0.5997813940048218
0.6023385524749756
0.5817800760269165
0.5765010118484497
0.5857887864112854
0.6120353937149048
0.591458261013031
0.6009809374809265
0.6091846227645874
0.6149122714996338
0.6424957513809204
0.6457304358482361
0.6839061379432678
0.6867387294769287
0
0
0
0
0
0
0
0
0
2.170132875442505
2.0971338748931885
2.070685625076294
2.064077138900757
2.0633492469787598
2.0693137645721436
2.073582649230957
2.118135452270508
2.164278745651245
0
0
0
0
0
0
0
