0.6444039940834045
0.6328575015068054
0.6704511642456055
0.6619105339050293
0.6406939029693604
0.6352394223213196
0.6574144959449768
0.6627985835075378
0.6483360528945923
0.6501790881156921
0.6585733890533447
0.6630474328994751
0.6648855209350586
0.6676514744758606
0.6567457914352417
0.6735443472862244
0.6669188141822815
0.6712665557861328
0.6772974133491516
0.6730320453643799
0.6656878590583801
0.6964406371116638
0.7011779546737671
0.7142751812934875
0.707680344581604
0.7208079099655151
0.7208482027053833
0.7177589535713196
0.738192081451416
0.7513750791549683
0.7350873351097107
0.7293434739112854
0.7241671681404114
0.6800632476806641
0.6737523674964905
0.6478638052940369
0.6478837132453918
0.6080842018127441
0.6074895262718201
0.5701347589492798
0.5777897834777832
0.5742050409317017
0.549277663230896
0.5427478551864624
0.5351314544677734
0.5424484610557556
0.5109701752662659
0.513989269733429
0.4981461465358734
0.49064934253692627
0.49842578172683716
0.4917866587638855
0.4761856198310852
0.475085973739624
0.44730278849601746
0.43953070044517517
0.4318177103996277
0.4910665452480316
0.550177812576294
0.5480942726135254
0.5190533399581909
0.5513725280761719
1.3921624422073364
1.4696038961410522
1.508618712425232
1.5150349140167236
1.4947565793991089
1.4713877439498901
1.4657398462295532
1.465650200843811
1.4489860534667969
1.420050024986267
1.4207401275634766
1.420267105102539
1.4217034578323364
1.4167401790618896
1.4086246490478516
1.3932260274887085
1.3781200647354126
1.3866723775863647
0
0
0
0
0
0
0
0
0
0
0
0
0
0
0
0
0
0
0
0
0
0
0
3.1100635528564453
3.3535656929016113
3.362522840499878
3.348905086517334
3.3486149311065674
3.3437607288360596
3.325486898422241
3.31740403175354
2.099799633026123
2.012495994567871
1.9451087713241577
1.8834762573242188
1.8038796186447144
1.7391247749328613
1.5351464748382568
1.5363855361938477
1.5686532258987427
1.575129508972168
1.6039732694625854
1.6263970136642456
1.6171663999557495
1.6566212177276611
1.6740723848342896
1.7138739824295044
1.7472240924835205
1.7572026252746582
1.7703814506530762
1.7289985418319702
1.672721028327942
1.6553232669830322
1.6182570457458496
1.5913864374160767
1.5598526000976562
1.5534499883651733
1.5259391069412231
1.4912759065628052
1.4840829372406006
1.4714325666427612
1.4358707666397095
1.4162191152572632
1.399449348449707
1.3836588859558105
1.354932427406311
1.3712992668151855
0.8840489387512207
0.8739041090011597
0.9174476861953735
0.9615512490272522
0.9844149947166443
0.9978391528129578
1.0400362014770508
0.7549548745155334
0.7522966265678406
0.7627332806587219
0.7458176016807556
0.7230349183082581
0.7332998514175415
0.7247790098190308
0.7366430163383484
0.7298003435134888
0.734505295753479
0.7279677987098694
0.7189559936523438
0.707359790802002
0.7003365159034729
0.7016576528549194
0.7123258113861084
0.6927942037582397
0.6892353296279907
0.6916975975036621
0.6870834231376648
0.6933743953704834
0.6871870160102844
0.6877318620681763
0.6869760751724243
0.6853022575378418
0.683983325958252
0.6903402209281921
0.6947364807128906
0.6822876334190369
0.7030213475227356
0.6992890238761902
3.3356289863586426
3.27371883392334
0
0
0
0
0
0
0
0
0
0
0
0
0
0
0
0
0
0
0
0
0
0
0
0
0
0
0
0
0
0
3.4543979167938232
3.3792734146118164
3.327418565750122
0
0
0
0
0
0
0
0
0
0
0
0
0
0
0
0
0
0
0
0
0
0
0
0
0
0
0
0
0
0
0
0
0
0
0
0
0
0
0
0
0
0
0
2.101148843765259
2.08708119392395
2.072601318359375
2.0476906299591064
2.036539316177368
2.0146031379699707
1.987297773361206
1.9833720922470093
1.9573032855987549
1.9473845958709717
1.9383550882339478
1.924067497253418
1.9215537309646606
1.890710473060608
1.8807247877120972
1.8622570037841797
1.858183741569519
1.8439644575119019
1.846256971359253
1.823612928390503
1.8126070499420166
1.7953332662582397
1.8042495250701904
1.809985637664795
1.7982597351074219
1.791103482246399
2.0654642581939697
0
0
0
0
0
0.5860114693641663
0.5577040910720825
0.5595993399620056
0.5653840899467468
0.5842954516410828
0.5870680212974548
0.6074085831642151
0.6040143966674805
0.6126385927200317
0.6146780252456665
0.6344479322433472
0.6311434507369995
0.6443588137626648
0.6515832543373108
0.6523327231407166
0.6753798127174377
0.6815827488899231
0.6812669038772583
0.6976004242897034
0.6981456279754639
0.7166494131088257
0.7370150685310364
0.7486556172370911
0.7701643109321594
0.780080258846283
0.7976855039596558
0.8348924517631531
0.82627934217453
0.8021556735038757
0.8072877526283264
0.7924732565879822
0.7760596871376038
0.7537352442741394
0.7673162221908569
0.7695735096931458
0.7441312074661255
0.7398049831390381
0.7381780743598938
0.7361467480659485
0.7203531861305237
0.7146164774894714
0.7069673538208008
0.6963812708854675
0.6870406270027161
0.7048246264457703
0.6871650218963623
0.6826689839363098
0.6913197040557861
0.6812407374382019
0.6655756831169128
0.6561185121536255
0.6653572916984558
0.6532493233680725
0.6448043584823608
0.6448941230773926
0.6472539901733398
0.6453506350517273
0.6535017490386963
0.6628537774085999
0.6632979512214661
0.6501301527023315
0.6502746939659119
0.6530919075012207
0.6539013981819153
0.6551998853683472
