1.641960859298706
1.6142832040786743
1.60067617893219
1.6305654048919678
1.612685203552246
1.6187909841537476
1.6528112888336182
1.693017840385437
0
0
0
1.3405300378799438
1.294719934463501
1.2896372079849243
1.2816838026046753
1.2616864442825317
1.2535374164581299
1.2607394456863403
1.2716648578643799
1.2644761800765991
1.2847129106521606
1.290481686592102
1.3384110927581787
1.3761343955993652
0
0
0
0
0
0
0
1.6372805833816528
1.5958043336868286
1.571220874786377
1.5429662466049194
1.5220813751220703
1.5346730947494507
1.5295625925064087
1.523168683052063
1.5370346307754517
1.5698949098587036
1.6135637760162354
0
0
0
0
0
0
0
0
0
0
0
0
0
0
0
0
0
0
0
0
0
0
0
0
0
0
0
0
0
0
0
0
0
0
0
0
0
0
0
0
0
0
0
0
0
0
0
0
0
0
0
0
0
0
0
0
0
0
0
0
0
0
0
0
0
0
0
0
0
0
0
0
0
0
0
0
0
0
0
0
0
0
0
0
0
0
0
0
0
0
0
0
0
0
0
0
0
0
0
0
0
0
0
0
0
0
0
0
0
0
0
0
0
0
0
0
0
0
0
0
0
0
0
0
0
0
0
0
0
0
0
0
0
0
0
0
0
0
0
0
0
0
0
0
0
0
0
0
0
0
0
0
0
0
0
0
0
0
0
0
0
0
0
0
0
0
0
0
0
0
0
0
0
0
0
0
0
0
0
0
0
0
0
3.0867669582366943
3.027378797531128
3.023665428161621
3.0209665298461914
3.0424461364746094
3.104921340942383
3.491276264190674
1.0912128686904907
1.0349704027175903
1.0267808437347412
1.0053657293319702
0.9882205128669739
0.974764347076416
0.9997305870056152
0.9576104879379272
0.9854181408882141
0.9733523726463318
0.9640040993690491
0.9879018068313599
0.999299943447113
1.0358905792236328
1.0354090929031372
1.036659598350525
0
0
0
0
0
0
0
0
0
0
0
0
0
2.6811726093292236
2.6295242309570312
0.8090251088142395
0.7821485996246338
0.7632694840431213
0.7505685687065125
0.7540391683578491
0.7341867685317993
0.7375161647796631
0.71828693151474
0.7104687690734863
0.718087911605835
0.7266064882278442
0.7175024747848511
0.7128764986991882
0.7325714230537415
0.7278034090995789
0.7310636043548584
0.7328271269798279
0.7405964732170105
0.7604964971542358
0.7836903929710388
0.8303027749061584
1.2083947658538818
1.1901521682739258
1.183931589126587
1.2034152746200562
1.198248267173767
1.2101014852523804
1.2324095964431763
1.2465811967849731
1.287105917930603
0
0
0
0
0
0
0
0
0
0
3.4562385082244873
3.4653139114379883
3.448848247528076
0
0
0
0
0
0
0
0
0
0
0
0
0
0
0
0
0
0
0
0
0
0
0
0
0
0
0
0
0
0
0
0
0
0
0
0
0
0
0
0
0
0
0
0
0
0
0
0
0
0
0
1.6964939832687378
1.6851046085357666
1.6490836143493652
