0
0
0
0
0
0
0
0
0
0
0
0
0
0
0
0
0
0
0
0
0
0
0
0
0
0
0
0
0
0
0
0
0
0
0
0
0
0
0
0
0
0
0
1.7615927457809448
1.7562981843948364
0
0
0
0
0
0
0
0
0
0
0
0
3.2689239978790283
3.222616195678711
3.2408785820007324
3.229116439819336
3.273841142654419
0
0
0
0
0
0
0
3.4924449920654297
0
0
0
0
0
0
0
0
0
0
0
0
0
0
0
0
0
0
0
0
0
2.754209518432617
2.7168545722961426
2.6871702671051025
2.6887152194976807
2.710923671722412
2.745729923248291
3.2529313564300537
3.2456142902374268
3.2721564769744873
3.3219101428985596
2.93999981880188
2.8855981826782227
2.8478047847747803
2.855803966522217
2.870936155319214
2.909491777420044
3.3319830894470215
3.3042898178100586
3.2979178428649902
3.360321521759033
0
0
0
0
0
0
0
0
0
0
0
0
0
0
0
0
2.7597835063934326
0
0
0
0
0
0
0
0
0
0
0
0
0
0
0
0
0
0
0
0
0
0
0
0
0
0
0
0
0
0
0
0
0
0
0
0
0
0
0
0
0
0
0
0
0
0
0
0
0
0
0
0
0
0
0
0
2.4391162395477295
2.4161903858184814
2.393598794937134
2.3849334716796875
2.414886951446533
1.6951442956924438
1.652123212814331
1.5848368406295776
1.5916721820831299
1.5692417621612549
1.5729496479034424
1.5579044818878174
1.57890784740448
1.596754550933838
1.6221879720687866
1.6692209243774414
0
0
0.6065211892127991
0.5595365762710571
0.5622429847717285
0.5546020865440369
0.5256462693214417
0.5106971263885498
0.5208374857902527
0.5225808620452881
0.5095664858818054
0.5219055414199829
0.5032573342323303
0.4944756329059601
0.49979662895202637
0.48724645376205444
0.4892498254776001
0.4969669580459595
0.5076378583908081
0.5097784399986267
0.5184890031814575
0.5145896673202515
0.5213357210159302
0.5207313299179077
0.529931366443634
0.5511049032211304
0.5377013683319092
0.5480943918228149
0.6016363501548767
0
0
0
0
0
0
0
0
0
0
0
0
3.2562572956085205
3.2385189533233643
3.231715679168701
3.2402334213256836
3.307237148284912
0
0
0
0
1.6861897706985474
1.657261848449707
1.6399792432785034
1.6270796060562134
1.6215627193450928
1.614981770515442
1.620045781135559
1.6514182090759277
1.667570948600769
1.6879181861877441
2.982828140258789
2.9774703979492188
2.9542253017425537
2.989841938018799
3.037661075592041
0
0
0
0
0
0
0
0
0
0
0
0
0
0
0
0
0
0
1.9409406185150146
1.8823121786117554
1.8345627784729004
1.8303492069244385
1.8123362064361572
1.828111171722412
1.8345615863800049
1.8566839694976807
1.8799208402633667
1.9407007694244385
0
0
0
0
0
0
0
0
0
0
0
0
0
0
0
0
2.6458535194396973
2.56779408454895
2.5508546829223633
0.47396302223205566
0.45053228735923767
0.39872288703918457
0.4116465747356415
0.4022037386894226
0.38747164607048035
0.38978153467178345
0.3905135989189148
0.3814544677734375
0.3810732066631317
0.3715151250362396
0.38297343254089355
0.3781720995903015
0.3818770945072174
0.3586199879646301
0.37534603476524353
0.36640363931655884
0.3701736330986023
0.3756680190563202
0.3744368851184845
0.37137043476104736
0.3637799024581909
0.3535471558570862
0.36356860399246216
0.3610675632953644
0.3811911940574646
0.3754962682723999
0.3838694393634796
0.372804194688797
0.3987750709056854
0.4103214740753174
0.41513609886169434
0.4192286729812622
0.42976608872413635
0.4438742399215698
2.105031967163086
2.074913501739502
2.1084742546081543
2.100027322769165
2.1109530925750732
2.1348347663879395
2.2308032512664795
0
0
0
0
0
0
