0
0
0
0
0.7213980555534363
0.6761656999588013
0.6672776937484741
0.642751157283783
0.6298666000366211
0.6186482906341553
0.6354169845581055
0.6368939280509949
0.6124153137207031
0.6255621910095215
0.6205195784568787
0.6186774373054504
0.6113671660423279
0.5938718914985657
0.6166704297065735
0.6236084699630737
0.6229770183563232
0.6119334697723389
0.6508724689483643
0.6560034155845642
0.6382899284362793
0.658961296081543
0.6891664862632751
0.7048312425613403
0
0
0
0
0
0
0
0
0
0
0
3.459634304046631
3.4126503467559814
3.3987948894500732
3.4061713218688965
3.435565710067749
0
0
0
2.5325071811676025
2.4672956466674805
2.4655921459198
2.4535646438598633
2.4527628421783447
2.4499590396881104
2.5142626762390137
0
0
0
0
0
0
0
0
0
0
0
0
0
0
1.9125957489013672
1.876284122467041
1.8410385847091675
1.839821696281433
1.8467469215393066
1.8564800024032593
1.8469942808151245
1.873866081237793
1.9210580587387085
0
0
0
0
0
0
0
0
0
0
0
0
0
0
0
0
0
1.7226506471633911
1.6696810722351074
1.6473389863967896
1.6168100833892822
1.6371448040008545
1.62291419506073
1.6367359161376953
1.6360183954238892
1.6343729496002197
1.67788565158844
1.7559564113616943
0
0
0
0
0
0
0
0
0
0
0
0
0
0
0
0
0
0
0
0
0
0
0
0
0
0
0
0
2.2679784297943115
2.2009620666503906
2.1691057682037354
2.155515670776367
2.15895676612854
2.175177812576294
2.187873363494873
2.2238831520080566
0
0
0
0
0
0
0
0
0
0
0
0
0
0
0
0
0
2.2189314365386963
2.1712770462036133
2.118443012237549
2.1022534370422363
2.113396406173706
2.11421799659729
2.153270959854126
0.44627511501312256
0.4251061975955963
0.40529921650886536
0.38142144680023193
0.38067176938056946
0.36425691843032837
0.3542424142360687
0.3615976572036743
0.36815154552459717
0.3362913131713867
0.34190112352371216
0.3588298559188843
0.34504857659339905
0.3398738503456116
0.337281197309494
0.3372459411621094
0.33360862731933594
0.3388429284095764
0.33618971705436707
0.33716925978660583
0.335263729095459
0.34233102202415466
0.3282165229320526
0.332308828830719
0.36090201139450073
0.3460724949836731
0.3624752461910248
0.3536769449710846
0.34665447473526
0.34717974066734314
0.3641262650489807
0.36775150895118713
0.3723035752773285
0.3880693018436432
0.3935073912143707
0.39765357971191406
0.4287453591823578
0
0
0
0
0
0
0
0
0
0
2.426102876663208
2.3671555519104004
2.37931489944458
2.3724205493927
2.3793673515319824
2.4175002574920654
2.4685089588165283
0
0
0
0
0
0
0
0
0
0
0
0
0
0
3.424161195755005
3.3398046493530273
3.310577869415283
3.3135170936584473
3.33577036857605
3.4550118446350098
0
0
0
0
0
0
0
0
1.5259612798690796
1.5120084285736084
1.4765065908432007
1.4635050296783447
1.4631577730178833
1.4775346517562866
1.4795458316802979
1.4878016710281372
1.4770663976669312
1.5058863162994385
1.5736788511276245
0
0
0
2.7814624309539795
2.735470771789551
2.7312309741973877
2.7608706951141357
2.7349443435668945
2.7928216457366943
0
0
0
0
0
0
0
0
0
0
0
0
0
0
0
0
0
0
0
0
0
0
0
0
0
0
0
0
0
0
0
0
0
0
0
0
0
0
0
0
0
0
0
0
0
0
0
0
0
0
0
0
0
0
0
0
0
0
0
0
0
0
0
0
0
0
0
0
0
0
0
0
0
0
0
0
0
0
0
0
0
0
0
0
0
0
0
0
0
0
0
0
0
