0
0
0
0
0
0
0
0
0
0
0
0
0
0
0
0
0
0
0
0
0
0
0
0
0
0
0
0
0
0
0
0
0
0
0
0
0
0
0
0
0
0
0
0
0
0
0
0
0
0
0
0
0
0
0
0
0
0
0
0
0
0
0
0
0
0
0
0
0
0.8926274180412292
0.8657236099243164
0.8537038564682007
0.8482238054275513
0.834359347820282
0.8207962512969971
0.8173370957374573
0.813433051109314
0.8195741176605225
0.8233357667922974
0.8195141553878784
0.8050568699836731
0.8171918988227844
0.8258549571037292
0.8231866955757141
0.846892237663269
0.8549976348876953
0.8875300884246826
0.9209187030792236
0
0
1.3948203325271606
1.346687912940979
1.320906400680542
1.3173906803131104
1.280457615852356
1.3057373762130737
1.289907693862915
1.279078722000122
1.2979711294174194
1.3006043434143066
1.3094218969345093
1.337386965751648
1.3719937801361084
1.8155076503753662
1.8337205648422241
1.84939706325531
1.866580843925476
1.8840924501419067
1.9462708234786987
3.111677646636963
3.1592626571655273
0
0
0
0
0
0
0
0
0
0
0
0
0
0
0
0
0
0
0
0
0
0
0
0
0
0
0
0
0
2.531045913696289
2.47501277923584
2.4448812007904053
2.440014123916626
2.450320243835449
2.4511070251464844
2.5183207988739014
2.950317621231079
2.946789264678955
2.9804153442382812
3.063086748123169
2.2317681312561035
2.2092678546905518
2.200066566467285
2.203930377960205
2.21090030670166
2.223433256149292
2.2575294971466064
2.7302560806274414
2.758302927017212
2.8051891326904297
0
0
2.447695255279541
2.3841590881347656
2.3813118934631348
2.3703579902648926
2.3865036964416504
2.409332275390625
2.4504199028015137
0
0
0
0
0
0
0
0
0
0
0
0
0
0
0
0
0
0
0
0
3.5
3.4956138134002686
3.5
0
0
0
0
0
0
0
0
0
0
0
0
0
0
0
0
0
0
0
0
0
0
0
0
2.133496046066284
2.1047205924987793
2.0872950553894043
2.074167490005493
2.0994579792022705
2.106370687484741
2.1404685974121094
1.6542080640792847
1.6343207359313965
1.6190232038497925
1.600084900856018
1.5908676385879517
1.5964046716690063
1.5978245735168457
1.5973529815673828
1.6157587766647339
1.6662826538085938
2.202387571334839
2.1956279277801514
2.190371513366699
2.2076799869537354
2.268775224685669
0
0
1.8358328342437744
1.7946370840072632
1.7943319082260132
1.7692769765853882
1.7739866971969604
1.7759652137756348
1.77803635597229
1.7937992811203003
1.8462986946105957
0
0
0
0
0
0
0
0
0
0
0
0
0
0
0
0
0
0
0
0
0
0
0
0
0
0
0
0
0
0
0
0
0
0
0
0
0
0
0
0
0
0
0
0
0
0
0
0
0
0
0
0
0
0
0
0
0
0
0
0
0
1.3787822723388672
1.2956044673919678
1.25655996799469
1.2557480335235596
1.2256371974945068
1.246496558189392
1.231415033340454
1.2400025129318237
1.2162984609603882
1.2442336082458496
1.2251503467559814
1.2487130165100098
1.272664189338684
1.3077833652496338
0
0
0
0
0
1.6313313245773315
1.6112034320831299
1.572709321975708
1.564394235610962
1.5461212396621704
1.5545296669006348
1.55989408493042
1.5727427005767822
1.567838430404663
1.625085473060608
1.6669490337371826
0
0
0
0
0
0
0
0
0
0
0
0
0
0
0
0
0
0
0
