0
0
0
0
0
0
0
0
0
0
0
0
0
0
0
0
0
0
0
0
0
0
0
0
0
0
0
0
0
0
0
0
0
0
0
0
0
0
0
0
0
0
0
0
0
0
0
0
0
0
0
0
0
0
0
0
0
0
0
0
0
0
0
0
0
0
0
0
0
0
0
0
0
0
0
0
1.2642431259155273
1.2329808473587036
1.1971696615219116
1.202465534210205
1.1698734760284424
1.208380103111267
1.1691298484802246
1.1779289245605469
1.179984450340271
1.1849559545516968
1.19574773311615
1.2311015129089355
1.2514382600784302
1.317065715789795
0
0
0
0
0
0
0
0
0
3.318863868713379
3.262091875076294
3.220874309539795
3.2312591075897217
3.275545835494995
3.346391201019287
0
0
0
0
0
0
0
0
0
0
0
0
0
0
0
0
0
0
0
0
0
0
0
0
0
0
0
2.566413640975952
2.5396552085876465
2.51619553565979
2.4858789443969727
2.504659414291382
2.5274240970611572
2.5806074142456055
0
0
0
0
0
0
0
0
0
0
0
0
0
0
0
0
0
0
0
0
0
0
0
0
2.7910728454589844
2.718543767929077
2.706883430480957
0.7267391085624695
0.6990034580230713
0.663432240486145
0.6712439656257629
0.662973940372467
0.6508347392082214
0.6542503833770752
0.6467164158821106
0.641127347946167
0.6319066882133484
0.6456528306007385
0.642248809337616
0.6447704434394836
0.6322938799858093
0.622730016708374
0.653286874294281
0.6508506536483765
0.6697843074798584
0.6416164636611938
0.6723127365112305
0.6865692734718323
0.70570307970047
0.7442948222160339
1.8118815422058105
1.8441057205200195
1.887893557548523
0
0
0
0
0
0
2.785111427307129
2.743464946746826
2.7264232635498047
2.731855869293213
2.740180015563965
2.803466796875
0
0
0
0
0
0
0
0
0
0
0
0
0
0
0
0
0
0
0
0
0
0
2.429375648498535
2.3364946842193604
2.3098554611206055
2.3033151626586914
2.2694051265716553
2.302072763442993
2.3199057579040527
2.401864767074585
0
0
0
0
0
0
0
0
0
0
0
0
0
0
0
0
0
0
0
3.4238479137420654
3.375061511993408
3.361219882965088
3.378335475921631
3.421365976333618
0
0
0
0
0
0
0
0
0
0
0
0
0
0
0
0
1.3945403099060059
1.3425153493881226
1.3296339511871338
1.3402609825134277
1.3214924335479736
1.3147615194320679
1.337451457977295
1.322108268737793
1.331362009048462
1.3586807250976562
1.35475754737854
1.4078295230865479
0
0
0
0
0
0
0
0
0
0
0
0
0
0
0
0
0
0
0
0
0
0
0
0
0
0
0
0
0
0
0
0
0
0
0
0
0
0
0
0
0
0
0
0
0
0
0
0
0
0
0
0
0
0
0
0
0
0
0
0
0
0
0
0
0
0
0
0
0
0
0
0
0
0
