0
0
0
0
0
0
0
0
0
0
0
0
0
0
0
0
0
0
0
0
0
0
0
0
0
0
0
0
0
0
0
0
0
0
0
0
0
0
0
0
0
0
0
0
0
0
0
0
0
0
0
0
0
0
0
0
0
0
0
0
0
0
0
0
0
0
0
0
0
0
0
0
0
0
0
0
0
0
0
0
0
0
0
0
0
0
0
0
0
0
0
0
0
0
0
0
0
0
0
0
0
0
0
0
0
0
0
0
0
0
0
0
0
0
0
0
0
0
0
0
0
0
0
0
0
0
0
0
0
0
0
0
0
0
0
0
0
0
0
0
0
0
0
0
0
0
0
0
0
0
0
0
0
0
0
0
0
0
0
0
0
0
0
0
0
0
0
0
0
0
0
0
0
0
0
0
0
0
0
0
0
0
0
0
0
0
0
0
0
0
0
0
2.165440797805786
2.1284875869750977
2.114976167678833
2.0804851055145264
2.1040894985198975
2.1152846813201904
2.149390697479248
0
0
0
0
0
0
0
0
0
0
0
0
0
0
0
0
0
0
0
0
0
0
0
0
0
0
0
2.8401989936828613
2.8113396167755127
0.8561253547668457
0.805759847164154
0.7886307835578918
0.7614827156066895
0.7512285709381104
0.7362658381462097
0.7377073764801025
0.7328808307647705
0.7210479378700256
0.7231912612915039
0.7088507413864136
0.7265121340751648
0.7335343956947327
0.7214208245277405
0.7377347946166992
0.7245054841041565
0.7519845962524414
0.7524086833000183
0.7707180976867676
0.7903732061386108
0.8214740753173828
0
0
0
0
0
0
0
0
0
0
0
0
0
2.515227794647217
2.498356580734253
2.4720444679260254
2.4521360397338867
2.4732117652893066
2.4979913234710693
2.550724983215332
0
0
0
0
0
0
0
0
0
0
0
0
0
0
0
0
0
0
0
0
0
0
0
0
3.216824531555176
3.1798689365386963
3.1645607948303223
1.7302576303482056
1.6810169219970703
1.6551334857940674
1.6560171842575073
1.6400041580200195
1.6318330764770508
1.6263096332550049
1.656958818435669
1.678681492805481
1.7033767700195312
0
0
0
0
0
0
0
0
0
0
0
0
0
0
0
0
0
0
0
0
0
0
0
0
0
0
0
0
0
0
0
0
0
0
0
0
0
0
0
0
0
0
0
0
0
0
0
0
0
0
0
0
0
0
