1677772144433 2.0394458770751953 0
1677772146201 0.6976702809333801 1
1677772147884 0.19946275651454926 2
1677772149679 0.15628673136234283 3
1677772151336 0.1397373527288437 4
1677772153384 0.12697413563728333 5
1677772156055 0.11785006523132324 6
1677772158983 0.10632704198360443 7
1677772160917 0.09569564461708069 8
1677772162911 0.08843564987182617 9
1677772165248 0.08170032501220703 10
1677772167608 0.07696022838354111 11
1677772169827 0.07256685942411423 12
1677772172119 0.07090733200311661 13
1677772174103 0.06201795116066933 14
1677772175910 0.056962911039590836 15
1677772177607 0.06554941087961197 16
1677772179333 0.056199535727500916 17
1677772181019 0.053501032292842865 18
1677772182758 0.0531906895339489 19
1677772184826 0.05170968547463417 20
1677772186685 0.050469812005758286 21
1677772188755 0.05545361340045929 22
1677772191416 0.058592915534973145 23
1677772195154 0.053023312240839005 24
1677772197460 0.04778587073087692 25
1677772199365 0.04522421956062317 26
1677772201109 0.04680803790688515 27
1677772202890 0.04589732736349106 28
1677772204689 0.04393086954951286 29
1677772206409 0.044912632554769516 30
1677772208089 0.043653927743434906 31
1677772209801 0.04259689152240753 32
1677772211723 0.04053299129009247 33
1677772214957 0.040186669677495956 34
1677772217817 0.03852400556206703 35
1677772221115 0.04133111611008644 36
1677772223722 0.03896767646074295 37
1677772226688 0.03855624049901962 38
1677772228870 0.03967481479048729 39
1677772230740 0.04246780648827553 40
1677772232484 0.04053429141640663 41
1677772234168 0.03908245265483856 42
1677772235850 0.040953051298856735 43
1677772237531 0.036848705261945724 44
1677772239201 0.03940937668085098 45
1677772240895 0.03732626885175705 46
1677772242570 0.039860907942056656 47
1677772244480 0.036697883158922195 48
1677772246348 0.032805874943733215 49
1677772248023 0.03234262391924858 50
1677772249733 0.03149896487593651 51
1677772251428 0.03235636651515961 52
1677772253116 0.03182932734489441 53
1677772254831 0.030170483514666557 54
1677772256561 0.03404683619737625 55
1677772258240 0.034862179309129715 56
1677772259966 0.030073132365942 57
1677772261679 0.02872120589017868 58
1677772263374 0.02619519643485546 59
1677772265528 0.028372716158628464 60
1677772267722 0.029496945440769196 61
1677772269911 0.028504803776741028 62
1677772272079 0.027547519654035568 63
