1677772144433 0.28615254163742065 0
1677772146201 0.9395549297332764 1
1677772147884 0.8698619604110718 2
1677772149679 0.9326523542404175 3
1677772151336 0.9168685674667358 4
1677772153384 0.9396994709968567 5
1677772156055 0.949269711971283 6
1677772158983 0.9496476650238037 7
1677772160917 0.95609450340271 8
1677772162911 0.9655425548553467 9
1677772165248 0.9635418057441711 10
1677772167608 0.9639086127281189 11
1677772169827 0.9625858664512634 12
1677772172119 0.9618744850158691 13
1677772174103 0.9642420411109924 14
1677772175910 0.9626970291137695 15
1677772177607 0.9597292542457581 16
1677772179333 0.966242790222168 17
1677772181019 0.966943085193634 18
1677772182758 0.9648644924163818 19
1677772184826 0.9656092524528503 20
1677772186685 0.968110203742981 21
1677772188755 0.9694106578826904 22
1677772191416 0.9598848223686218 23
1677772195154 0.9682213068008423 24
1677772197460 0.9723673462867737 25
1677772199365 0.9688771367073059 26
1677772201109 0.9723117351531982 27
1677772202890 0.9662872552871704 28
1677772204689 0.9725229740142822 29
1677772206409 0.9691327810287476 30
1677772208089 0.9714336395263672 31
1677772209801 0.9724673628807068 32
1677772211723 0.9727563858032227 33
1677772214957 0.9735566973686218 34
1677772217817 0.9734677672386169 35
1677772221115 0.9711002111434937 36
1677772223722 0.9745904207229614 37
1677772226688 0.9709779024124146 38
1677772228870 0.9754685163497925 39
1677772230740 0.9744347929954529 40
1677772232484 0.9714892506599426 41
1677772234168 0.9773025512695312 42
1677772235850 0.972500741481781 43
1677772237531 0.9749572277069092 44
1677772239201 0.977858304977417 45
1677772240895 0.9748349189758301 46
1677772242570 0.9754462838172913 47
1677772244480 0.9736567139625549 48
1677772246348 0.9801591634750366 49
1677772248023 0.979314386844635 50
1677772249733 0.9795367121696472 51
1677772251428 0.9817820191383362 52
1677772253116 0.9808038473129272 53
1677772254831 0.9820265173912048 54
1677772256561 0.9790142774581909 55
1677772258240 0.9821710586547852 56
1677772259966 0.9816263914108276 57
1677772261679 0.9824822545051575 58
1677772263374 0.9829046726226807 59
1677772265528 0.9829602241516113 60
1677772267722 0.981170654296875 61
1677772269911 0.9827712774276733 62
1677772272079 0.9830713868141174 63
