1680882838648 0.0032653061224489797 0
1680882843620 0.0065858803677721085 1
1680882847048 0.009893563988095239 2
1680882852135 0.0099419921875 3
1680882856165 0.0099419921875 4
1680882859727 0.00992265625 5
1680882863556 0.0099033203125 6
1680882867521 0.009883984375 7
1680882870718 0.0098646484375 8
1680882873870 0.0098453125 9
1680882876950 0.0098259765625 10
1680882879954 0.009806640625 11
1680882883093 0.0097873046875 12
1680882886415 0.00976796875 13
1680882889370 0.0097486328125 14
1680882892479 0.009729296875 15
1680882895728 0.0097099609375 16
1680882898697 0.009690625000000001 17
1680882901407 0.009671289062500001 18
1680882904419 0.009651953125 19
1680882907506 0.0096326171875 20
1680882910431 0.00961328125 21
1680882913507 0.0095939453125 22
1680882916436 0.009574609375000001 23
1680882919244 0.009555273437500001 24
1680882922042 0.009535937500000001 25
1680882924738 0.009516601562500001 26
1680882927568 0.009497265625 27
1680882930377 0.0094779296875 28
1680882933093 0.009458593749999999 29
1680882935888 0.0094392578125 30
1680882938618 0.009419921875 31
1680882941379 0.0094005859375 32
1680882944114 0.00938125 33
1680882946819 0.0093619140625 34
1680882949515 0.009342578124999999 35
1680882952254 0.0093232421875 36
1680882955107 0.00930390625 37
1680882957932 0.0092845703125 38
1680882960674 0.009265234375 39
1680882963464 0.0092458984375 40
1680882966464 0.0092265625 41
1680882969251 0.0092072265625 42
1680882971925 0.009187890625 43
1680882974614 0.0091685546875 44
1680882977355 0.00914921875 45
1680882980036 0.0091298828125 46
1680882982798 0.009110546875 47
1680882985605 0.0090912109375 48
1680882988294 0.009071875 49
1680882991067 0.0090525390625 50
1680882993780 0.009033203125 51
1680882996894 0.0090138671875 52
1680882999869 0.00899453125 53
1680883002612 0.0089751953125 54
1680883005480 0.008955859375 55
1680883008178 0.0089365234375 56
1680883010967 0.0089171875 57
1680883013951 0.0088978515625 58
1680883016683 0.008878515625 59
1680883019525 0.0088591796875 60
1680883022266 0.008839843750000001 61
1680883025188 0.008820507812500001 62
1680883027915 0.008801171875 63
1680883030875 0.0087818359375 64
1680883033724 0.0087625 65
1680883036405 0.0087431640625 66
1680883039142 0.008723828125000001 67
1680883041941 0.008704492187500001 68
1680883044592 0.008685156250000001 69
1680883047246 0.008665820312500001 70
1680883049922 0.008646484375 71
1680883052598 0.0086271484375 72
1680883055572 0.008607812500000001 73
1680883058267 0.0085884765625 74
1680883061022 0.008569140625 75
1680883063852 0.0085498046875 76
1680883066669 0.00853046875 77
1680883069466 0.0085111328125 78
1680883072260 0.008491796874999999 79
1680883074997 0.0084724609375 80
1680883077671 0.008453125 81
1680883080411 0.0084337890625 82
1680883083445 0.008414453125 83
1680883086118 0.0083951171875 84
1680883088890 0.00837578125 85
1680883091659 0.0083564453125 86
1680883094393 0.008337109375 87
1680883097153 0.0083177734375 88
1680883099790 0.0082984375 89
1680883102468 0.0082791015625 90
1680883105315 0.008259765625 91
1680883108807 0.0082404296875 92
1680883111534 0.00822109375 93
1680883114212 0.0082017578125 94
1680883116995 0.008182421875 95
1680883119743 0.0081630859375 96
1680883122565 0.00814375 97
1680883125578 0.0081244140625 98
1680883128343 0.008105078125 99
1680883131082 0.0080857421875 100
1680883133841 0.00806640625 101
1680883136610 0.0080470703125 102
1680883139444 0.008027734375 103
1680883142210 0.0080083984375 104
1680883145009 0.007989062500000001 105
1680883148071 0.0079697265625 106
1680883150782 0.007950390625 107
1680883153528 0.0079310546875 108
1680883156245 0.00791171875 109
1680883158937 0.0078923828125 110
1680883161658 0.007873046875000001 111
1680883164342 0.007853710937500001 112
1680883167138 0.007834375000000001 113
1680883169962 0.0078150390625 114
1680883172764 0.007795703125 115
1680883175870 0.0077763671875 116
1680883178763 0.007757031250000001 117
1680883181497 0.007737695312500001 118
1680883184187 0.007718359375 119
1680883186842 0.0076990234375 120
1680883189558 0.0076796875 121
1680883192345 0.0076603515625 122
1680883195055 0.007641015625000001 123
1680883197768 0.007621679687500001 124
1680883200699 0.007602343750000001 125
1680883203598 0.0075830078125000006 126
1680883206448 0.007563671875 127
1680883209408 0.0075443359375 128
1680883212309 0.007525 129
1680883215122 0.0075056640625 130
1680883217825 0.007486328125 131
1680883220830 0.0074669921875 132
1680883223851 0.00744765625 133
1680883226844 0.0074283203125 134
1680883229578 0.007408984374999999 135
1680883232579 0.0073896484375 136
1680883235251 0.0073703125 137
1680883238014 0.0073509765625 138
1680883240689 0.007331640625 139
1680883243476 0.0073123046875 140
1680883246379 0.00729296875 141
1680883249233 0.007273632812500001 142
1680883252032 0.007254296875000001 143
1680883255079 0.0072349609375 144
1680883257890 0.007215625 145
1680883260669 0.0071962890625 146
1680883263497 0.007176953125 147
1680883266956 0.007157617187500001 148
1680883269699 0.0071382812500000005 149
1680883272746 0.0071189453125000005 150
1680883275419 0.0070996093750000005 151
1680883278223 0.0070802734374999995 152
1680883281089 0.0070609374999999995 153
1680883284055 0.0070416015625 154
1680883286746 0.007022265625 155
1680883289453 0.0070029296875 156
1680883292209 0.00698359375 157
1680883294890 0.0069642578125 158
1680883297545 0.006944921875 159
1680883300336 0.006925585937499999 160
1680883303037 0.006906250000000001 161
1680883306250 0.0068869140625 162
1680883308979 0.006867578125 163
1680883311663 0.0068482421875 164
1680883314325 0.00682890625 165
1680883317028 0.0068095703125 166
1680883319909 0.006790234375000001 167
1680883322675 0.006770898437500001 168
1680883325399 0.006751562500000001 169
1680883328110 0.0067322265625 170
1680883331114 0.006712890625 171
1680883334036 0.0066935546875 172
1680883336806 0.0066742187500000005 173
1680883339554 0.0066548828125 174
1680883342559 0.006635546875 175
1680883345322 0.0066162109375 176
1680883348240 0.006596875 177
1680883351092 0.006577539062499999 178
1680883353777 0.006558203125000001 179
1680883356501 0.0065388671875 180
1680883359174 0.00651953125 181
1680883361931 0.0065001953125 182
1680883364702 0.006480859375 183
1680883367782 0.0064615234375 184
1680883370830 0.0064421875 185
1680883373513 0.006422851562500001 186
1680883376396 0.006403515625000001 187
1680883379405 0.0063841796875 188
1680883382338 0.00636484375 189
1680883385725 0.0063455078125 190
1680883388820 0.006326171875 191
1680883391785 0.006306835937500001 192
1680883394622 0.0062875000000000006 193
1680883397319 0.0062681640625000005 194
1680883400118 0.0062488281250000005 195
1680883403151 0.0062294921875 196
1680883406036 0.0062101562499999995 197
1680883408832 0.0061908203125 198
1680883412113 0.006171484375 199
1680883414931 0.0061521484375 200
1680883417703 0.0061328125 201
1680883420524 0.0061134765625 202
1680883423562 0.006094140625 203
1680883426381 0.006074804687500001 204
1680883429291 0.006055468750000001 205
1680883432075 0.0060361328125 206
1680883434859 0.006016796875 207
1680883437780 0.0059974609375 208
1680883440551 0.005978125 209
1680883443323 0.0059587890625 210
1680883446725 0.005939453125000001 211
