2 0.216406 0.468056 0.045313 0.088889
2 0.483594 0.477083 0.037500 0.059722
2 0.981641 0.484028 0.035156 0.098611
0 0.537500 0.475000 0.046875 0.069444
0 0.453906 0.475000 0.034375 0.075000
0 0.428906 0.468056 0.046875 0.086111
0 0.584375 0.446528 0.076563 0.173611
0 0.957422 0.466667 0.050781 0.094444
0 0.286328 0.449306 0.132031 0.170833
0 0.148438 0.422917 0.162500 0.265278
0 0.105859 0.623611 0.211719 0.747222
0 0.765625 0.352083 0.467187 0.631944
1 0.343359 0.459028 0.066406 0.134722
1 0.388281 0.468056 0.064062 0.102778
