1680879221135 0.001344093467670594 0
1680879224957 0.002275506137873614 1
1680879231514 0.007270130801843174 3
1680879235077 0.6936507936507935 4
1680879241905 0.7003125279717167 5
1680879247656 0.7066593251739123 6
1680879259545 0.05571027543180863 7
1680879262828 0.3037892260842859 8
1680879265656 0.24950177954100794 9
1680879270934 0.3283646411014709 11
1680879278524 0.4564835020140281 14
1680879281026 0.4501688984420573 15
1680879283439 0.38697793976120254 16
1680879285834 0.5436748349737316 17
1680879290657 0.5074119530037199 19
1680879307259 0.5338425340173552 26
1680879309651 0.6487718754552597 27
1680879312068 0.7072361747085022 28
1680879321532 0.7923216698837643 32
1680879326239 0.8610818664901642 34
1680879333350 0.91095408965896 37
1680879344981 0.8419750045470099 42
1680879349778 0.9159488736321736 44
1680879352157 0.9183549240349104 45
1680879361513 0.925742546092085 49
1680879375605 0.9493679350071864 55
1680879382578 0.9329555644511252 58
1680879384947 0.9518190720291552 59
1680879389673 0.9430867269388594 61
1680879401266 0.9603041918452635 66
1680879429196 0.9580595165528484 78
1680879431565 0.9559938072064446 79
1680879438509 0.9597178540918097 82
1680879440898 0.9583615366617045 83
1680879443335 0.958382670282886 84
1680879457206 0.9553665819783522 90
1680879459617 0.9439635480369238 91
1680879466582 0.9531973377439446 94
1680879475852 0.9566662524011011 98
1680879485194 0.956823224631662 102
1680879494585 0.9509163026966925 106
1680879499229 0.9558809026073846 108
1680879506170 0.9505603586594961 111
1680879517830 0.9604650744052105 116
1680879522524 0.9579191343050981 118
1680879524870 0.9558000275490824 119
1680879527314 0.9587029919582183 120
1680879531953 0.9568808840589879 122
1680879538951 0.9588002970092148 125
1680879541336 0.9536089329669615 126
