1680879221135 0.14476055322791367 0
1680879224957 0.15964757711867375 1
1680879231514 0.0750551876379691 3
1680879235077 0.018763796909492276 4
1680879241905 0.1098233995584989 5
1680879247656 0.0797546995118739 6
1680879259545 0.40255979731910974 7
1680879262828 0.3041571905219862 8
1680879265656 0.5616887455397469 9
1680879270934 0.6297182355989929 11
1680879278524 0.6998466004754457 14
1680879281026 0.7091563543265674 15
1680879283439 0.7098185041717264 16
1680879285834 0.7326451258685531 17
1680879290657 0.7718433657512861 19
1680879307259 0.769376513293624 26
1680879309651 0.7935135409839962 27
1680879312068 0.7571325774892438 28
1680879321532 0.8203712793821127 32
1680879326239 0.7678106963150366 34
1680879333350 0.837270424853435 37
1680879344981 0.8612079321140991 42
1680879349778 0.8864615043156183 44
1680879352157 0.8957404466177831 45
1680879361513 0.9110336936458155 49
1680879375605 0.9259207253563124 55
1680879382578 0.9154385869747053 58
1680879384947 0.9257941343933839 59
1680879389673 0.9288217429753306 61
1680879401266 0.9251539645003698 66
1680879429196 0.9451923430922434 78
1680879431565 0.9446544456499611 79
1680879438509 0.9458241665512596 82
1680879440898 0.939498836127456 83
1680879443335 0.9428041395624708 84
1680879457206 0.9490789076289382 90
1680879459617 0.9550824301194645 91
1680879466582 0.9452183283583193 94
1680879475852 0.9488664501721532 98
1680879485194 0.9555693005914949 102
1680879494585 0.9623668955518196 106
1680879499229 0.9552965014161634 108
1680879506170 0.9561982485558372 111
1680879517830 0.9525422234582699 116
1680879522524 0.9534534189856435 118
1680879524870 0.9530796153892128 119
1680879527314 0.9539240022104684 120
1680879531953 0.955000573764571 122
1680879538951 0.9562833432373612 125
1680879541336 0.9589585373920192 126
