1.5074559450149536
1.5157791376113892
1.5219005346298218
1.5549352169036865
1.5828864574432373
0
0
0
0
0
2.2094478607177734
2.1126043796539307
2.0806260108947754
2.082507371902466
2.071415662765503
2.0724542140960693
2.098219633102417
2.0909178256988525
2.1590263843536377
0
0
0
0
0
0
0
0
0
0
0
0
0
1.0637871026992798
1.0136067867279053
0.9842690825462341
0.9659008383750916
0.9511986374855042
0.9544309377670288
0.9499474763870239
0.9308913350105286
0.9367371797561646
0.9358670711517334
0.9368706345558167
0.9683762192726135
0.9559475779533386
0.9676272869110107
0.9612887501716614
1.0020713806152344
1.0298601388931274
0
0
0
0
0
0
0
0
0
0
0
0
1.722508430480957
1.7315078973770142
0
0
0
0
0
0
0.6037325859069824
0.5764697790145874
0.5890619158744812
0.5516109466552734
0.5429518818855286
0.5393835306167603
0.540614664554596
0.5324015021324158
0.5352440476417542
0.5028146505355835
0.5102359652519226
0.5109663009643555
0.5284789800643921
0.5311822891235352
0.5290431976318359
0.5142050385475159
0.5377776622772217
0.5120612978935242
0.5251117944717407
0.5331335663795471
0.5352646708488464
0.5623727440834045
0.5408432483673096
0.5571701526641846
0.5635926127433777
0.582053542137146
0.6088764667510986
3.2763068675994873
3.0964107513427734
3.499835252761841
0
0
0
0
0
0
0
0
0
0
0
0
0
3.3585927486419678
3.329448699951172
0
0
0
0
0
0
0
0
0
0
0
0
1.6700222492218018
1.608799695968628
1.5872182846069336
1.557224988937378
1.5257127285003662
1.5401087999343872
1.5300852060317993
1.5348280668258667
1.547911524772644
1.5394299030303955
1.5525896549224854
1.5640454292297363
1.5606000423431396
1.6121983528137207
1.6673290729522705
0
0
0
1.7292373180389404
1.645660638809204
1.6221492290496826
1.6264688968658447
1.5951529741287231
1.5854061841964722
1.6114693880081177
1.6259762048721313
1.6219671964645386
1.6381700038909912
1.750771164894104
0
0
0
0
0
0
0
0
0
0
0
0
0
0
2.0353095531463623
1.9743702411651611
1.9517416954040527
1.9155341386795044
1.9208076000213623
1.9140392541885376
1.910107135772705
1.9047523736953735
1.907034993171692
1.9246323108673096
1.944573163986206
1.963390827178955
2.034329891204834
0
0
0
0
0
0
0
0
0
0
0
2.5085902214050293
2.4158754348754883
2.358459711074829
2.320643901824951
2.29140305519104
2.2558064460754395
2.2280211448669434
2.221834659576416
2.20048189163208
2.1929433345794678
2.206022024154663
2.2035515308380127
2.209437370300293
2.2127721309661865
2.234307289123535
2.252314567565918
2.283341646194458
2.313433885574341
2.3495216369628906
2.4009788036346436
2.4872055053710938
0
0
0
0
2.167186975479126
2.0497682094573975
2.0071146488189697
1.974311351776123
1.9575283527374268
1.9634166955947876
1.9307774305343628
1.9238274097442627
1.9233609437942505
1.9507817029953003
1.9628480672836304
1.9618752002716064
1.9762464761734009
2.0077626705169678
2.0569546222686768
2.1535871028900146
0
0
0
0
0
0
0
0
3.4897894859313965
3.44301700592041
3.4254703521728516
3.383531332015991
3.3660404682159424
3.3321001529693604
3.2982048988342285
3.2857484817504883
3.2629995346069336
3.2629425525665283
3.218723773956299
3.212820291519165
3.2152786254882812
3.171637535095215
3.177272319793701
3.1560521125793457
3.313890218734741
3.1291465759277344
3.1155622005462646
3.0981626510620117
3.0997633934020996
3.0878801345825195
0.7956904172897339
0.7483835220336914
0.7285898327827454
0.7585846185684204
0.701382577419281
0.703154444694519
0.6927198767662048
0.6918253302574158
0.6962738633155823
0.6917831897735596
0.6957098841667175
0.6751758456230164
0.7139372229576111
0.7139939665794373
0.7087653875350952
0.6921001672744751
0.7080510854721069
0.7085019946098328
0.7482506632804871
0.7483275532722473
0.7804419994354248
3.190206527709961
3.190612554550171
3.191864252090454
3.2384390830993652
3.265742540359497
3.2708401679992676
3.3179051876068115
0
0
0
0
0
0
0
0
0
0
0
0
0
0
0
0
0
0
0
0
0
2.590296745300293
2.593191623687744
2.5629160404205322
2.547821521759033
2.5598866939544678
2.5889320373535156
2.682645559310913
0
0
0
0
0
0
0
1.4644160270690918
1.440272569656372
1.409551978111267
1.4083912372589111
1.4008190631866455
0.8144204616546631
0.7919167280197144
0.7701935768127441
0.7516825795173645
0.7342528104782104
0.73567134141922
0.7327507138252258
0.7234639525413513
0.7400859594345093
0.7260858416557312
0.7067016959190369
0.7430118322372437
0.7301877737045288
0.7322263717651367
0.7482813596725464
0.7323849201202393
0.745344340801239
0.755945086479187
0.781617283821106
0.802894651889801
0.8620392084121704
1.6067975759506226
1.5723100900650024
1.5265122652053833
1.5150830745697021
1.495917558670044
1.5162798166275024
1.5143506526947021
