0
0
2.038214921951294
1.9952304363250732
1.9531527757644653
1.9473936557769775
1.9303767681121826
1.952776312828064
1.9655135869979858
1.9718279838562012
1.9981327056884766
0
0
0
0
0
1.3986207246780396
1.3679367303848267
1.377935767173767
0
0
0
0
0
0
0
0
0
0
0
0
0
0
0
0
0
0
0
0
0
0.8936206102371216
0.8815048336982727
0.833694338798523
0.8170956373214722
0.8273714780807495
0.8203838467597961
0.7914665341377258
0.7922266721725464
0.7858779430389404
0.7906156182289124
0.7737489938735962
0.796140730381012
0.7939877510070801
0.7912518382072449
0.8238376975059509
0.8111375570297241
0.8179320693016052
0.8479366898536682
0.8832067251205444
0.9030477404594421
0
0
2.2103657722473145
2.301173686981201
2.3813607692718506
2.4512393474578857
2.539320468902588
2.54248309135437
2.516366481781006
2.4756767749786377
2.4797580242156982
2.479877233505249
2.4521565437316895
2.458800792694092
2.436812400817871
2.4036242961883545
2.395153284072876
2.3934881687164307
2.3935160636901855
2.381805896759033
2.369277000427246
2.354248285293579
2.3561654090881348
2.354745626449585
2.3413169384002686
2.351857900619507
1.9603347778320312
2.3102736473083496
2.353041887283325
2.330315113067627
2.334913969039917
2.3600924015045166
2.3426921367645264
2.3259079456329346
2.3566906452178955
2.346245765686035
2.351452350616455
2.3616976737976074
2.3625576496124268
2.371488571166992
2.3730897903442383
2.3659491539001465
2.3974645137786865
2.402505874633789
2.3947112560272217
2.4283902645111084
2.430055856704712
2.458820343017578
2.467494249343872
2.3201985359191895
2.222614049911499
2.130857467651367
2.1107494831085205
2.529136896133423
2.552154541015625
2.581058979034424
2.6120078563690186
2.6179494857788086
2.655634641647339
2.688290596008301
2.6915438175201416
2.7403335571289062
2.7316243648529053
2.772087574005127
2.8240904808044434
2.849886655807495
2.870293140411377
2.7924466133117676
2.748023271560669
2.6603667736053467
2.61857533454895
2.582822799682617
0
0
0
0
0
0
0
0
0
0
0
0
0
0
0
0
0.6166910529136658
0.5854672193527222
0.5701176524162292
0.5524750351905823
0.5275371670722961
0.5398480296134949
0.5180634260177612
0.5230436325073242
0.5126403570175171
0.5002096891403198
0.5018908381462097
0.4945541024208069
0.4889477789402008
0.49307525157928467
0.4745066165924072
0.48288416862487793
0.47862741351127625
0.491835355758667
0.49227651953697205
0.49597853422164917
0.4889313280582428
0.4906746745109558
0.48028814792633057
0.4805033802986145
0.5036766529083252
0.4886642098426819
0.4996332824230194
0.5047420263290405
0.5134462714195251
0.5186755657196045
0.5002923607826233
0.5315313339233398
0.526266872882843
0.5409212112426758
0.5644321441650391
0.5850078463554382
0.5907771587371826
0.6229944825172424
0.9028892517089844
0.9149267673492432
0.8907003402709961
0.8801835775375366
0.8633151650428772
0.8571235537528992
0.8679530620574951
0.8762655854225159
0.8646703362464905
0.8751811385154724
0.8852022886276245
0.8816691040992737
0.883341372013092
0.9020678997039795
0.9334152936935425
0.9775049090385437
0
1.8001195192337036
1.7196027040481567
1.6860328912734985
1.668511152267456
1.6744409799575806
1.6628828048706055
1.6488419771194458
1.639649510383606
1.6635417938232422
1.6446353197097778
1.6733840703964233
1.6636122465133667
1.7024450302124023
1.7498563528060913
1.8311549425125122
2.870697021484375
2.6662352085113525
2.6360695362091064
2.5619847774505615
2.5255231857299805
2.5069680213928223
2.495059013366699
2.4578323364257812
2.461383104324341
2.4667301177978516
2.442876100540161
2.455606698989868
2.458768606185913
2.514683961868286
2.510823965072632
2.5188262462615967
2.561353921890259
2.617095947265625
2.672825813293457
2.768795967102051
0
0
0
0
0
2.8244097232818604
2.7203447818756104
2.6806623935699463
2.6414201259613037
2.629786491394043
2.616450548171997
2.613661289215088
2.605076313018799
2.6328163146972656
2.672795295715332
2.7284579277038574
2.7939748764038086
0
0
0
0
0
0
0
0
0
0
0
0
0
0
0
0
0
0
0
0
0
0
0
0
0
0
0
1.955937147140503
1.9257278442382812
1.903476595878601
1.89369797706604
1.8924908638000488
1.8759678602218628
1.922082781791687
1.9383506774902344
2.0190677642822266
0
0
0
0
0
0
0
0
0
0
0
0
0
0
0
0
0
0
1.8806654214859009
0.71653813123703
0.6701111197471619
0.6603391170501709
0.6485314965248108
0.6133636832237244
0.6187010407447815
0.5994318127632141
0.5936664342880249
0.5939909219741821
0.602448582649231
0.5813696980476379
0.6123183369636536
0.5913326740264893
0.5915735363960266
0.5865985751152039
0.5973623394966125
0.5882475972175598
0.6072831749916077
0.6117547154426575
0.5993499159812927
0.6039856672286987
0.6307049989700317
0.646186888217926
0.6505431532859802
0.6766863465309143
2.4027950763702393
1.33694589138031
1.3033533096313477
1.287920355796814
1.2590569257736206
1.2516390085220337
1.2530486583709717
1.2389925718307495
1.2336094379425049
1.2420368194580078
1.2654863595962524
1.2612978219985962
1.301377773284912
1.3199381828308105
2.6020922660827637
2.6359710693359375
0
0
0
0
0
0
0
0
0
