0
0
2.0557315349578857
1.9833030700683594
1.9490675926208496
1.9416004419326782
1.9382404088974
1.9386996030807495
1.93480384349823
1.975687026977539
2.0237882137298584
0
0
0
0
0
1.4260046482086182
1.3921895027160645
1.378138542175293
0
0
0
0
0
0
0
0
0
0
0
0
0
0
0
0
0
0
0
0
0
0.8945555686950684
0.861915111541748
0.8249664902687073
0.8170369863510132
0.8054862022399902
0.8043110370635986
0.8097319006919861
0.7935274839401245
0.7853654026985168
0.795228123664856
0.8097190260887146
0.8050940036773682
0.8002670407295227
0.8067741394042969
0.8128855228424072
0.8390876054763794
0.8350588083267212
0.8524218201637268
0.854313313961029
0.9042621850967407
0
0
2.211991310119629
2.277045488357544
2.3569459915161133
2.453871965408325
2.5574779510498047
2.5451977252960205
2.526419162750244
2.500342845916748
2.466292381286621
2.467599630355835
2.4571738243103027
2.4347636699676514
2.4334819316864014
2.429043769836426
2.4053456783294678
2.4127004146575928
2.3831000328063965
2.373079299926758
2.383514165878296
2.354712963104248
2.352086067199707
2.361088752746582
2.3434102535247803
2.341966390609741
1.9332083463668823
2.312007427215576
2.358980178833008
2.3392930030822754
2.3380939960479736
2.3224287033081055
2.328474760055542
2.3364932537078857
2.3199214935302734
2.3185532093048096
2.364480495452881
2.3580000400543213
2.364854097366333
2.3680691719055176
2.3596813678741455
2.3868677616119385
2.3870458602905273
2.4089174270629883
2.4222474098205566
2.4078011512756348
2.435886859893799
2.4458441734313965
2.4446098804473877
2.326910972595215
2.209941864013672
2.1269404888153076
2.1031572818756104
2.5356788635253906
2.5321595668792725
2.5611846446990967
2.5869176387786865
2.620905876159668
2.6476409435272217
2.6555397510528564
2.686393976211548
2.7377824783325195
2.757772922515869
2.7672955989837646
2.8135242462158203
2.8345963954925537
2.8561859130859375
2.7880210876464844
2.723665475845337
2.676170825958252
2.630052328109741
2.56807279586792
0
0
0
0
0
0
0
0
0
0
0
0
0
0
0
0
0.6106424927711487
0.5866764187812805
0.5688278675079346
0.5551289319992065
0.5385327935218811
0.5256750583648682
0.5162888765335083
0.5177146196365356
0.5043505430221558
0.4920145869255066
0.49881711602211
0.4979153573513031
0.5004973411560059
0.5126772522926331
0.4955163896083832
0.48684975504875183
0.48691022396087646
0.49631765484809875
0.482016384601593
0.48205530643463135
0.48551133275032043
0.48493877053260803
0.47904613614082336
0.4762793481349945
0.500879168510437
0.5090477466583252
0.49252286553382874
0.5003442764282227
0.5062233805656433
0.5032262802124023
0.5138832330703735
0.5138149857521057
0.5226453542709351
0.5474437475204468
0.5681282877922058
0.5703005790710449
0.590126633644104
0.6235668063163757
0.9089463353157043
0.9176355004310608
0.8888584971427917
0.8855767250061035
0.8855767846107483
0.8661447763442993
0.8569137454032898
0.873077392578125
0.8667080402374268
0.8642468452453613
0.8767666220664978
0.8829826712608337
0.8885711431503296
0.909813642501831
0.9496185183525085
0.9868050217628479
0
1.7842601537704468
1.7224559783935547
1.7001293897628784
1.6520841121673584
1.6604419946670532
1.6572827100753784
1.6349241733551025
1.6408854722976685
1.6496191024780273
1.6501538753509521
1.6437530517578125
1.683018684387207
1.7129319906234741
1.7460012435913086
1.8203686475753784
2.863572120666504
2.709791898727417
2.6222691535949707
2.576291084289551
2.5429282188415527
2.506056308746338
2.4919116497039795
2.4706106185913086
2.4654054641723633
2.4525649547576904
2.4850542545318604
2.456185817718506
2.4495112895965576
2.4686851501464844
2.511699676513672
2.5464978218078613
2.5575780868530273
2.6273508071899414
2.67830753326416
2.7695538997650146
0
0
0
0
0
2.8227274417877197
2.730839252471924
2.672239303588867
2.664987564086914
2.644448757171631
2.610520362854004
2.5959277153015137
2.6281747817993164
2.6192588806152344
2.683018684387207
2.7184014320373535
2.786275863647461
0
0
0
0
0
0
0
0
0
0
0
0
0
0
0
0
0
0
0
0
0
0
0
0
0
0
0
1.9661922454833984
1.9352723360061646
1.9130276441574097
1.8970966339111328
1.900389552116394
1.8887460231781006
1.9081432819366455
1.9430828094482422
1.989224910736084
0
0
0
0
0
0
0
0
0
0
0
0
0
0
0
0
0
0
1.8645687103271484
0.718427300453186
0.6652581095695496
0.6469278931617737
0.6275233626365662
0.6195679306983948
0.6266070604324341
0.613518238067627
0.6114687919616699
0.603830873966217
0.5801956057548523
0.6028634309768677
0.5819969177246094
0.6007894277572632
0.6047840714454651
0.5953909158706665
0.6069073677062988
0.5737206339836121
0.606296181678772
0.6005384922027588
0.6177222728729248
0.6131805181503296
0.615970253944397
0.6333197951316833
0.6720395684242249
0.684221625328064
2.400416851043701
1.34766685962677
1.2881850004196167
1.3042539358139038
1.266204833984375
1.2656428813934326
1.2541139125823975
1.2529462575912476
1.2340399026870728
1.2570947408676147
1.245195984840393
1.2789702415466309
1.3194178342819214
1.323386788368225
2.592775821685791
2.647387742996216
0
0
0
0
0
0
0
0
0
