0
0
2.0449178218841553
1.9940972328186035
1.9602309465408325
1.9590615034103394
1.9445791244506836
1.9432990550994873
1.950084924697876
1.9575985670089722
1.9979323148727417
0
0
0
0
0
1.4092931747436523
1.380408763885498
1.3761030435562134
0
0
0
0
0
0
0
0
0
0
0
0
0
0
0
0
0
0
0
0
0
0.8962976932525635
0.8579586744308472
0.827307403087616
0.8418497443199158
0.8099743723869324
0.8083760142326355
0.8029614090919495
0.8043019771575928
0.7885611057281494
0.7827150821685791
0.7805848717689514
0.7910082340240479
0.7813690900802612
0.7878847122192383
0.7949492335319519
0.8142170906066895
0.8374123573303223
0.8495796322822571
0.8740037679672241
0.889982283115387
0
0
2.1952767372131348
2.276315212249756
2.3507163524627686
2.460231304168701
2.5691092014312744
2.533066511154175
2.5293211936950684
2.4949989318847656
2.491898775100708
2.4604690074920654
2.447937488555908
2.4530725479125977
2.4341368675231934
2.41595458984375
2.4120559692382812
2.395684003829956
2.4029271602630615
2.362348794937134
2.373422622680664
2.3590946197509766
2.356907606124878
2.353910207748413
2.3515069484710693
2.345426559448242
1.9349865913391113
2.305394172668457
2.339076280593872
2.340787887573242
2.334719181060791
2.336693286895752
2.33266544342041
2.3427059650421143
2.3552350997924805
2.3437960147857666
2.3406927585601807
2.3410110473632812
2.3562541007995605
2.378448724746704
2.3741612434387207
2.397969961166382
2.405169725418091
2.390561819076538
2.4266951084136963
2.4303743839263916
2.432497262954712
2.4497735500335693
2.440736770629883
2.3356997966766357
2.2285685539245605
2.109022378921509
2.1189024448394775
2.5426342487335205
2.5432684421539307
2.585460662841797
2.5776584148406982
2.6314399242401123
2.6464338302612305
2.679243564605713
2.701751947402954
2.750593423843384
2.735806941986084
2.7823374271392822
2.823798656463623
2.8534040451049805
2.8746650218963623
2.7797319889068604
2.7282826900482178
2.701254367828369
2.6266353130340576
2.5691657066345215
0
0
0
0
0
0
0
0
0
0
0
0
0
0
0
0
0.6062617897987366
0.5830826163291931
0.5759178400039673
0.5599269866943359
0.5446122884750366
0.5446051955223083
0.519605278968811
0.5233557820320129
0.5265243649482727
0.5009912848472595
0.5008214712142944
0.48659980297088623
0.48812931776046753
0.48091641068458557
0.4882185161113739
0.47896507382392883
0.48153793811798096
0.49472659826278687
0.49490660429000854
0.4951586127281189
0.46787700057029724
0.48050814867019653
0.48294153809547424
0.4959391951560974
0.48774203658103943
0.4859476387500763
0.48616015911102295
0.48989933729171753
0.509653627872467
0.5296026468276978
0.5207454562187195
0.5289280414581299
0.5278066992759705
0.5203751921653748
0.5428563356399536
0.5710448026657104
0.5938599705696106
0.6472851634025574
0.9227359294891357
0.8830899596214294
0.8828291296958923
0.8680189847946167
0.8881765007972717
0.8786391019821167
0.8698830008506775
0.8819581270217896
0.8788869976997375
0.8824189901351929
0.8920877575874329
0.8791104555130005
0.9029296040534973
0.9320739507675171
0.9526911377906799
0.9900123476982117
0
1.7705934047698975
1.724097490310669
1.6874501705169678
1.675325632095337
1.6519591808319092
1.6387559175491333
1.6400798559188843
1.6473913192749023
1.6432994604110718
1.65852952003479
1.6648720502853394
1.6885815858840942
1.7107418775558472
1.715765357017517
1.8217434883117676
2.8525986671447754
2.6893153190612793
2.6070051193237305
2.5735366344451904
2.541516065597534
2.525397539138794
2.4896340370178223
2.480865478515625
2.4762375354766846
2.4591939449310303
2.4541573524475098
2.4515597820281982
2.4493768215179443
2.4933693408966064
2.5053272247314453
2.518113613128662
2.5602684020996094
2.6109302043914795
2.676006555557251
2.7768986225128174
0
0
0
0
0
2.81858229637146
2.729668140411377
2.6800737380981445
2.665904998779297
2.622248888015747
2.6391079425811768
2.6234521865844727
2.6181557178497314
2.646188259124756
2.6744298934936523
2.7234749794006348
2.7970824241638184
0
0
0
0
0
0
0
0
0
0
0
0
0
0
0
0
0
0
0
0
0
0
0
0
0
0
0
1.9644604921340942
1.9127599000930786
1.9009721279144287
1.902572512626648
1.8933149576187134
1.9083847999572754
1.8951292037963867
1.9368317127227783
1.9897063970565796
0
0
0
0
0
0
0
0
0
0
0
0
0
0
0
0
0
0
1.8596574068069458
0.7190317511558533
0.6681552529335022
0.6470052003860474
0.6426733136177063
0.6199985146522522
0.6092485785484314
0.607650876045227
0.5865486264228821
0.6087405681610107
0.5860279202461243
0.5946911573410034
0.5945824980735779
0.5968765020370483
0.5833503603935242
0.607140302658081
0.58547043800354
0.5981343388557434
0.5962250828742981
0.6087546944618225
0.6200221180915833
0.592776358127594
0.6258558630943298
0.6443672180175781
0.6555128693580627
0.6881896257400513
2.405177354812622
1.3601049184799194
1.2952017784118652
1.2787729501724243
1.287160038948059
1.2507489919662476
1.236037015914917
1.237215518951416
1.2479748725891113
1.2551156282424927
1.2499513626098633
1.2712651491165161
1.2818113565444946
1.3280885219573975
2.589339017868042
2.6327462196350098
0
0
0
0
0
0
0
0
0
