0
0
2.0779507160186768
1.9793754816055298
1.9551981687545776
1.9525237083435059
1.930748701095581
1.9431716203689575
1.949486255645752
1.9601554870605469
1.9915173053741455
0
0
0
0
0
1.4115508794784546
1.373317837715149
1.3678168058395386
0
0
0
0
0
0
0
0
0
0
0
0
0
0
0
0
0
0
0
0
0
0.912479043006897
0.857696533203125
0.8397119045257568
0.8142509460449219
0.7936064004898071
0.799704909324646
0.7957038283348083
0.7960754036903381
0.7935435771942139
0.7912601232528687
0.7774773240089417
0.7847409248352051
0.8065256476402283
0.7932927012443542
0.8358212113380432
0.8256587386131287
0.8509489893913269
0.8468514680862427
0.8779154419898987
0.9075893759727478
0
0
2.201141357421875
2.2999019622802734
2.3529770374298096
2.4563446044921875
2.5657594203948975
2.5374033451080322
2.524388313293457
2.498852014541626
2.4680535793304443
2.47706937789917
2.471155881881714
2.448927402496338
2.4031593799591064
2.4124724864959717
2.3876500129699707
2.419651508331299
2.391815185546875
2.406980276107788
2.3690223693847656
2.361891746520996
2.3504607677459717
2.3626632690429688
2.3529937267303467
2.3446054458618164
1.9570026397705078
2.2870616912841797
2.3472278118133545
2.3322410583496094
2.333444595336914
2.3447277545928955
2.332193613052368
2.325296401977539
2.322073221206665
2.339200496673584
2.347130298614502
2.3519506454467773
2.367386817932129
2.367448091506958
2.3828554153442383
2.3633010387420654
2.3872244358062744
2.393181562423706
2.4156856536865234
2.4180386066436768
2.4351284503936768
2.4510984420776367
2.441272497177124
2.3322465419769287
2.2148215770721436
2.1167101860046387
2.0869905948638916
2.5298547744750977
2.5575101375579834
2.5701897144317627
2.57855224609375
2.6259307861328125
2.641836404800415
2.6596262454986572
2.713094711303711
2.7392609119415283
2.756836175918579
2.7837095260620117
2.8025639057159424
2.8509445190429688
2.866675853729248
2.7773420810699463
2.738089084625244
2.6921207904815674
2.629026174545288
2.572547674179077
0
0
0
0
0
0
0
0
0
0
0
0
0
0
0
0
0.6206122636795044
0.5932324528694153
0.5589617490768433
0.5520257949829102
0.5523238778114319
0.5178679823875427
0.5188034772872925
0.501079261302948
0.511578381061554
0.4972531795501709
0.4970744848251343
0.5140146017074585
0.5012727379798889
0.4905991554260254
0.4827794134616852
0.48323896527290344
0.46879076957702637
0.46987390518188477
0.48088207840919495
0.4761869013309479
0.49614468216896057
0.4900818169116974
0.46486181020736694
0.47831812500953674
0.49025338888168335
0.48946020007133484
0.5238359570503235
0.4960618317127228
0.5081529021263123
0.5269091725349426
0.5100011229515076
0.526286780834198
0.5203694105148315
0.5576159358024597
0.5615822672843933
0.5756922364234924
0.6050369739532471
0.6386429667472839
0.915365993976593
0.9068501591682434
0.8921750783920288
0.8706032037734985
0.8767874240875244
0.8892852067947388
0.8666063547134399
0.874396026134491
0.8777422308921814
0.8665712475776672
0.8793090581893921
0.8870555758476257
0.9178811311721802
0.9125286936759949
0.9427255988121033
0.980194091796875
0
1.7789500951766968
1.7240509986877441
1.7044460773468018
1.6822938919067383
1.6560816764831543
1.6679441928863525
1.6605215072631836
1.632831335067749
1.663865327835083
1.6404802799224854
1.6591264009475708
1.6469781398773193
1.7043100595474243
1.7409248352050781
1.8411645889282227
2.8651914596557617
2.688434362411499
2.6301815509796143
2.5703847408294678
2.532694101333618
2.5300283432006836
2.4914937019348145
2.4794299602508545
2.459909439086914
2.4693524837493896
2.4702179431915283
2.4644272327423096
2.480457067489624
2.487208127975464
2.5004560947418213
2.5338785648345947
2.556896448135376
2.611020803451538
2.6590518951416016
2.781362771987915
0
0
0
0
0
2.8345046043395996
2.7163143157958984
2.6741466522216797
2.649397850036621
2.6505298614501953
2.632791519165039
2.6291234493255615
2.6331024169921875
2.643672466278076
2.6749465465545654
2.72491192817688
2.7803425788879395
0
0
0
0
0
0
0
0
0
0
0
0
0
0
0
0
0
0
0
0
0
0
0
0
0
0
0
1.9475107192993164
1.923586130142212
1.8987661600112915
1.9076910018920898
1.8913265466690063
1.9275997877120972
1.8930933475494385
1.9329620599746704
1.9955799579620361
0
0
0
0
0
0
0
0
0
0
0
0
0
0
0
0
0
0
1.8727747201919556
0.7114869356155396
0.6705116033554077
0.642029345035553
0.6258776783943176
0.619297981262207
0.6060256361961365
0.6022994518280029
0.5967480540275574
0.5962638258934021
0.6056009531021118
0.5708121657371521
0.5837681889533997
0.6154542565345764
0.5688439011573792
0.5980830192565918
0.5959683060646057
0.5999853014945984
0.5965018272399902
0.6141119003295898
0.608781099319458
0.6319373250007629
0.622123658657074
0.6361734867095947
0.6668919920921326
0.6805993914604187
2.3726072311401367
1.3226996660232544
1.2924314737319946
1.259951114654541
1.2601282596588135
1.2502429485321045
1.2586860656738281
1.2502813339233398
1.2373850345611572
1.242541790008545
1.251990556716919
1.2917667627334595
1.288276195526123
1.3397672176361084
2.6002023220062256
2.6513512134552
0
0
0
0
0
0
0
0
0
