0
0
2.037031888961792
1.9818880558013916
1.9459404945373535
1.9402393102645874
1.923014521598816
1.9348137378692627
1.9458473920822144
1.9600192308425903
1.9932763576507568
0
0
0
0
0
1.4025144577026367
1.3701659440994263
1.3793585300445557
0
0
0
0
0
0
0
0
0
0
0
0
0
0
0
0
0
0
0
0
0
0.896454393863678
0.8545359373092651
0.826488196849823
0.8289291858673096
0.8217893242835999
0.8006857633590698
0.795580267906189
0.7987314462661743
0.7928611636161804
0.7773975729942322
0.783578097820282
0.7966745495796204
0.7934337258338928
0.8017537593841553
0.8116543292999268
0.8043421506881714
0.8312909603118896
0.8226217031478882
0.872443675994873
0.9071811437606812
0
0
2.2028865814208984
2.276343584060669
2.3788628578186035
2.4513237476348877
2.5365493297576904
2.5305347442626953
2.524834156036377
2.5007991790771484
2.489105463027954
2.474332332611084
2.456202983856201
2.448930025100708
2.4173452854156494
2.4136722087860107
2.4175591468811035
2.3941075801849365
2.386796236038208
2.3752002716064453
2.3755321502685547
2.3725345134735107
2.3519604206085205
2.3337647914886475
2.350876808166504
2.349039316177368
1.9339832067489624
2.2996976375579834
2.3437108993530273
2.320488691329956
2.336534261703491
2.3294026851654053
2.336681842803955
2.3439555168151855
2.3434088230133057
2.354461431503296
2.320883274078369
2.3566136360168457
2.35809063911438
2.35854172706604
2.3761990070343018
2.400146484375
2.38085675239563
2.389639139175415
2.3852920532226562
2.446789264678955
2.4347832202911377
2.459649085998535
2.439790964126587
2.3343210220336914
2.215116024017334
2.1061198711395264
2.097288131713867
2.530186653137207
2.55220890045166
2.575442314147949
2.585374116897583
2.616929292678833
2.6438233852386475
2.6628098487854004
2.696406602859497
2.729123592376709
2.7581334114074707
2.7887446880340576
2.8165693283081055
2.8330507278442383
2.8721091747283936
2.8025217056274414
2.7499568462371826
2.6796517372131348
2.5994956493377686
2.5852818489074707
0
0
0
0
0
0
0
0
0
0
0
0
0
0
0
0
0.6035868525505066
0.6022437214851379
0.5638415813446045
0.5509474277496338
0.5376709699630737
0.5361434817314148
0.5130263566970825
0.5002323389053345
0.512700080871582
0.5005082488059998
0.49113544821739197
0.4960748851299286
0.4740499258041382
0.4816576838493347
0.49292024970054626
0.48784339427948
0.4870566725730896
0.47254565358161926
0.4866145849227905
0.4872981011867523
0.47604650259017944
0.4736901521682739
0.48383858799934387
0.5010468363761902
0.4981977045536041
0.48693352937698364
0.48857465386390686
0.48978686332702637
0.5177405476570129
0.5060217380523682
0.5242834091186523
0.5282566547393799
0.5295681953430176
0.5300379395484924
0.5705257654190063
0.5938770174980164
0.6138663291931152
0.6092984080314636
0.9169139266014099
0.9119006991386414
0.8827523589134216
0.8740777373313904
0.8850879073143005
0.8703249096870422
0.8800561428070068
0.8829874992370605
0.8734042048454285
0.8650750517845154
0.887522280216217
0.8749962449073792
0.8993690013885498
0.9270353317260742
0.9453415870666504
0.9918331503868103
0
1.770081877708435
1.7060731649398804
1.7087819576263428
1.6858139038085938
1.657387375831604
1.6358495950698853
1.649133563041687
1.647549033164978
1.6437302827835083
1.6513679027557373
1.6692020893096924
1.6795860528945923
1.7136563062667847
1.7581713199615479
1.8149645328521729
2.865527629852295
2.711672782897949
2.6340439319610596
2.5827436447143555
2.5331192016601562
2.504019021987915
2.485827922821045
2.468665599822998
2.4517226219177246
2.472465991973877
2.4450111389160156
2.452826976776123
2.483085870742798
2.470810651779175
2.493353843688965
2.532907247543335
2.5597763061523438
2.6247026920318604
2.6895360946655273
2.781320571899414
0
0
0
0
0
2.822155475616455
2.7215993404388428
2.6901469230651855
2.6567394733428955
2.621333122253418
2.620927333831787
2.62833833694458
2.6429407596588135
2.6466071605682373
2.6745474338531494
2.734724283218384
2.7757139205932617
0
0
0
0
0
0
0
0
0
0
0
0
0
0
0
0
0
0
0
0
0
0
0
0
0
0
0
1.9717377424240112
1.9205490350723267
1.9076131582260132
1.9003639221191406
1.9009804725646973
1.891387701034546
1.9176061153411865
1.936667561531067
1.997031569480896
0
0
0
0
0
0
0
0
0
0
0
0
0
0
0
0
0
0
1.8756823539733887
0.7211006879806519
0.6734609007835388
0.6443275213241577
0.6478980779647827
0.6349155902862549
0.6136178374290466
0.6041422486305237
0.5933910608291626
0.6014413237571716
0.596677303314209
0.5827416777610779
0.5790988802909851
0.5915656685829163
0.5795891284942627
0.6014964580535889
0.5840875506401062
0.6028424501419067
0.6068249344825745
0.5954003930091858
0.6268590688705444
0.6083436608314514
0.6225853562355042
0.6363136768341064
0.6441155076026917
0.6719890236854553
2.39074444770813
1.3416621685028076
1.2855194807052612
1.2706619501113892
1.2598681449890137
1.2659448385238647
1.2539392709732056
1.2389779090881348
1.2269734144210815
1.2609490156173706
1.2544276714324951
1.2777382135391235
1.2955598831176758
1.293973684310913
2.5859732627868652
2.6174938678741455
0
0
0
0
0
0
0
0
0
