0
0
2.0732364654541016
1.9908182621002197
1.960699200630188
1.9457058906555176
1.927981972694397
1.9172621965408325
1.9413954019546509
1.9731677770614624
2.002387523651123
0
0
0
0
0
1.4091770648956299
1.3795256614685059
1.3956841230392456
0
0
0
0
0
0
0
0
0
0
0
0
0
0
0
0
0
0
0
0
0
0.8925771713256836
0.8744127154350281
0.8429700136184692
0.8118063807487488
0.8062453866004944
0.8123557567596436
0.8102450966835022
0.78680020570755
0.7983704805374146
0.7745417952537537
0.7909879684448242
0.7875552773475647
0.8001155257225037
0.809709370136261
0.7967308759689331
0.8192434310913086
0.8101497292518616
0.8306516408920288
0.8699548840522766
0.9069196581840515
0
0
2.218942165374756
2.2871599197387695
2.3595869541168213
2.4406566619873047
2.5648555755615234
2.5408859252929688
2.4997124671936035
2.4866461753845215
2.4825432300567627
2.474971055984497
2.459341287612915
2.44195556640625
2.431535243988037
2.419354200363159
2.400142192840576
2.387964963912964
2.3965392112731934
2.3809123039245605
2.3630478382110596
2.369821786880493
2.33968448638916
2.355069637298584
2.3339316844940186
2.339616298675537
1.9550690650939941
2.2974979877471924
2.336674928665161
2.3242578506469727
2.332048177719116
2.3355767726898193
2.327316999435425
2.345518112182617
2.3556790351867676
2.3547093868255615
2.3476667404174805
2.3363699913024902
2.3630616664886475
2.353245735168457
2.372589588165283
2.3766636848449707
2.392575263977051
2.403231382369995
2.3947651386260986
2.4405367374420166
2.4268906116485596
2.450117588043213
2.4672844409942627
2.3255531787872314
2.221649646759033
2.112753391265869
2.103651523590088
2.5459909439086914
2.5379745960235596
2.5744636058807373
2.591827630996704
2.6270577907562256
2.679921865463257
2.6481120586395264
2.684271812438965
2.7303919792175293
2.747422456741333
2.7892661094665527
2.825990915298462
2.85518217086792
2.8612070083618164
2.7860829830169678
2.7495369911193848
2.666241407394409
2.6266627311706543
2.558928966522217
0
0
0
0
0
0
0
0
0
0
0
0
0
0
0
0
0.6222758889198303
0.5846308469772339
0.5558735132217407
0.5677927136421204
0.5329917073249817
0.5327132344245911
0.4970996081829071
0.5126587152481079
0.4919807016849518
0.5007965564727783
0.5067599415779114
0.4907895624637604
0.5005276203155518
0.487756609916687
0.48448461294174194
0.48631611466407776
0.4922311305999756
0.49765828251838684
0.4976063370704651
0.4961687922477722
0.4734426736831665
0.4782075583934784
0.5044002532958984
0.48425137996673584
0.4861867129802704
0.48019644618034363
0.47557446360588074
0.4985731244087219
0.521556556224823
0.5235568881034851
0.5096938610076904
0.5271818041801453
0.5264010429382324
0.5452334880828857
0.5560969114303589
0.5728473663330078
0.5976052284240723
0.6128261685371399
0.9111921787261963
0.9168511629104614
0.8902099132537842
0.8709510564804077
0.8641494512557983
0.8620436191558838
0.8613424301147461
0.8675268292427063
0.877113401889801
0.8897210359573364
0.8896523714065552
0.8958781957626343
0.9300768971443176
0.8939772844314575
0.9562819600105286
0.9906249642372131
0
1.7972620725631714
1.7149789333343506
1.6998631954193115
1.6639788150787354
1.6487433910369873
1.6387653350830078
1.65286386013031
1.640807032585144
1.6414406299591064
1.6502736806869507
1.6741563081741333
1.6815762519836426
1.7106542587280273
1.7595350742340088
1.8153752088546753
2.861774444580078
2.6815245151519775
2.62514066696167
2.569242477416992
2.537424325942993
2.498701333999634
2.4900012016296387
2.4764301776885986
2.4611189365386963
2.452171802520752
2.4493465423583984
2.461191415786743
2.4611270427703857
2.465569496154785
2.5020389556884766
2.5238447189331055
2.575582265853882
2.6124207973480225
2.6838581562042236
2.787358522415161
0
0
0
0
0
2.8021509647369385
2.7369861602783203
2.697136878967285
2.642977714538574
2.6390910148620605
2.633882999420166
2.617250919342041
2.6262764930725098
2.6399013996124268
2.6855804920196533
2.7140636444091797
2.7832305431365967
0
0
0
0
0
0
0
0
0
0
0
0
0
0
0
0
0
0
0
0
0
0
0
0
0
0
0
1.9625473022460938
1.9334830045700073
1.9185045957565308
1.8947280645370483
1.8991807699203491
1.8914237022399902
1.914365291595459
1.9298979043960571
2.0069212913513184
0
0
0
0
0
0
0
0
0
0
0
0
0
0
0
0
0
0
1.891361951828003
0.7213895916938782
0.6631743311882019
0.6597324013710022
0.6135482788085938
0.6158736348152161
0.605793297290802
0.6104121208190918
0.6012214422225952
0.5918375849723816
0.5974640846252441
0.590698778629303
0.5890088081359863
0.5807805061340332
0.5825573205947876
0.5912240743637085
0.5947025418281555
0.6003802418708801
0.5909940004348755
0.6083557605743408
0.5967647433280945
0.6014525890350342
0.6293063759803772
0.6478071212768555
0.6768742799758911
0.6817863583564758
2.398747682571411
1.3578647375106812
1.3076649904251099
1.2721256017684937
1.264382243156433
1.2377994060516357
1.2481498718261719
1.225773811340332
1.2289421558380127
1.2551653385162354
1.2574443817138672
1.2690184116363525
1.29762864112854
1.3197840452194214
2.5952563285827637
2.63352632522583
0
0
0
0
0
0
0
0
0
