0
0
2.054999589920044
1.9900765419006348
1.9357686042785645
1.9413386583328247
1.9242709875106812
1.936536192893982
1.9488482475280762
1.961258888244629
1.99891996383667
0
0
0
0
0
1.4217711687088013
1.3634589910507202
1.382644534111023
0
0
0
0
0
0
0
0
0
0
0
0
0
0
0
0
0
0
0
0
0
0.8914911150932312
0.8501390814781189
0.8399767875671387
0.8376782536506653
0.8146766424179077
0.8164727091789246
0.8095757365226746
0.8154947757720947
0.7882964611053467
0.7871739864349365
0.792475700378418
0.8006504774093628
0.7959142327308655
0.7958260774612427
0.7881667017936707
0.8283325433731079
0.8409377336502075
0.8391593098640442
0.8933010697364807
0.9048346281051636
0
0
2.2059147357940674
2.2879953384399414
2.366558790206909
2.4394025802612305
2.5537848472595215
2.5158982276916504
2.5217013359069824
2.498018980026245
2.4832284450531006
2.4670372009277344
2.4576966762542725
2.4414262771606445
2.433357000350952
2.410928726196289
2.3883373737335205
2.3769869804382324
2.3863918781280518
2.3731234073638916
2.385375738143921
2.382995128631592
2.3464765548706055
2.3532607555389404
2.3431832790374756
2.344571113586426
1.944330096244812
2.3251140117645264
2.3448424339294434
2.319918155670166
2.328212261199951
2.344949960708618
2.3296542167663574
2.3399498462677
2.3516807556152344
2.3651657104492188
2.348315477371216
2.349088430404663
2.371098518371582
2.3636367321014404
2.3795053958892822
2.387578010559082
2.3835620880126953
2.3868110179901123
2.3965044021606445
2.4184327125549316
2.4323325157165527
2.445378541946411
2.432615041732788
2.3206546306610107
2.21311354637146
2.128995895385742
2.09075927734375
2.542571544647217
2.5480194091796875
2.5803756713867188
2.608830690383911
2.612903594970703
2.643355131149292
2.678884983062744
2.6856703758239746
2.7348811626434326
2.746260404586792
2.795452833175659
2.8164985179901123
2.8320095539093018
2.874359607696533
2.8290107250213623
2.7425968647003174
2.6810555458068848
2.6288626194000244
2.579423189163208
0
0
0
0
0
0
0
0
0
0
0
0
0
0
0
0
0.6160920858383179
0.5879393815994263
0.5571277141571045
0.5521934628486633
0.5469692349433899
0.5302690267562866
0.5115060210227966
0.48472094535827637
0.5145581960678101
0.49484357237815857
0.4867440462112427
0.48980608582496643
0.5084511637687683
0.46668943762779236
0.47318005561828613
0.4870947003364563
0.49178647994995117
0.46993139386177063
0.49409961700439453
0.4788466989994049
0.49918946623802185
0.48980632424354553
0.4939970076084137
0.47717010974884033
0.4948974847793579
0.5088788270950317
0.4981945753097534
0.4962969720363617
0.5064903497695923
0.5085803270339966
0.5412999391555786
0.5196326375007629
0.5438786745071411
0.5377869606018066
0.5838534235954285
0.5720372796058655
0.5902962684631348
0.6393536329269409
0.9056329131126404
0.8951510787010193
0.8998083472251892
0.8630822896957397
0.8492059111595154
0.8814908266067505
0.8772497773170471
0.8660058379173279
0.8727526664733887
0.8824815154075623
0.8721640706062317
0.8913073539733887
0.8874863386154175
0.9291255474090576
0.9376965761184692
0.9710844159126282
0
1.7726924419403076
1.7413687705993652
1.692978858947754
1.676218032836914
1.6602177619934082
1.6556631326675415
1.6445558071136475
1.652475357055664
1.6390612125396729
1.6522430181503296
1.6688464879989624
1.6827675104141235
1.7005805969238281
1.7378090620040894
1.7981168031692505
2.8696939945220947
2.6973354816436768
2.6143195629119873
2.5702037811279297
2.539799928665161
2.4989280700683594
2.4920637607574463
2.4566216468811035
2.469557285308838
2.466299533843994
2.4714901447296143
2.463467597961426
2.4888737201690674
2.4992613792419434
2.5000033378601074
2.532694101333618
2.5570881366729736
2.6044719219207764
2.68061900138855
2.7842867374420166
0
0
0
0
0
2.8174822330474854
2.716440439224243
2.6928658485412598
2.663239002227783
2.6370413303375244
2.624645471572876
2.6252713203430176
2.6356546878814697
2.6428909301757812
2.6811225414276123
2.717496395111084
2.7989838123321533
0
0
0
0
0
0
0
0
0
0
0
0
0
0
0
0
0
0
0
0
0
0
0
0
0
0
0
1.9562031030654907
1.9422898292541504
1.9030872583389282
1.9007924795150757
1.8853869438171387
1.901194453239441
1.927283525466919
1.962195634841919
2.022552967071533
0
0
0
0
0
0
0
0
0
0
0
0
0
0
0
0
0
0
1.8537765741348267
0.7132834196090698
0.6746436357498169
0.6492897868156433
0.6351842284202576
0.6211574077606201
0.6244603991508484
0.613643229007721
0.5842620730400085
0.5940548777580261
0.592301070690155
0.5927533507347107
0.5896399617195129
0.5865727066993713
0.5900518298149109
0.5789012908935547
0.5920801758766174
0.5799343585968018
0.6159122586250305
0.6062871813774109
0.6121929883956909
0.6200284361839294
0.6251079440116882
0.646466851234436
0.6714646816253662
0.6942249536514282
2.3770456314086914
1.341958999633789
1.2920997142791748
1.2626900672912598
1.2670267820358276
1.2690783739089966
1.2468032836914062
1.2485432624816895
1.239542841911316
1.276772141456604
1.2521190643310547
1.2770816087722778
1.292004108428955
1.3089042901992798
2.5964605808258057
2.6313066482543945
0
0
0
0
0
0
0
0
0
