0
0
2.0455758571624756
1.9880878925323486
1.9573222398757935
1.9609172344207764
1.9234755039215088
1.9434345960617065
1.9448797702789307
1.9622395038604736
1.9992384910583496
0
0
0
0
0
1.4005142450332642
1.3711110353469849
1.374872088432312
0
0
0
0
0
0
0
0
0
0
0
0
0
0
0
0
0
0
0
0
0
0.8913406729698181
0.8729581832885742
0.843154788017273
0.8320680260658264
0.8041142225265503
0.7880458831787109
0.7983711957931519
0.7788130044937134
0.7886126041412354
0.7914422750473022
0.7971768975257874
0.7895839810371399
0.7861238718032837
0.7982061505317688
0.8162967562675476
0.8177425861358643
0.8172403573989868
0.861747145652771
0.8697036504745483
0.9003263115882874
0
0
2.206817626953125
2.2746078968048096
2.3671133518218994
2.4444355964660645
2.56459903717041
2.5181448459625244
2.5226473808288574
2.504171371459961
2.488189935684204
2.4694676399230957
2.4587461948394775
2.437946319580078
2.4353246688842773
2.420102834701538
2.4092862606048584
2.3908607959747314
2.3855056762695312
2.3652682304382324
2.350661277770996
2.3559279441833496
2.348275661468506
2.361764669418335
2.3590469360351562
2.3415958881378174
1.954754114151001
2.3071670532226562
2.347142219543457
2.3399126529693604
2.330394744873047
2.3226449489593506
2.323920965194702
2.345090627670288
2.3429691791534424
2.3378427028656006
2.3556909561157227
2.362239122390747
2.340062379837036
2.3685877323150635
2.3669276237487793
2.376260280609131
2.3870816230773926
2.4016470909118652
2.4076733589172363
2.4144697189331055
2.4393110275268555
2.4493579864501953
2.450629711151123
2.3380184173583984
2.2048709392547607
2.1146273612976074
2.0967018604278564
2.5230274200439453
2.551015853881836
2.5712690353393555
2.5922598838806152
2.635831594467163
2.640455961227417
2.6653220653533936
2.6924002170562744
2.728325128555298
2.746751546859741
2.7958450317382812
2.808751106262207
2.865718126296997
2.8759520053863525
2.7940239906311035
2.731247901916504
2.6767570972442627
2.611546039581299
2.570172071456909
0
0
0
0
0
0
0
0
0
0
0
0
0
0
0
0
0.6031585931777954
0.5732001662254333
0.5594305992126465
0.5565875172615051
0.5591405630111694
0.5125477313995361
0.5118457078933716
0.5287763476371765
0.509712815284729
0.5207787156105042
0.5102953314781189
0.5050368309020996
0.48834437131881714
0.4745267927646637
0.5041117072105408
0.5017841458320618
0.48224034905433655
0.47386959195137024
0.47802066802978516
0.4774458110332489
0.5002389550209045
0.4760167598724365
0.4921715557575226
0.47723880410194397
0.47735291719436646
0.5031452178955078
0.5006195902824402
0.4917893707752228
0.5044131875038147
0.5207551121711731
0.5353755950927734
0.5280320048332214
0.528235912322998
0.5397753119468689
0.5575698018074036
0.5866067409515381
0.598798930644989
0.6323677897453308
0.9037311673164368
0.8893821239471436
0.8934869766235352
0.8790533542633057
0.8646397590637207
0.8652825951576233
0.8709976077079773
0.8928095698356628
0.8780317306518555
0.857006847858429
0.8853172063827515
0.8799482583999634
0.90714430809021
0.9179410338401794
0.9355238676071167
0.9678404331207275
0
1.7865207195281982
1.73090660572052
1.6884549856185913
1.653259515762329
1.6594897508621216
1.6596676111221313
1.6467480659484863
1.639459490776062
1.6652271747589111
1.6461645364761353
1.6788793802261353
1.694831371307373
1.6934391260147095
1.7711862325668335
1.8428860902786255
2.8607277870178223
2.6986136436462402
2.626957416534424
2.5659234523773193
2.5355138778686523
2.4873549938201904
2.508244037628174
2.473271608352661
2.4720897674560547
2.461468458175659
2.446589708328247
2.4546384811401367
2.4525511264801025
2.4810125827789307
2.4898481369018555
2.526092290878296
2.5650360584259033
2.6050844192504883
2.6761417388916016
2.7943973541259766
0
0
0
0
0
2.8228206634521484
2.720202922821045
2.675973415374756
2.662665843963623
2.6309432983398438
2.6042449474334717
2.626382827758789
2.640407085418701
2.632127285003662
2.6713802814483643
2.712656259536743
2.7947304248809814
0
0
0
0
0
0
0
0
0
0
0
0
0
0
0
0
0
0
0
0
0
0
0
0
0
0
0
1.9527350664138794
1.9376049041748047
1.9051735401153564
1.895909070968628
1.917844533920288
1.9112026691436768
1.9022687673568726
1.949049711227417
2.017862558364868
0
0
0
0
0
0
0
0
0
0
0
0
0
0
0
0
0
0
1.8860828876495361
0.7095898389816284
0.6616826057434082
0.6555289030075073
0.6305123567581177
0.6097056269645691
0.612964391708374
0.5925138592720032
0.6091234087944031
0.5979310274124146
0.5988171100616455
0.581047534942627
0.5784912109375
0.5977455377578735
0.5810667276382446
0.5854393243789673
0.57425856590271
0.578456699848175
0.5995498299598694
0.6135056018829346
0.6033833026885986
0.6300843358039856
0.6496660113334656
0.6602413058280945
0.6507207155227661
0.669383704662323
2.39024019241333
1.3409382104873657
1.288519024848938
1.2765206098556519
1.2632101774215698
1.250477910041809
1.245587944984436
1.2463202476501465
1.2458680868148804
1.2435932159423828
1.260782241821289
1.2701632976531982
1.3051254749298096
1.317803978919983
2.571027994155884
2.6205592155456543
0
0
0
0
0
0
0
0
0
