0
0
2.0633034706115723
2.0050129890441895
1.9623934030532837
1.9429795742034912
1.9533113241195679
1.9634287357330322
1.967208981513977
1.960800051689148
2.00991153717041
0
0
0
0
0
1.4117242097854614
1.3830583095550537
1.393297791481018
0
0
0
0
0
0
0
0
0
0
0
0
0
0
0
0
0
0
0
0
0
0.9166694283485413
0.8695706725120544
0.8233886361122131
0.806647777557373
0.812829315662384
0.7998962998390198
0.8085702061653137
0.8007361888885498
0.7864193320274353
0.7953012585639954
0.7861294150352478
0.7981003522872925
0.801706075668335
0.8011829853057861
0.7827179431915283
0.8266419768333435
0.8253360390663147
0.8503697514533997
0.8748278617858887
0.9111503958702087
0
0
2.2199177742004395
2.297395944595337
2.3572027683258057
2.445138692855835
2.551896810531616
2.550964593887329
2.5130419731140137
2.4796884059906006
2.4822170734405518
2.4707939624786377
2.4361865520477295
2.428838014602661
2.431147336959839
2.4144203662872314
2.4083735942840576
2.38814377784729
2.3839316368103027
2.3716981410980225
2.383626937866211
2.370896816253662
2.369290828704834
2.3415324687957764
2.3680310249328613
2.3356213569641113
1.9465290307998657
2.3070101737976074
2.3406646251678467
2.3275210857391357
2.320758819580078
2.3362531661987305
2.3331222534179688
2.338521718978882
2.345355749130249
2.3542520999908447
2.3460917472839355
2.3601114749908447
2.369371175765991
2.368955373764038
2.372213840484619
2.3916208744049072
2.3933277130126953
2.4084839820861816
2.403294086456299
2.4089133739471436
2.436497926712036
2.4504411220550537
2.4723730087280273
2.3120033740997314
2.2290611267089844
2.1297717094421387
2.0871806144714355
2.5228965282440186
2.5483322143554688
2.5779459476470947
2.5964255332946777
2.630328416824341
2.6594176292419434
2.6886847019195557
2.6968467235565186
2.73673152923584
2.7509751319885254
2.788966655731201
2.8263885974884033
2.860877275466919
2.84354305267334
2.7964284420013428
2.741976261138916
2.679577589035034
2.6175193786621094
2.5721640586853027
0
0
0
0
0
0
0
0
0
0
0
0
0
0
0
0
0.6280595064163208
0.5891405344009399
0.5651734471321106
0.5359450578689575
0.5488504767417908
0.5342286229133606
0.5232454538345337
0.5182499885559082
0.5125895738601685
0.4979315996170044
0.48817798495292664
0.5009761452674866
0.48331308364868164
0.511074423789978
0.5084891319274902
0.4794404208660126
0.4849025011062622
0.49064114689826965
0.4766834080219269
0.48539990186691284
0.466327965259552
0.49211591482162476
0.4773115813732147
0.4993823766708374
0.4873848557472229
0.4889313876628876
0.5024133920669556
0.5038018822669983
0.5077481269836426
0.5223004221916199
0.5229794979095459
0.5241114497184753
0.5310466289520264
0.5418453812599182
0.5652356743812561
0.5699977874755859
0.5850325226783752
0.6238303780555725
0.9185909032821655
0.8856593370437622
0.88504958152771
0.8738254308700562
0.8861748576164246
0.8602294921875
0.8667966723442078
0.8852549195289612
0.8779602646827698
0.8870058655738831
0.8857859373092651
0.8920362591743469
0.8945711851119995
0.924993634223938
0.9337164759635925
0.9819203019142151
0
1.7745825052261353
1.7288380861282349
1.6895864009857178
1.6788171529769897
1.6532155275344849
1.6352369785308838
1.6572102308273315
1.6266270875930786
1.65110182762146
1.668711543083191
1.667891025543213
1.6937379837036133
1.701985239982605
1.7377010583877563
1.8464398384094238
2.8628053665161133
2.6938157081604004
2.6097500324249268
2.5985913276672363
2.5392849445343018
2.512399196624756
2.4918322563171387
2.472888231277466
2.4533002376556396
2.468463182449341
2.4793994426727295
2.4575443267822266
2.481943368911743
2.496361255645752
2.509004831314087
2.520733118057251
2.5489797592163086
2.6109213829040527
2.675542116165161
2.7837154865264893
0
0
0
0
0
2.811939001083374
2.7203569412231445
2.680884599685669
2.649364709854126
2.622960329055786
2.609482765197754
2.6274051666259766
2.635404109954834
2.62615966796875
2.6505789756774902
2.7183854579925537
2.77478289604187
0
0
0
0
0
0
0
0
0
0
0
0
0
0
0
0
0
0
0
0
0
0
0
0
0
0
0
1.9513131380081177
1.9290673732757568
1.9105483293533325
1.9085618257522583
1.8971134424209595
1.8885892629623413
1.9236115217208862
1.9300670623779297
1.9989525079727173
0
0
0
0
0
0
0
0
0
0
0
0
0
0
0
0
0
0
1.8780858516693115
0.7035794258117676
0.6759275197982788
0.6457021236419678
0.6401594281196594
0.6244369745254517
0.6305359601974487
0.5926392078399658
0.5913036465644836
0.6101323366165161
0.5774763226509094
0.5978744029998779
0.5790392756462097
0.566729724407196
0.5878025889396667
0.5876600742340088
0.5885727405548096
0.6025288701057434
0.6001177430152893
0.5884074568748474
0.6013033986091614
0.6003610491752625
0.6353214979171753
0.6417793035507202
0.651602566242218
0.6745713949203491
2.393580436706543
1.3366968631744385
1.3036431074142456
1.2878074645996094
1.2632068395614624
1.256691575050354
1.2417738437652588
1.2587525844573975
1.2291738986968994
1.2605308294296265
1.2638680934906006
1.2568058967590332
1.2900285720825195
1.3087413311004639
2.5963950157165527
2.652405023574829
0
0
0
0
0
0
0
0
0
