0
0
2.0573625564575195
1.9774987697601318
1.957664966583252
1.9407248497009277
1.9382413625717163
1.956799030303955
1.953088402748108
1.9593241214752197
2.0067267417907715
0
0
0
0
0
1.4081721305847168
1.3718676567077637
1.3868904113769531
0
0
0
0
0
0
0
0
0
0
0
0
0
0
0
0
0
0
0
0
0
0.8856970071792603
0.8551106452941895
0.83170086145401
0.8312410712242126
0.8286029100418091
0.8099578022956848
0.7909138202667236
0.8006125092506409
0.7770372033119202
0.7939251065254211
0.7812584638595581
0.7906252145767212
0.7878707647323608
0.8018059730529785
0.8011491298675537
0.8186987042427063
0.8292227387428284
0.831305980682373
0.8725166916847229
0.9086722135543823
0
0
2.208596706390381
2.2815940380096436
2.3744025230407715
2.4668242931365967
2.548021078109741
2.5307188034057617
2.5156517028808594
2.513047695159912
2.476628065109253
2.4584124088287354
2.4554288387298584
2.4433481693267822
2.4245381355285645
2.415031909942627
2.39433217048645
2.3976223468780518
2.385202169418335
2.3681998252868652
2.3784584999084473
2.364436388015747
2.3463633060455322
2.3641815185546875
2.3536999225616455
2.351621150970459
1.938177227973938
2.282088041305542
2.323781967163086
2.3379859924316406
2.32857346534729
2.3299710750579834
2.3214428424835205
2.3395535945892334
2.3361856937408447
2.3468966484069824
2.352041006088257
2.358396291732788
2.3466713428497314
2.3580989837646484
2.3602211475372314
2.3943734169006348
2.367765188217163
2.4113688468933105
2.421807050704956
2.4173901081085205
2.419879674911499
2.4494853019714355
2.4451630115509033
2.327253818511963
2.2221930027008057
2.1277310848236084
2.1060619354248047
2.5335793495178223
2.567370653152466
2.570927381515503
2.597583055496216
2.616136312484741
2.638234853744507
2.6689090728759766
2.6975035667419434
2.7139525413513184
2.7655842304229736
2.7696611881256104
2.8174819946289062
2.8295681476593018
2.8775746822357178
2.803236722946167
2.746535301208496
2.6801726818084717
2.614999532699585
2.569204330444336
0
0
0
0
0
0
0
0
0
0
0
0
0
0
0
0
0.6194832921028137
0.5764614343643188
0.5669723749160767
0.5555712580680847
0.5504761338233948
0.539569616317749
0.5161322355270386
0.5107635855674744
0.5018128156661987
0.508743941783905
0.5033478736877441
0.49450382590293884
0.48799222707748413
0.4969938099384308
0.502704918384552
0.4704239070415497
0.49038851261138916
0.47259455919265747
0.501986563205719
0.48176315426826477
0.485276997089386
0.48936086893081665
0.48741236329078674
0.49283289909362793
0.4757918417453766
0.4992419183254242
0.4951742887496948
0.5111498832702637
0.5094565749168396
0.5133626461029053
0.5113301277160645
0.5163200497627258
0.5193193554878235
0.5432721972465515
0.5627002716064453
0.5835047960281372
0.5761637687683105
0.6351872086524963
0.9153555035591125
0.9005276560783386
0.8758460283279419
0.8805140852928162
0.8685967922210693
0.8786619901657104
0.8840994238853455
0.8641846179962158
0.8882951736450195
0.8756242394447327
0.8857740163803101
0.9068513512611389
0.9147382974624634
0.9202993512153625
0.9413809180259705
0.9866377711296082
0
1.771104097366333
1.7408716678619385
1.6803315877914429
1.673038363456726
1.6418815851211548
1.6348735094070435
1.650260329246521
1.6425515413284302
1.6446274518966675
1.6550191640853882
1.6663514375686646
1.6925138235092163
1.7166616916656494
1.7453932762145996
1.8131636381149292
2.845837116241455
2.69026255607605
2.614440679550171
2.5757999420166016
2.520751953125
2.509378433227539
2.5002076625823975
2.476984739303589
2.4565939903259277
2.472784996032715
2.459676742553711
2.4784014225006104
2.4635143280029297
2.4755218029022217
2.5309393405914307
2.5133228302001953
2.559831380844116
2.608729839324951
2.667912483215332
2.779881477355957
0
0
0
0
0
2.7940762042999268
2.726746082305908
2.670647621154785
2.652184247970581
2.6275687217712402
2.612398862838745
2.6195991039276123
2.655958414077759
2.657489538192749
2.6618008613586426
2.7104110717773438
2.7886455059051514
0
0
0
0
0
0
0
0
0
0
0
0
0
0
0
0
0
0
0
0
0
0
0
0
0
0
0
1.9732898473739624
1.942020297050476
1.9266389608383179
1.8960639238357544
1.8901926279067993
1.9032783508300781
1.9073530435562134
1.9509845972061157
1.997455358505249
0
0
0
0
0
0
0
0
0
0
0
0
0
0
0
0
0
0
1.872286319732666
0.6936582326889038
0.6611567139625549
0.6541131138801575
0.629786491394043
0.614538311958313
0.6197288036346436
0.5983932614326477
0.5845203995704651
0.6048133969306946
0.6018297076225281
0.6218782663345337
0.5937372446060181
0.5871771574020386
0.5762085914611816
0.5806171894073486
0.6022865772247314
0.6028448343276978
0.5877899527549744
0.6096650958061218
0.6071434020996094
0.6204842925071716
0.6200670003890991
0.6499553918838501
0.6457492709159851
0.6725459098815918
2.4057884216308594
1.3372663259506226
1.2859575748443604
1.2918459177017212
1.2680515050888062
1.251291036605835
1.2663606405258179
1.2499358654022217
1.268438696861267
1.2691096067428589
1.2653660774230957
1.2711001634597778
1.3178030252456665
1.32548189163208
2.5991222858428955
2.637972354888916
0
0
0
0
0
0
0
0
0
