0
0
2.06284236907959
1.9982715845108032
1.9556692838668823
1.9597834348678589
1.9422001838684082
1.921051025390625
1.9407232999801636
1.9741374254226685
1.9971035718917847
0
0
0
0
0
1.4053573608398438
1.3847086429595947
1.3738678693771362
0
0
0
0
0
0
0
0
0
0
0
0
0
0
0
0
0
0
0
0
0
0.8968677520751953
0.8566920161247253
0.8401021361351013
0.8202961087226868
0.8304557800292969
0.810611367225647
0.800184965133667
0.7794620990753174
0.775078296661377
0.7815131545066833
0.7916139364242554
0.8160174489021301
0.8055328130722046
0.810797929763794
0.8149586319923401
0.819135844707489
0.83965003490448
0.8503945469856262
0.8736656308174133
0.916143536567688
0
0
2.1738290786743164
2.277306318283081
2.374098300933838
2.4756646156311035
2.56950044631958
2.5478172302246094
2.530748128890991
2.5059220790863037
2.4739444255828857
2.4760162830352783
2.468444347381592
2.430687189102173
2.434419631958008
2.413311719894409
2.405766725540161
2.3861420154571533
2.3965859413146973
2.4004933834075928
2.380065441131592
2.3477377891540527
2.352421760559082
2.3578176498413086
2.34509539604187
2.3641321659088135
1.9470584392547607
2.2761330604553223
2.348569869995117
2.343526840209961
2.337594747543335
2.3396050930023193
2.337167739868164
2.353677272796631
2.3292272090911865
2.3341610431671143
2.348416566848755
2.3688924312591553
2.365666627883911
2.3662140369415283
2.388007879257202
2.385895013809204
2.4007580280303955
2.4282212257385254
2.3963677883148193
2.4220778942108154
2.4111545085906982
2.455582857131958
2.475057601928711
2.3369250297546387
2.217118263244629
2.1140012741088867
2.1078100204467773
2.5500564575195312
2.5485942363739014
2.577857255935669
2.5976648330688477
2.612826108932495
2.644888162612915
2.6747841835021973
2.7062816619873047
2.724372625350952
2.748621702194214
2.79603910446167
2.814460515975952
2.859482765197754
2.8479747772216797
2.806101083755493
2.746086359024048
2.679532766342163
2.630277633666992
2.5946152210235596
0
0
0
0
0
0
0
0
0
0
0
0
0
0
0
0
0.6115795969963074
0.5953800678253174
0.5797252058982849
0.56037837266922
0.5231320858001709
0.5352553129196167
0.5275816917419434
0.5170985460281372
0.49196600914001465
0.5064519643783569
0.48538216948509216
0.4969012141227722
0.49226289987564087
0.4868054986000061
0.49108368158340454
0.4681706726551056
0.4835224151611328
0.45839840173721313
0.4746767580509186
0.4917867183685303
0.47792258858680725
0.47548002004623413
0.48634618520736694
0.4901779592037201
0.48073241114616394
0.48717498779296875
0.49482616782188416
0.5082104802131653
0.4902098476886749
0.5018795132637024
0.5176199674606323
0.5318225622177124
0.5266289710998535
0.5366783142089844
0.5626145601272583
0.5809047818183899
0.6036786437034607
0.6390336155891418
0.9231608510017395
0.8888012170791626
0.8864871859550476
0.8893742561340332
0.8692044019699097
0.8661082983016968
0.867965042591095
0.8669518232345581
0.8682567477226257
0.8712835907936096
0.8907678127288818
0.878557026386261
0.9010440111160278
0.9071791768074036
0.949116051197052
0.9926323294639587
0
1.7836955785751343
1.7233036756515503
1.7026582956314087
1.668692946434021
1.6501058340072632
1.6500910520553589
1.6244956254959106
1.6549097299575806
1.648153305053711
1.6651917695999146
1.6414166688919067
1.6790457963943481
1.7033703327178955
1.752293348312378
1.8379331827163696
2.877655506134033
2.6979312896728516
2.6203696727752686
2.588242530822754
2.547497510910034
2.5160646438598633
2.482963800430298
2.4804413318634033
2.4606146812438965
2.4517107009887695
2.440351963043213
2.472512722015381
2.4763898849487305
2.4713966846466064
2.5012943744659424
2.5353007316589355
2.555964231491089
2.6059165000915527
2.6701900959014893
2.77469801902771
0
0
0
0
0
2.820751428604126
2.723670482635498
2.6922059059143066
2.667407274246216
2.6240217685699463
2.6286184787750244
2.6306982040405273
2.6380257606506348
2.650852918624878
2.666321039199829
2.6909804344177246
2.795825719833374
0
0
0
0
0
0
0
0
0
0
0
0
0
0
0
0
0
0
0
0
0
0
0
0
0
0
0
1.9659367799758911
1.9218400716781616
1.8952983617782593
1.8976911306381226
1.8978427648544312
1.9089138507843018
1.933693766593933
1.9460004568099976
1.9909461736679077
0
0
0
0
0
0
0
0
0
0
0
0
0
0
0
0
0
0
1.8531194925308228
0.7131885290145874
0.6616294980049133
0.6450303792953491
0.641815185546875
0.618325412273407
0.6115907430648804
0.607469916343689
0.583732545375824
0.5920800566673279
0.588686466217041
0.6108973026275635
0.5879333019256592
0.5850558876991272
0.5924312472343445
0.5827890634536743
0.5869069695472717
0.6054047346115112
0.5998148322105408
0.5851016640663147
0.6339608430862427
0.632398784160614
0.6218224167823792
0.6444799900054932
0.6470448970794678
0.6865027546882629
2.388096570968628
1.3514360189437866
1.302652359008789
1.2846812009811401
1.252065658569336
1.2567472457885742
1.2775110006332397
1.227772831916809
1.244803547859192
1.2549494504928589
1.268768072128296
1.2759921550750732
1.287404179573059
1.316063642501831
2.592761754989624
2.621474504470825
0
0
0
0
0
0
0
0
0
