0
0
2.061645030975342
2.0062623023986816
1.9504249095916748
1.9272984266281128
1.949183464050293
1.9441421031951904
1.9454909563064575
1.9596058130264282
1.9884474277496338
0
0
0
0
0
1.4180814027786255
1.3830581903457642
1.388430118560791
0
0
0
0
0
0
0
0
0
0
0
0
0
0
0
0
0
0
0
0
0
0.8931902050971985
0.845229983329773
0.8261297345161438
0.8096078634262085
0.7982172966003418
0.8103485703468323
0.8013765811920166
0.80373215675354
0.7808787226676941
0.7767080068588257
0.7771720290184021
0.7968938946723938
0.8145169615745544
0.7984784841537476
0.7965114116668701
0.8126922845840454
0.8148908615112305
0.8585796356201172
0.8699564933776855
0.8996111154556274
0
0
2.2019340991973877
2.272305488586426
2.377608060836792
2.4465150833129883
2.5575029850006104
2.530775785446167
2.5086421966552734
2.4970104694366455
2.489610195159912
2.479238986968994
2.4565956592559814
2.4376416206359863
2.420875310897827
2.400639772415161
2.4158146381378174
2.4016470909118652
2.3998489379882812
2.3821582794189453
2.3644003868103027
2.3604137897491455
2.3730852603912354
2.3396658897399902
2.360691547393799
2.343052387237549
1.929908037185669
2.314295768737793
2.3509681224823
2.3324341773986816
2.3340437412261963
2.3422961235046387
2.3319945335388184
2.319608211517334
2.3227174282073975
2.3435192108154297
2.3376426696777344
2.3678247928619385
2.3720624446868896
2.3673527240753174
2.3678622245788574
2.3864047527313232
2.366751194000244
2.411719799041748
2.4108612537384033
2.425581693649292
2.433612585067749
2.424489974975586
2.445331573486328
2.3396952152252197
2.211923599243164
2.12158203125
2.105654716491699
2.524508476257324
2.5760269165039062
2.573747158050537
2.596306800842285
2.6198177337646484
2.655216932296753
2.6547722816467285
2.703319549560547
2.7077951431274414
2.732509136199951
2.7778899669647217
2.815764904022217
2.8421926498413086
2.878559112548828
2.807922601699829
2.726273775100708
2.6864373683929443
2.6207900047302246
2.5787055492401123
0
0
0
0
0
0
0
0
0
0
0
0
0
0
0
0
0.6169106960296631
0.597345769405365
0.5702024102210999
0.569006085395813
0.5336526036262512
0.5307000279426575
0.5087187886238098
0.5067282319068909
0.5102360248565674
0.50149005651474
0.4869200587272644
0.48475348949432373
0.5031776428222656
0.5125066637992859
0.4824184477329254
0.47974273562431335
0.5064494609832764
0.48629504442214966
0.4933192729949951
0.492624968290329
0.4605065584182739
0.4740432798862457
0.48658546805381775
0.49368971586227417
0.5016082525253296
0.47983086109161377
0.5064719319343567
0.48659810423851013
0.5155995488166809
0.518614649772644
0.5041815042495728
0.5176819562911987
0.5608800649642944
0.5462555289268494
0.5819880962371826
0.5702980756759644
0.6110029816627502
0.6264496445655823
0.913423478603363
0.9075946807861328
0.8793852925300598
0.8819871544837952
0.8829904198646545
0.8942263126373291
0.8574789762496948
0.8818763494491577
0.87068110704422
0.8835017681121826
0.8941293954849243
0.889307975769043
0.8939307928085327
0.9095528721809387
0.9249927401542664
0.9802322387695312
0
1.783598780632019
1.7428423166275024
1.693069577217102
1.6658447980880737
1.6654540300369263
1.6413123607635498
1.6384063959121704
1.642799973487854
1.6607927083969116
1.6437422037124634
1.659237027168274
1.6905031204223633
1.7140072584152222
1.7572170495986938
1.8306851387023926
2.83967924118042
2.72507381439209
2.646794557571411
2.562448263168335
2.53082013130188
2.512531280517578
2.5196430683135986
2.479701519012451
2.4488115310668945
2.4719886779785156
2.467039108276367
2.4705090522766113
2.47519850730896
2.4703619480133057
2.507667303085327
2.521892786026001
2.572014570236206
2.5973122119903564
2.676424980163574
2.7887399196624756
0
0
0
0
0
2.824197769165039
2.7257204055786133
2.677175998687744
2.6441824436187744
2.6489806175231934
2.623619556427002
2.625993251800537
2.633955955505371
2.6527645587921143
2.6640961170196533
2.7012081146240234
2.7866580486297607
0
0
0
0
0
0
0
0
0
0
0
0
0
0
0
0
0
0
0
0
0
0
0
0
0
0
0
1.9478195905685425
1.9156993627548218
1.9027655124664307
1.8922889232635498
1.8852521181106567
1.883015751838684
1.9059585332870483
1.940934419631958
1.9935717582702637
0
0
0
0
0
0
0
0
0
0
0
0
0
0
0
0
0
0
1.8774257898330688
0.7165425419807434
0.6707055568695068
0.6486895680427551
0.6190752983093262
0.6305093765258789
0.6069649457931519
0.6043703556060791
0.6129217743873596
0.586700975894928
0.5994446277618408
0.5837679505348206
0.5834842920303345
0.6068530082702637
0.5926488637924194
0.5943683385848999
0.5885950326919556
0.5976096987724304
0.5975658893585205
0.6002027988433838
0.6048688292503357
0.6235382556915283
0.626990020275116
0.6427193284034729
0.6632406115531921
0.6881198287010193
2.387613534927368
1.3490630388259888
1.2942113876342773
1.283323049545288
1.274527907371521
1.2446534633636475
1.2644529342651367
1.2417576313018799
1.2517871856689453
1.2528319358825684
1.2589915990829468
1.2730385065078735
1.2883378267288208
1.336632490158081
2.5948264598846436
2.63861083984375
0
0
0
0
0
0
0
0
0
