1.504844069480896
1.5239510536193848
1.5305254459381104
1.528903603553772
1.5686042308807373
0
0
0
0
0
2.1936635971069336
2.1076691150665283
2.0709152221679688
2.0752146244049072
2.068150758743286
2.084882974624634
2.0812153816223145
2.119368076324463
2.1415517330169678
0
0
0
0
0
0
0
0
0
0
0
0
0
1.0519917011260986
1.002503752708435
0.9891075491905212
0.9644871950149536
0.9420551657676697
0.9565588235855103
0.952834963798523
0.9388474822044373
0.9271936416625977
0.9294926524162292
0.9320983290672302
0.9300283789634705
0.9788246750831604
0.9646105170249939
0.9714323282241821
0.990798830986023
1.009885549545288
0
0
0
0
0
0
0
0
0
0
0
0
1.7277731895446777
1.7171930074691772
0
0
0
0
0
0
0.6196923851966858
0.5937653183937073
0.5802920460700989
0.5743523240089417
0.5348013639450073
0.5552013516426086
0.5296276807785034
0.5087009072303772
0.5354036092758179
0.5255865454673767
0.5197340846061707
0.505408525466919
0.5128101110458374
0.5111215710639954
0.51175856590271
0.5115562081336975
0.5311880111694336
0.5183398723602295
0.5273260474205017
0.5298426151275635
0.5327446460723877
0.5500302314758301
0.5584868788719177
0.5414560437202454
0.566658079624176
0.5754280686378479
0.616252064704895
3.308854579925537
3.0967698097229004
3.5
0
0
0
0
0
0
0
0
0
0
0
0
0
3.3770499229431152
3.3243749141693115
0
0
0
0
0
0
0
0
0
0
0
0
1.6418581008911133
1.613158106803894
1.5726314783096313
1.570245385169983
1.5381850004196167
1.5418992042541504
1.5289753675460815
1.5315258502960205
1.5441293716430664
1.5577616691589355
1.5456736087799072
1.5623085498809814
1.572736382484436
1.6216133832931519
1.6748356819152832
0
0
0
1.7252411842346191
1.6599524021148682
1.6304153203964233
1.6031601428985596
1.601731538772583
1.6104432344436646
1.601529598236084
1.6313676834106445
1.6300162076950073
1.660427212715149
1.7453157901763916
0
0
0
0
0
0
0
0
0
0
0
0
0
0
2.0320351123809814
1.9887962341308594
1.957564115524292
1.9178727865219116
1.9218125343322754
1.9022564888000488
1.9018803834915161
1.9046963453292847
1.911510705947876
1.9037902355194092
1.9332243204116821
1.9897061586380005
2.0476090908050537
0
0
0
0
0
0
0
0
0
0
0
2.499553918838501
2.413809061050415
2.3479936122894287
2.3202991485595703
2.2766082286834717
2.2547285556793213
2.2546823024749756
2.237886667251587
2.198352575302124
2.2009060382843018
2.2049906253814697
2.2137556076049805
2.198782444000244
2.235778570175171
2.2239067554473877
2.2587835788726807
2.2837743759155273
2.2832446098327637
2.341088056564331
2.397000312805176
2.4859440326690674
0
0
0
0
2.15685772895813
2.0687813758850098
1.9966140985488892
1.9798990488052368
1.9650615453720093
1.9551293849945068
1.9572099447250366
1.9164453744888306
1.9397315979003906
1.928878903388977
1.9419623613357544
1.946198582649231
1.968323826789856
2.0076701641082764
2.059798240661621
2.1293537616729736
0
0
0
0
0
0
0
0
3.490605354309082
3.4430997371673584
3.41838002204895
3.4004316329956055
3.356468439102173
3.3336918354034424
3.305209159851074
3.2916111946105957
3.2561302185058594
3.2516636848449707
3.225369691848755
3.2035958766937256
3.1989591121673584
3.1793696880340576
3.1515824794769287
3.1419320106506348
3.2972519397735596
3.114994764328003
3.119872570037842
3.1118924617767334
3.090877056121826
3.079022169113159
0.7801693677902222
0.7629083395004272
0.7342460751533508
0.7362313866615295
0.7007101774215698
0.701450765132904
0.6899644136428833
0.6937588453292847
0.6931576132774353
0.693586528301239
0.6774058938026428
0.692528486251831
0.6917791962623596
0.6850904822349548
0.6975114941596985
0.7112375497817993
0.72100830078125
0.7355642914772034
0.7483174800872803
0.7448838353157043
0.7749015688896179
3.1655025482177734
3.1999332904815674
3.2166481018066406
3.2238807678222656
3.2521684169769287
3.2539515495300293
3.3057827949523926
0
0
0
0
0
0
0
0
0
0
0
0
0
0
0
0
0
0
0
0
0
2.596130132675171
2.571176052093506
2.548318862915039
2.572774887084961
2.570929527282715
2.609179973602295
2.6971323490142822
0
0
0
0
0
0
0
1.4542325735092163
1.4314874410629272
1.4159327745437622
1.4028078317642212
1.396756649017334
0.8050826191902161
0.7722784876823425
0.7710860371589661
0.7484428882598877
0.7471619844436646
0.7293182611465454
0.7203400135040283
0.7287946343421936
0.7256155014038086
0.7212132215499878
0.7163313031196594
0.7178111672401428
0.7050600051879883
0.7401407361030579
0.7306250929832458
0.7412009239196777
0.7512379884719849
0.751462996006012
0.7691177129745483
0.8214424252510071
0.8564744591712952
1.594595193862915
1.567527413368225
1.5412777662277222
1.5108767747879028
1.5012235641479492
1.5101958513259888
1.5062915086746216
