0
0
2.0438904762268066
1.9996898174285889
1.9651103019714355
1.9339897632598877
1.928343653678894
1.9443548917770386
1.9635661840438843
1.9552258253097534
2.001021146774292
0
0
0
0
0
1.3983420133590698
1.379895567893982
1.3820847272872925
0
0
0
0
0
0
0
0
0
0
0
0
0
0
0
0
0
0
0
0
0
0.8939768075942993
0.8522826433181763
0.8523858785629272
0.830868661403656
0.8057429194450378
0.8108634948730469
0.8054531812667847
0.8069648146629333
0.7975753545761108
0.7987431883811951
0.8088433742523193
0.7964265942573547
0.8031677603721619
0.8186812996864319
0.802189290523529
0.802332878112793
0.8317604660987854
0.8406880497932434
0.8623788356781006
0.9091516733169556
0
0
2.2051517963409424
2.2665536403656006
2.3516807556152344
2.449289083480835
2.5439200401306152
2.521388053894043
2.519526958465576
2.4997549057006836
2.474785804748535
2.4687070846557617
2.4350926876068115
2.439444065093994
2.436077356338501
2.414902925491333
2.4153072834014893
2.39201021194458
2.402106761932373
2.388476610183716
2.3585331439971924
2.3671445846557617
2.369600534439087
2.356656551361084
2.360015869140625
2.3572189807891846
1.9401969909667969
2.291999101638794
2.312528371810913
2.32559871673584
2.3402600288391113
2.3406779766082764
2.343078851699829
2.336677074432373
2.358689069747925
2.3518755435943604
2.3390705585479736
2.3442981243133545
2.3600237369537354
2.3718888759613037
2.361011028289795
2.3626790046691895
2.381338596343994
2.3879120349884033
2.3982176780700684
2.4221067428588867
2.4415347576141357
2.447998523712158
2.4605557918548584
2.327191114425659
2.2430522441864014
2.1266591548919678
2.096588611602783
2.5273139476776123
2.552802085876465
2.5702624320983887
2.5994951725006104
2.6208043098449707
2.637753486633301
2.6773464679718018
2.6816437244415283
2.719271183013916
2.735008716583252
2.7753686904907227
2.8157706260681152
2.830145835876465
2.8542487621307373
2.790523052215576
2.742029905319214
2.685227870941162
2.6397550106048584
2.5749619007110596
0
0
0
0
0
0
0
0
0
0
0
0
0
0
0
0
0.6077081561088562
0.5682449340820312
0.5481525659561157
0.5313398241996765
0.5382283329963684
0.5422874689102173
0.5182419419288635
0.5171424150466919
0.5148974061012268
0.5172343850135803
0.491529643535614
0.47941863536834717
0.4973301291465759
0.48367318511009216
0.4873872995376587
0.4913371801376343
0.48703423142433167
0.47895190119743347
0.49201640486717224
0.4785502552986145
0.46812257170677185
0.48259493708610535
0.48921331763267517
0.4956597685813904
0.4784984290599823
0.49299365282058716
0.503381609916687
0.5070348381996155
0.5118088722229004
0.5055640339851379
0.5214064121246338
0.5245155096054077
0.5209994912147522
0.5442343950271606
0.5574299097061157
0.5702300667762756
0.579829216003418
0.6498497128486633
0.9236085414886475
0.8960384130477905
0.8884224891662598
0.8758341670036316
0.8709836602210999
0.8657876253128052
0.8795191645622253
0.8801418542861938
0.8785268068313599
0.8746429085731506
0.8873192071914673
0.8864473104476929
0.9011564254760742
0.9013429880142212
0.9283922910690308
0.9933340549468994
0
1.759706735610962
1.7433818578720093
1.674930214881897
1.6832473278045654
1.6500495672225952
1.654008388519287
1.6394532918930054
1.651445746421814
1.639513373374939
1.6411035060882568
1.656821846961975
1.6778886318206787
1.7086012363433838
1.7484967708587646
1.835921287536621
2.861828327178955
2.7211620807647705
2.6224234104156494
2.55440354347229
2.5393295288085938
2.506592273712158
2.5003597736358643
2.478256940841675
2.465053081512451
2.4597506523132324
2.4646995067596436
2.4661519527435303
2.465348243713379
2.4852170944213867
2.4883246421813965
2.5259058475494385
2.5745348930358887
2.611462116241455
2.6739907264709473
2.7832531929016113
0
0
0
0
0
2.819265842437744
2.7342288494110107
2.6838607788085938
2.655144691467285
2.625908136367798
2.621497392654419
2.60621976852417
2.6308486461639404
2.6436357498168945
2.683396339416504
2.734393835067749
2.7783663272857666
0
0
0
0
0
0
0
0
0
0
0
0
0
0
0
0
0
0
0
0
0
0
0
0
0
0
0
1.953949213027954
1.9224953651428223
1.9074732065200806
1.8899157047271729
1.9010244607925415
1.9003902673721313
1.9279125928878784
1.945375919342041
1.9986103773117065
0
0
0
0
0
0
0
0
0
0
0
0
0
0
0
0
0
0
1.8812886476516724
0.7244299650192261
0.6599084138870239
0.6575279235839844
0.6323056817054749
0.640965461730957
0.6295458674430847
0.6031131744384766
0.600655734539032
0.5899106860160828
0.6059938669204712
0.591327428817749
0.5875018239021301
0.5682051181793213
0.5965164303779602
0.6001310348510742
0.5971552133560181
0.6088834404945374
0.5951231718063354
0.6074696183204651
0.5950570702552795
0.6182671189308167
0.6340699195861816
0.63493812084198
0.6543915271759033
0.6933431029319763
2.3997132778167725
1.3301907777786255
1.28694486618042
1.2867743968963623
1.2695348262786865
1.2468905448913574
1.2455496788024902
1.2503600120544434
1.251643180847168
1.245989441871643
1.2506288290023804
1.2771828174591064
1.282673954963684
1.3257460594177246
2.5654959678649902
2.6273560523986816
0
0
0
0
0
0
0
0
0
