0
0
2.0544071197509766
1.9873268604278564
1.954540729522705
1.925344705581665
1.9432473182678223
1.9239938259124756
1.9427847862243652
1.971609354019165
1.9912478923797607
0
0
0
0
0
1.4242838621139526
1.3617249727249146
1.3794978857040405
0
0
0
0
0
0
0
0
0
0
0
0
0
0
0
0
0
0
0
0
0
0.9090845584869385
0.8426568508148193
0.8318413496017456
0.8234230875968933
0.8020991683006287
0.7983704209327698
0.7787447571754456
0.7916903495788574
0.7921240329742432
0.7950842976570129
0.7853686809539795
0.7874445915222168
0.8071817755699158
0.8135885000228882
0.8057284951210022
0.8108610510826111
0.840509295463562
0.833729088306427
0.8698000311851501
0.9157748222351074
0
0
2.2057723999023438
2.277726888656616
2.3533992767333984
2.461190700531006
2.5659689903259277
2.5383007526397705
2.522796630859375
2.497480869293213
2.4768059253692627
2.4739651679992676
2.454921245574951
2.4520761966705322
2.437042236328125
2.420266628265381
2.408923625946045
2.39448618888855
2.3856394290924072
2.3680944442749023
2.367755651473999
2.3701186180114746
2.3460288047790527
2.3675742149353027
2.348553419113159
2.3504176139831543
1.9372832775115967
2.3038132190704346
2.32735538482666
2.343716621398926
2.338747978210449
2.32625675201416
2.3330917358398438
2.3399658203125
2.341493606567383
2.3489370346069336
2.3470637798309326
2.354592800140381
2.3638899326324463
2.3698642253875732
2.3857619762420654
2.3802011013031006
2.40360164642334
2.3927459716796875
2.3966786861419678
2.4137117862701416
2.444389820098877
2.4535064697265625
2.4424595832824707
2.3348076343536377
2.219717264175415
2.1349382400512695
2.1067891120910645
2.518294334411621
2.561203956604004
2.565047264099121
2.589376449584961
2.6168923377990723
2.63318133354187
2.664085626602173
2.7126009464263916
2.7335665225982666
2.771406650543213
2.7842307090759277
2.8128960132598877
2.84250807762146
2.8770103454589844
2.7951505184173584
2.731489896774292
2.692845582962036
2.619239330291748
2.563974618911743
0
0
0
0
0
0
0
0
0
0
0
0
0
0
0
0
0.6055861711502075
0.5761155486106873
0.561841607093811
0.5641396641731262
0.543615460395813
0.5382741689682007
0.5122431516647339
0.5029400587081909
0.5053573846817017
0.4983949363231659
0.5192489624023438
0.49391651153564453
0.4952152967453003
0.4831632971763611
0.49181339144706726
0.49194660782814026
0.4763481318950653
0.4682539999485016
0.4868478775024414
0.4927361011505127
0.47082749009132385
0.48986610770225525
0.4563399851322174
0.4792636036872864
0.49604731798171997
0.48428046703338623
0.4881235361099243
0.503227174282074
0.5074803829193115
0.5151495933532715
0.5104902982711792
0.5315222144126892
0.5326641201972961
0.5427840352058411
0.5623697638511658
0.5498767495155334
0.5950083136558533
0.6302900314331055
0.9049381017684937
0.8955023288726807
0.8895256519317627
0.8845502734184265
0.8593046069145203
0.8839374780654907
0.8800848722457886
0.8794507384300232
0.8547570109367371
0.862519383430481
0.8801017999649048
0.8895891308784485
0.9162853956222534
0.9073733687400818
0.9409427642822266
0.9937556385993958
0
1.7813341617584229
1.72132408618927
1.715140700340271
1.6742994785308838
1.6496434211730957
1.6478462219238281
1.6475210189819336
1.6567630767822266
1.6469409465789795
1.6354199647903442
1.6711448431015015
1.6695892810821533
1.7190042734146118
1.751517653465271
1.8295925855636597
2.8540782928466797
2.6907260417938232
2.625828266143799
2.595888614654541
2.5266215801239014
2.5189523696899414
2.4754958152770996
2.4688169956207275
2.4617111682891846
2.4720075130462646
2.47060489654541
2.4602298736572266
2.4688401222229004
2.4800615310668945
2.501577854156494
2.5225138664245605
2.5566487312316895
2.607320785522461
2.6759767532348633
2.7941465377807617
0
0
0
0
0
2.8033533096313477
2.7113289833068848
2.67948317527771
2.6321804523468018
2.606268882751465
2.6411831378936768
2.628323554992676
2.6228954792022705
2.6366007328033447
2.6716864109039307
2.7118401527404785
2.794070243835449
0
0
0
0
0
0
0
0
0
0
0
0
0
0
0
0
0
0
0
0
0
0
0
0
0
0
0
1.9621877670288086
1.9403718709945679
1.9118313789367676
1.8790218830108643
1.8980414867401123
1.8857574462890625
1.9181160926818848
1.951472520828247
2.0085248947143555
0
0
0
0
0
0
0
0
0
0
0
0
0
0
0
0
0
0
1.8739614486694336
0.7158390879631042
0.6631175875663757
0.6718845367431641
0.6336994767189026
0.6154459714889526
0.6131942272186279
0.615772545337677
0.5936117768287659
0.5855271816253662
0.5931956171989441
0.6075981259346008
0.590825080871582
0.5898478627204895
0.5903053879737854
0.5846781730651855
0.5954298973083496
0.6002375483512878
0.6022422909736633
0.6160913705825806
0.5997815132141113
0.6004598140716553
0.6257451772689819
0.6329364776611328
0.6383985280990601
0.6871643662452698
2.382737159729004
1.329555869102478
1.3103982210159302
1.291908621788025
1.2705860137939453
1.2506695985794067
1.2365983724594116
1.249692678451538
1.2407931089401245
1.2536760568618774
1.2448447942733765
1.2824406623840332
1.2923388481140137
1.3183187246322632
2.5973997116088867
2.643467426300049
0
0
0
0
0
0
0
0
0
