0
0
2.064042568206787
2.0087954998016357
1.9541727304458618
1.9395476579666138
1.9244178533554077
1.9433585405349731
1.9546900987625122
1.9741168022155762
1.993563175201416
0
0
0
0
0
1.4025861024856567
1.384785771369934
1.3906329870224
0
0
0
0
0
0
0
0
0
0
0
0
0
0
0
0
0
0
0
0
0
0.9116188287734985
0.8764158487319946
0.8581265211105347
0.8255692720413208
0.8224254846572876
0.808271586894989
0.7944338321685791
0.8066409230232239
0.7908907532691956
0.7875038981437683
0.7864487767219543
0.7937136888504028
0.7842033505439758
0.7946096062660217
0.8089152574539185
0.8138093948364258
0.8396406769752502
0.8498782515525818
0.8877711296081543
0.906417965888977
0
0
2.2107009887695312
2.2778968811035156
2.373748779296875
2.456942081451416
2.544696092605591
2.5349578857421875
2.5095865726470947
2.4957568645477295
2.4842238426208496
2.4736313819885254
2.4351589679718018
2.4507522583007812
2.444106340408325
2.4075205326080322
2.4034385681152344
2.424034833908081
2.3894338607788086
2.3784847259521484
2.3803725242614746
2.375948190689087
2.359583616256714
2.365961790084839
2.3614673614501953
2.3413190841674805
1.9298824071884155
2.300128936767578
2.3385512828826904
2.352513551712036
2.333472728729248
2.3353166580200195
2.3261756896972656
2.3514554500579834
2.3353822231292725
2.3473711013793945
2.3572874069213867
2.348576784133911
2.3716557025909424
2.369879961013794
2.37497615814209
2.392057418823242
2.372887134552002
2.3992550373077393
2.422473192214966
2.414621353149414
2.429727077484131
2.4389495849609375
2.460129499435425
2.340333938598633
2.2250759601593018
2.12662410736084
2.110365867614746
2.5424444675445557
2.552699089050293
2.5807878971099854
2.5869410037994385
2.641677141189575
2.6363210678100586
2.657670497894287
2.7105042934417725
2.7302417755126953
2.75447154045105
2.7711987495422363
2.8152811527252197
2.8447067737579346
2.8776426315307617
2.8037142753601074
2.7432162761688232
2.685981273651123
2.633610248565674
2.574866533279419
0
0
0
0
0
0
0
0
0
0
0
0
0
0
0
0
0.6037368774414062
0.5791764259338379
0.551088809967041
0.5609914660453796
0.5552883148193359
0.5168606042861938
0.5327537059783936
0.5110631585121155
0.5155085921287537
0.5093255639076233
0.49353572726249695
0.49144676327705383
0.49320799112319946
0.49106401205062866
0.4653438925743103
0.498421847820282
0.49781444668769836
0.49479955434799194
0.47210493683815
0.46540600061416626
0.4824923574924469
0.4764478802680969
0.5050281286239624
0.47377723455429077
0.49980810284614563
0.48373228311538696
0.509535014629364
0.49720245599746704
0.5030114650726318
0.5035234689712524
0.5185117721557617
0.5438699722290039
0.531738817691803
0.5360367894172668
0.5575164556503296
0.5728055238723755
0.6108068823814392
0.6376409530639648
0.9207035899162292
0.9043962955474854
0.870635449886322
0.8787554502487183
0.8715105652809143
0.8713477849960327
0.8688031435012817
0.8907809853553772
0.8726785182952881
0.8688222169876099
0.8893420696258545
0.8924319744110107
0.895792543888092
0.930368959903717
0.9586675763130188
0.978695273399353
0
1.7769854068756104
1.7292276620864868
1.6950429677963257
1.6707167625427246
1.6658935546875
1.643088698387146
1.6441802978515625
1.6208696365356445
1.6571884155273438
1.6510106325149536
1.6558369398117065
1.6906813383102417
1.6834033727645874
1.7528257369995117
1.833210825920105
2.871974468231201
2.6965367794036865
2.6146233081817627
2.5776846408843994
2.532663106918335
2.5031371116638184
2.4919042587280273
2.476208448410034
2.4584414958953857
2.4551775455474854
2.4643750190734863
2.4617719650268555
2.4575469493865967
2.490290403366089
2.4932520389556885
2.5253305435180664
2.5759429931640625
2.6079940795898438
2.6732568740844727
2.7644155025482178
0
0
0
0
0
2.852494239807129
2.7183096408843994
2.6808931827545166
2.6560797691345215
2.6374170780181885
2.622720718383789
2.6195123195648193
2.6376194953918457
2.646603584289551
2.6527798175811768
2.7262015342712402
2.7917187213897705
0
0
0
0
0
0
0
0
0
0
0
0
0
0
0
0
0
0
0
0
0
0
0
0
0
0
0
1.96298086643219
1.9134724140167236
1.9228291511535645
1.8844337463378906
1.9031484127044678
1.9168527126312256
1.8949191570281982
1.9590693712234497
2.0062336921691895
0
0
0
0
0
0
0
0
0
0
0
0
0
0
0
0
0
0
1.8718481063842773
0.7253938317298889
0.6665157079696655
0.6308123469352722
0.6498259902000427
0.6207094788551331
0.6096285581588745
0.5954006910324097
0.6081588268280029
0.603531539440155
0.582377552986145
0.5687853693962097
0.5900116562843323
0.5713918805122375
0.5923534631729126
0.5773767828941345
0.5768532156944275
0.5932444334030151
0.5983482599258423
0.6167568564414978
0.5926840901374817
0.5981953144073486
0.6338285207748413
0.6302298307418823
0.6421740651130676
0.6653425097465515
2.3951077461242676
1.3385263681411743
1.3024653196334839
1.2613500356674194
1.2832568883895874
1.26662278175354
1.2431604862213135
1.2541807889938354
1.2314491271972656
1.2322680950164795
1.264258623123169
1.2752265930175781
1.268591046333313
1.3143291473388672
2.5945425033569336
2.6479711532592773
0
0
0
0
0
0
0
0
0
