0
0
0
0
0
0
0
0
0
0
1.0205689668655396
1.0152405500411987
0.9786427617073059
0.9560668468475342
0.9458624720573425
0.9619398713111877
0.9464463591575623
0.9469349980354309
0.9378383159637451
0.9425763487815857
0.9590311050415039
0.9607043266296387
0.9479392170906067
0.9848341345787048
0.9891272783279419
1.0301467180252075
1.0790475606918335
0
0
0
0
0
0
0
0
0
0
0
1.7446200847625732
1.7280510663986206
0
0
0
0
0
0
0.6352277994155884
0.6078031063079834
0.5940828323364258
0.5965086221694946
0.5553780794143677
0.5596544742584229
0.5690956115722656
0.5446051359176636
0.5360315442085266
0.5543628334999084
0.5456405878067017
0.5113728046417236
0.5339590311050415
0.5486907958984375
0.5402000546455383
0.5167688727378845
0.5346344113349915
0.5296720266342163
0.5378658771514893
0.5472143292427063
0.5477720499038696
0.559812068939209
0.5583539605140686
0.5668831467628479
0.5915203094482422
0.6067788600921631
0.6181349158287048
3.2037410736083984
0
0
0
0
0
0
0
0
0
0
0
0
0
0
3.5
3.340121269226074
0
0
0
0
0
0
0
0
0
0
0
0
1.6889451742172241
1.6301103830337524
1.6130112409591675
1.5986930131912231
1.5821274518966675
1.560662865638733
1.5434935092926025
1.5483813285827637
1.5583149194717407
1.5419127941131592
1.5559477806091309
1.5624059438705444
1.5695674419403076
1.6134955883026123
1.6545634269714355
0
0
0
0
1.684418797492981
1.6423977613449097
1.6277414560317993
1.615256905555725
1.607248067855835
1.6067070960998535
1.6145689487457275
1.6400729417800903
1.6312404870986938
1.6850656270980835
0
0
0
0
0
0
0
0
0
0
0
0
0
0
2.1024506092071533
2.0132291316986084
1.964919090270996
1.9371880292892456
1.900849461555481
1.9215914011001587
1.919838786125183
1.9027953147888184
1.913502812385559
1.9234907627105713
1.9446228742599487
1.9735738039016724
2.010096549987793
0
0
0
0
0
0
0
0
0
0
0
2.607041120529175
2.447922945022583
2.3632678985595703
2.3328535556793213
2.2814724445343018
2.2489988803863525
2.2609169483184814
2.2250373363494873
2.2106878757476807
2.2026264667510986
2.2059028148651123
2.2013044357299805
2.214012622833252
2.216663360595703
2.2224695682525635
2.2508397102355957
2.2510628700256348
2.283640146255493
2.3377602100372314
2.3774266242980957
2.442596197128296
2.571924924850464
0
0
0
0
2.0894758701324463
2.0412752628326416
1.988343596458435
1.9695993661880493
1.9482365846633911
1.9374783039093018
1.9237583875656128
1.927560806274414
1.9221985340118408
1.942115068435669
1.9525340795516968
1.9661730527877808
1.9890615940093994
2.0229060649871826
2.060389757156372
0
0
0
0
0
0
0
0
3.4755449295043945
0
3.42734956741333
3.3852803707122803
3.361133575439453
3.327935218811035
3.3250503540039062
3.2917540073394775
3.2582645416259766
3.24685001373291
3.214108943939209
3.223187208175659
3.1773126125335693
3.186276912689209
3.1683437824249268
3.139432668685913
3.1318647861480713
3.1254186630249023
3.1024577617645264
3.099525213241577
3.0945844650268555
3.1039986610412598
0.8011846542358398
0.7318135499954224
0.7246318459510803
0.7345566749572754
0.7157509326934814
0.697835385799408
0.692355751991272
0.6765055060386658
0.6785238981246948
0.687859296798706
0.6953198313713074
0.6804545521736145
0.6866087317466736
0.67863929271698
0.6839793920516968
0.7035924196243286
0.6921851634979248
0.7147179841995239
0.7121488451957703
0.7306102514266968
0.738847553730011
0.7575158476829529
3.1589272022247314
3.1730289459228516
3.199960708618164
3.2229740619659424
3.2559659481048584
3.2541635036468506
3.271160125732422
0
0
0
0
0
0
0
0
0
0
0
0
0
0
0
0
0
0
0
0
2.7044856548309326
2.614985942840576
2.5666215419769287
2.5458221435546875
2.5429952144622803
2.550222635269165
2.595130205154419
0
0
0
0
0
0
0
0
1.4773011207580566
1.4222424030303955
1.4299408197402954
1.3824845552444458
1.404085397720337
0.7949180603027344
0.7740079164505005
0.762604832649231
0.7574449181556702
0.7467700839042664
0.7372934818267822
0.7222835421562195
0.7214100360870361
0.7042987942695618
0.7100275158882141
0.7196633219718933
0.7110434174537659
0.7200695872306824
0.7300655841827393
0.7341257333755493
0.7326560020446777
0.7424410581588745
0.7487442493438721
0.7621623873710632
0.7884635925292969
0.8021230101585388
1.625930666923523
1.5678551197052002
1.5316838026046753
1.526939034461975
1.5029191970825195
1.4967275857925415
1.481786847114563
1.5141268968582153
1.5214534997940063
1.5264958143234253
1.5719671249389648
1.6074563264846802
0
0
0
0
0
2.1346943378448486
2.0834872722625732
2.0841336250305176
2.06266188621521
2.0664596557617188
2.071704626083374
2.0987000465393066
2.1181743144989014
0
0
0
0
0
