0
0
2.0544004440307617
1.9983187913894653
1.969312310218811
1.9246727228164673
1.930970549583435
1.9347478151321411
1.9391974210739136
1.9763067960739136
1.9774558544158936
0
0
0
0
0
1.4127403497695923
1.3822410106658936
1.3816494941711426
0
0
0
0
0
0
0
0
0
0
0
0
0
0
0
0
0
0
0
0
0
0.9002339839935303
0.8558593988418579
0.8304613828659058
0.8187170624732971
0.8073949217796326
0.8147149085998535
0.7920191884040833
0.7744879126548767
0.7981058955192566
0.783184826374054
0.7912111282348633
0.7879396080970764
0.7894433736801147
0.8086573481559753
0.784818708896637
0.8091722130775452
0.8384363651275635
0.841193437576294
0.8511689901351929
0.9028923511505127
0
0
2.22255539894104
2.2742249965667725
2.370668888092041
2.4445197582244873
2.558825969696045
2.5294644832611084
2.5308406352996826
2.4948065280914307
2.474119186401367
2.447118043899536
2.4415106773376465
2.4413132667541504
2.4276463985443115
2.4113659858703613
2.4049534797668457
2.3938074111938477
2.3979907035827637
2.375786066055298
2.363377094268799
2.365266799926758
2.3751304149627686
2.3647286891937256
2.342780590057373
2.3456063270568848
1.9494609832763672
2.2987537384033203
2.3281373977661133
2.3387019634246826
2.337921380996704
2.330498456954956
2.337660312652588
2.351935386657715
2.3327860832214355
2.333181381225586
2.336824655532837
2.345595598220825
2.3534297943115234
2.3752262592315674
2.3550307750701904
2.374936580657959
2.3693103790283203
2.405625104904175
2.3954954147338867
2.4031286239624023
2.4565887451171875
2.440540313720703
2.4502670764923096
2.33610200881958
2.2218778133392334
2.114793062210083
2.1098523139953613
2.5374374389648438
2.522486686706543
2.575542688369751
2.5891764163970947
2.6348235607147217
2.638062000274658
2.665329694747925
2.6934750080108643
2.72147798538208
2.7601778507232666
2.7838664054870605
2.8184397220611572
2.8492143154144287
2.8585875034332275
2.8013129234313965
2.7335569858551025
2.68432879447937
2.639587163925171
2.5653786659240723
0
0
0
0
0
0
0
0
0
0
0
0
0
0
0
0
0.6103883385658264
0.5832270383834839
0.5807909965515137
0.5405714511871338
0.5334334373474121
0.5307142734527588
0.5388025045394897
0.5139334201812744
0.49879181385040283
0.49983519315719604
0.48763731122016907
0.49438971281051636
0.4864533245563507
0.48634570837020874
0.5045763850212097
0.48698103427886963
0.47993168234825134
0.48751649260520935
0.48553189635276794
0.47596704959869385
0.4730735719203949
0.4754728376865387
0.49447742104530334
0.509049654006958
0.48069146275520325
0.48659512400627136
0.4911421537399292
0.49765169620513916
0.5139979124069214
0.514563798904419
0.526391327381134
0.5309990048408508
0.5361226201057434
0.5596001148223877
0.5618963837623596
0.5569424629211426
0.607096254825592
0.6203592419624329
0.9139960408210754
0.904244065284729
0.893356442451477
0.8780062794685364
0.854082465171814
0.8860377073287964
0.8623355031013489
0.8586978316307068
0.8690383434295654
0.8831519484519958
0.8780145645141602
0.8973249197006226
0.8972081542015076
0.9257941246032715
0.9322111010551453
1.000573754310608
0
1.7787165641784668
1.7377363443374634
1.701625108718872
1.6750556230545044
1.653578519821167
1.6400848627090454
1.6514763832092285
1.6372815370559692
1.617992639541626
1.646127462387085
1.6498205661773682
1.6496213674545288
1.697949767112732
1.74203360080719
1.826370120048523
2.855945110321045
2.7102768421173096
2.6315970420837402
2.572910785675049
2.540471076965332
2.499464273452759
2.485532522201538
2.4761364459991455
2.465763568878174
2.4603018760681152
2.456115484237671
2.463395357131958
2.4642903804779053
2.471468210220337
2.5143630504608154
2.547625780105591
2.557218313217163
2.6164255142211914
2.67620849609375
2.7919161319732666
0
0
0
0
0
2.838303804397583
2.736234664916992
2.6827492713928223
2.6427414417266846
2.6197590827941895
2.623448371887207
2.620535135269165
2.6327595710754395
2.645078659057617
2.656949996948242
2.7123265266418457
2.7739553451538086
0
0
0
0
0
0
0
0
0
0
0
0
0
0
0
0
0
0
0
0
0
0
0
0
0
0
0
1.9715415239334106
1.929943323135376
1.9077626466751099
1.8813121318817139
1.888353705406189
1.8937522172927856
1.9219496250152588
1.935697078704834
1.9967408180236816
0
0
0
0
0
0
0
0
0
0
0
0
0
0
0
0
0
0
1.865164875984192
0.712293267250061
0.6567718982696533
0.6651659607887268
0.6293105483055115
0.6146979928016663
0.6102237701416016
0.612572968006134
0.6064060926437378
0.5991142988204956
0.5856660604476929
0.5844743251800537
0.6022596955299377
0.5802966952323914
0.5814628601074219
0.5863952040672302
0.5929412245750427
0.5837553143501282
0.6032304167747498
0.5900391936302185
0.6108851432800293
0.6238281726837158
0.6195169687271118
0.6378533244132996
0.6422150731086731
0.6821303963661194
2.387700319290161
1.3583712577819824
1.3081082105636597
1.2824565172195435
1.2733596563339233
1.265437364578247
1.2643779516220093
1.248904824256897
1.24429190158844
1.2353683710098267
1.238527774810791
1.2836456298828125
1.2812247276306152
1.314934253692627
2.5988452434539795
2.619809150695801
0
0
0
0
0
0
0
0
0
