0
0
2.0707340240478516
1.9799718856811523
1.9499003887176514
1.9383445978164673
1.9484935998916626
1.9386353492736816
1.9336421489715576
1.9742743968963623
1.9893038272857666
0
0
0
0
0
1.391549825668335
1.3764647245407104
1.38295316696167
0
0
0
0
0
0
0
0
0
0
0
0
0
0
0
0
0
0
0
0
0
0.8906093239784241
0.8544968962669373
0.852470338344574
0.8138218522071838
0.8235923051834106
0.8153767585754395
0.7845929861068726
0.7967559099197388
0.7922159433364868
0.8113986253738403
0.7748467922210693
0.7841346859931946
0.8093627691268921
0.7836123108863831
0.8179925680160522
0.8079226016998291
0.8128997683525085
0.8512629270553589
0.856289267539978
0.9030039310455322
0
0
2.215791702270508
2.271472215652466
2.3814947605133057
2.4670119285583496
2.549051523208618
2.5349807739257812
2.5050361156463623
2.506114959716797
2.5042593479156494
2.460963249206543
2.45859432220459
2.4357454776763916
2.436539649963379
2.396876811981201
2.4076998233795166
2.3927712440490723
2.3833167552948
2.3756115436553955
2.3823933601379395
2.375826120376587
2.3618662357330322
2.363288402557373
2.350587844848633
2.332228899002075
1.9215070009231567
2.291175603866577
2.3462607860565186
2.340904712677002
2.3364951610565186
2.326314926147461
2.3320157527923584
2.3441238403320312
2.330930471420288
2.3405494689941406
2.37115216255188
2.343900203704834
2.355877161026001
2.377307415008545
2.378589391708374
2.3779778480529785
2.375682830810547
2.3872148990631104
2.406688928604126
2.428950309753418
2.443357229232788
2.4424169063568115
2.4744863510131836
2.3386073112487793
2.212477684020996
2.120565176010132
2.1046667098999023
2.536398410797119
2.5372068881988525
2.564194917678833
2.5891988277435303
2.626586675643921
2.6473336219787598
2.6672518253326416
2.6998584270477295
2.7091448307037354
2.75726056098938
2.7733712196350098
2.830500841140747
2.8445656299591064
2.857088327407837
2.81061053276062
2.745811939239502
2.685603141784668
2.6144888401031494
2.5674054622650146
0
0
0
0
0
0
0
0
0
0
0
0
0
0
0
0
0.6231085062026978
0.5972947478294373
0.5751189589500427
0.5562164783477783
0.5409107208251953
0.5195233821868896
0.5145939588546753
0.5101290345191956
0.5031827092170715
0.4975713789463043
0.5108805894851685
0.5064530372619629
0.4832105040550232
0.48018577694892883
0.49399399757385254
0.482280969619751
0.48761650919914246
0.4681689441204071
0.4782369136810303
0.46476560831069946
0.4619281589984894
0.48237842321395874
0.4889202415943146
0.4891895353794098
0.5073384642601013
0.5015385150909424
0.4994911551475525
0.5008736252784729
0.5060514807701111
0.5112478137016296
0.5266807675361633
0.5405876636505127
0.5414705872535706
0.5394794344902039
0.5666514039039612
0.5882566571235657
0.5859629511833191
0.634828507900238
0.903270423412323
0.8916930556297302
0.9012991189956665
0.8816027641296387
0.8893505334854126
0.8656073808670044
0.8608841896057129
0.8724164366722107
0.8725171685218811
0.8864579796791077
0.8847320675849915
0.8771326541900635
0.9016008377075195
0.9113638401031494
0.9420700669288635
0.9941200613975525
0
1.7688581943511963
1.716779112815857
1.6934694051742554
1.6517647504806519
1.635420322418213
1.6326056718826294
1.6345603466033936
1.6512320041656494
1.6365705728530884
1.6489940881729126
1.661562442779541
1.6623202562332153
1.708446741104126
1.7441396713256836
1.8344197273254395
2.844517707824707
2.6955573558807373
2.6096110343933105
2.583461046218872
2.5540783405303955
2.4994606971740723
2.4841973781585693
2.458796262741089
2.453545331954956
2.4621992111206055
2.4545698165893555
2.4543819427490234
2.4835638999938965
2.487217426300049
2.492311954498291
2.5160396099090576
2.566755533218384
2.6132760047912598
2.662497043609619
2.784672975540161
0
0
0
0
0
2.823282480239868
2.735224485397339
2.6855502128601074
2.6584925651550293
2.6360113620758057
2.625504493713379
2.6246941089630127
2.6254992485046387
2.642587184906006
2.666367530822754
2.7292845249176025
2.784970760345459
0
0
0
0
0
0
0
0
0
0
0
0
0
0
0
0
0
0
0
0
0
0
0
0
0
0
0
1.9485337734222412
1.915881872177124
1.919225811958313
1.8957149982452393
1.894189715385437
1.8930524587631226
1.9165325164794922
1.928096890449524
2.013887405395508
0
0
0
0
0
0
0
0
0
0
0
0
0
0
0
0
0
0
1.883041262626648
0.7129191756248474
0.6509707570075989
0.6612987518310547
0.640626072883606
0.6130048036575317
0.606065034866333
0.5976867079734802
0.584040641784668
0.5884676575660706
0.5951001048088074
0.5807726383209229
0.5679485201835632
0.609157145023346
0.5833263397216797
0.589112401008606
0.5745676755905151
0.5753257870674133
0.5815722942352295
0.5943636298179626
0.620743989944458
0.6132988333702087
0.6077461838722229
0.6336317658424377
0.6482303738594055
0.6864150762557983
2.3931546211242676
1.3149166107177734
1.2982009649276733
1.2839823961257935
1.2649370431900024
1.2366851568222046
1.2723561525344849
1.2265090942382812
1.2473556995391846
1.2342922687530518
1.257406234741211
1.275797724723816
1.2969800233840942
1.3149570226669312
2.5826737880706787
2.6481826305389404
0
0
0
0
0
0
0
0
0
