0
0
0
0
0
0
0
0
0
0
1.0204925537109375
1.007200837135315
0.9808096289634705
0.9620344638824463
0.9381324052810669
0.9485876560211182
0.9363300204277039
0.9480481743812561
0.9428471326828003
0.9442341327667236
0.9541866779327393
0.9733310341835022
0.963280200958252
0.9866048097610474
0.9698358774185181
1.0178937911987305
1.0723124742507935
0
0
0
0
0
0
0
0
0
0
0
1.7269376516342163
1.7345975637435913
0
0
0
0
0
0
0.651425838470459
0.6046336889266968
0.5835537314414978
0.5776360630989075
0.5574834942817688
0.543340265750885
0.5364876389503479
0.5359005331993103
0.5388261675834656
0.5376231074333191
0.5361937284469604
0.5336871147155762
0.5191035270690918
0.5222681760787964
0.5129460692405701
0.543333888053894
0.5165935158729553
0.5362209677696228
0.5296951532363892
0.5359663367271423
0.5384079813957214
0.5626775026321411
0.5684786438941956
0.5693914890289307
0.5992336869239807
0.6033599376678467
0.6180430054664612
3.1795527935028076
0
0
0
0
0
0
0
0
0
0
0
0
0
0
3.492177724838257
3.3448750972747803
0
0
0
0
0
0
0
0
0
0
0
0
1.7117890119552612
1.625974416732788
1.594295620918274
1.5758239030838013
1.5511581897735596
1.5514081716537476
1.5723695755004883
1.5271644592285156
1.5405055284500122
1.5335583686828613
1.577290654182434
1.5831282138824463
1.59882652759552
1.6250413656234741
1.637573003768921
0
0
0
0
1.6972029209136963
1.635186791419983
1.6307299137115479
1.59701406955719
1.5953431129455566
1.6007765531539917
1.6201841831207275
1.6143317222595215
1.6760644912719727
1.6905603408813477
0
0
0
0
0
0
0
0
0
0
0
0
0
0
2.075838565826416
2.0115528106689453
1.965726613998413
1.9246857166290283
1.926664113998413
1.923875093460083
1.8973219394683838
1.9102520942687988
1.9179763793945312
1.940222978591919
1.9550784826278687
1.976611852645874
2.0283520221710205
0
0
0
0
0
0
0
0
0
0
0
2.5963196754455566
2.446751832962036
2.386679172515869
2.3282365798950195
2.3099799156188965
2.266951084136963
2.253901958465576
2.2300162315368652
2.232133388519287
2.200310707092285
2.1846182346343994
2.205590009689331
2.2012248039245605
2.22641921043396
2.239696979522705
2.243164300918579
2.244893789291382
2.271375894546509
2.3248355388641357
2.374013662338257
2.4294564723968506
2.5745530128479004
0
0
0
0
2.0946009159088135
2.0282480716705322
1.9800312519073486
1.952423334121704
1.9590590000152588
1.9408501386642456
1.9159198999404907
1.9362006187438965
1.9506913423538208
1.9143143892288208
1.9670737981796265
1.9774765968322754
1.975458025932312
2.01773738861084
2.0820369720458984
0
0
0
0
0
0
0
0
3.4809796810150146
0
3.4159255027770996
3.383955240249634
3.3673858642578125
3.338559627532959
3.2911107540130615
3.279637098312378
3.2633156776428223
3.2318642139434814
3.2232604026794434
3.2093098163604736
3.1818313598632812
3.1690096855163574
3.147498607635498
3.1556003093719482
3.150843858718872
3.102064847946167
3.124546766281128
3.118083953857422
3.0842831134796143
3.092104196548462
0.8093385100364685
0.7609319090843201
0.7391492128372192
0.7188311815261841
0.7068158984184265
0.6981244087219238
0.6754973530769348
0.6733071208000183
0.6727327108383179
0.6875597238540649
0.6785993576049805
0.7005347609519958
0.685763418674469
0.6798273921012878
0.6896423101425171
0.6919572353363037
0.6812222003936768
0.7077208161354065
0.7079177498817444
0.7296934127807617
0.7282571196556091
0.7700775861740112
3.1764848232269287
3.1963698863983154
3.212697744369507
3.2199881076812744
3.2596006393432617
3.2557945251464844
3.2933034896850586
0
0
0
0
0
0
0
0
0
0
0
0
0
0
0
0
0
0
0
0
2.685917377471924
2.594058036804199
2.5528182983398438
2.5437142848968506
2.5593035221099854
2.5801918506622314
2.6097829341888428
0
0
0
0
0
0
0
0
1.4644536972045898
1.4328467845916748
1.4080313444137573
1.3893107175827026
1.410747766494751
0.8258734941482544
0.7907729148864746
0.764148473739624
0.7646931409835815
0.7420936822891235
0.7307397723197937
0.7118310332298279
0.7236358523368835
0.726364254951477
0.7157357335090637
0.725006103515625
0.7225521802902222
0.7065750956535339
0.7023821473121643
0.7269453406333923
0.7248544096946716
0.7336123585700989
0.7558141350746155
0.7515392899513245
0.7882110476493835
0.8068034052848816
1.6283884048461914
1.565193772315979
1.5250691175460815
1.5115165710449219
1.5043526887893677
1.4973849058151245
1.5146576166152954
1.515341877937317
1.5130903720855713
1.533610224723816
1.5649062395095825
1.612633466720581
0
0
0
0
0
2.1359522342681885
2.106536626815796
2.0738484859466553
2.0605101585388184
2.0712170600891113
2.063825845718384
2.113088607788086
2.1576101779937744
0
0
0
0
0
