0
0
2.0684142112731934
2.0024468898773193
1.9493998289108276
1.9276108741760254
1.9256656169891357
1.9318206310272217
1.9372899532318115
1.9662431478500366
2.0036873817443848
0
0
0
0
0
1.4176304340362549
1.3745760917663574
1.3874711990356445
0
0
0
0
0
0
0
0
0
0
0
0
0
0
0
0
0
0
0
0
0
0.9080073237419128
0.8446874022483826
0.8417398929595947
0.8125607371330261
0.8224138617515564
0.8168798685073853
0.8019838929176331
0.8030515313148499
0.7947933077812195
0.7836418151855469
0.792015790939331
0.7859490513801575
0.8050204515457153
0.8025267124176025
0.8080816864967346
0.822231113910675
0.8368604779243469
0.8423296809196472
0.8669607043266296
0.9074698090553284
0
0
2.1963932514190674
2.268076181411743
2.3649179935455322
2.464961528778076
2.5432491302490234
2.5327115058898926
2.5393996238708496
2.4949774742126465
2.488586664199829
2.487544536590576
2.4558136463165283
2.4253969192504883
2.440878391265869
2.417975425720215
2.3958702087402344
2.407637596130371
2.3895046710968018
2.371143341064453
2.3566477298736572
2.362098217010498
2.3475615978240967
2.36075758934021
2.3451125621795654
2.369654417037964
1.946004033088684
2.312692165374756
2.33420467376709
2.3580663204193115
2.345917224884033
2.3271570205688477
2.342188596725464
2.328474998474121
2.3402950763702393
2.345945119857788
2.3577980995178223
2.3566808700561523
2.3518388271331787
2.374807357788086
2.3726871013641357
2.366652011871338
2.4008729457855225
2.3962724208831787
2.409384250640869
2.4343831539154053
2.427018642425537
2.4364473819732666
2.4526638984680176
2.3414456844329834
2.235582113265991
2.116086006164551
2.1162750720977783
2.5364317893981934
2.5468389987945557
2.5667052268981934
2.589901924133301
2.6232903003692627
2.626107931137085
2.67889666557312
2.701756000518799
2.7222354412078857
2.7283456325531006
2.7707104682922363
2.810229539871216
2.8454108238220215
2.853334665298462
2.805414915084839
2.7363171577453613
2.663447618484497
2.6136224269866943
2.5679454803466797
0
0
0
0
0
0
0
0
0
0
0
0
0
0
0
0
0.613042414188385
0.5755519270896912
0.563765287399292
0.5470542311668396
0.5559137463569641
0.5471925735473633
0.5135349035263062
0.5196911096572876
0.5142548680305481
0.5114591121673584
0.517551839351654
0.5053151249885559
0.5090634822845459
0.4699810743331909
0.48634669184684753
0.49842149019241333
0.479690819978714
0.47653618454933167
0.4562865197658539
0.47878575325012207
0.48050981760025024
0.5017951130867004
0.49559566378593445
0.47995465993881226
0.4867868721485138
0.49304071068763733
0.5044938325881958
0.49432289600372314
0.5008124709129333
0.5209342241287231
0.5017955899238586
0.5219280123710632
0.530906081199646
0.5473227500915527
0.5632818937301636
0.571547269821167
0.5945610404014587
0.6166473031044006
0.9075373411178589
0.9160036444664001
0.9022058844566345
0.8894266486167908
0.8906986713409424
0.8600862622261047
0.886461079120636
0.8780848979949951
0.8681922554969788
0.8973293900489807
0.8775972723960876
0.8864828944206238
0.9006591439247131
0.9266549348831177
0.9492704272270203
0.9891814589500427
0
1.7788262367248535
1.7358651161193848
1.6692110300064087
1.6629626750946045
1.638960599899292
1.648456335067749
1.6501373052597046
1.644999384880066
1.6266859769821167
1.6590933799743652
1.6515308618545532
1.6905721426010132
1.705106496810913
1.7341368198394775
1.8345189094543457
2.837564468383789
2.712655782699585
2.6337382793426514
2.5797088146209717
2.52609920501709
2.496933937072754
2.4983766078948975
2.476055383682251
2.4483649730682373
2.4546451568603516
2.437131881713867
2.462939977645874
2.4726064205169678
2.4933719635009766
2.5279364585876465
2.5370638370513916
2.5579395294189453
2.6023592948913574
2.6827070713043213
2.784515619277954
0
0
0
0
0
2.824465274810791
2.728931188583374
2.67362380027771
2.659402370452881
2.6195974349975586
2.6028451919555664
2.633516311645508
2.624863386154175
2.6363401412963867
2.652968168258667
2.71840500831604
2.7906343936920166
0
0
0
0
0
0
0
0
0
0
0
0
0
0
0
0
0
0
0
0
0
0
0
0
0
0
0
1.960560917854309
1.9280779361724854
1.914045810699463
1.8909602165222168
1.89243745803833
1.9048762321472168
1.9156709909439087
1.9520695209503174
1.9986969232559204
0
0
0
0
0
0
0
0
0
0
0
0
0
0
0
0
0
0
1.8686363697052002
0.7197962403297424
0.6472517848014832
0.6700382232666016
0.6426142454147339
0.6415132880210876
0.6162021160125732
0.6115866899490356
0.6094334125518799
0.5731474757194519
0.5897397398948669
0.581603467464447
0.5812123417854309
0.5810956954956055
0.5874535441398621
0.5935447812080383
0.601784884929657
0.5712925791740417
0.592372715473175
0.5897136330604553
0.6117863655090332
0.6319965124130249
0.6392756700515747
0.631068766117096
0.6771399974822998
0.6869105100631714
2.3908352851867676
1.3375740051269531
1.3129494190216064
1.2829508781433105
1.2500654458999634
1.2460236549377441
1.2636929750442505
1.2366924285888672
1.2329274415969849
1.2541955709457397
1.266499400138855
1.2756026983261108
1.2872169017791748
1.322249412536621
2.5812578201293945
2.6230430603027344
0
0
0
0
0
0
0
0
0
