0
0
2.067227363586426
1.9642152786254883
1.9406005144119263
1.9284662008285522
1.9496325254440308
1.9512104988098145
1.940246343612671
1.96349036693573
1.993104100227356
0
0
0
0
0
1.4036219120025635
1.3656877279281616
1.3944330215454102
0
0
0
0
0
0
0
0
0
0
0
0
0
0
0
0
0
0
0
0
0
0.898699939250946
0.8571962714195251
0.8512305021286011
0.8270454406738281
0.8196815252304077
0.8054503798484802
0.79029381275177
0.7952241897583008
0.7914847135543823
0.805107831954956
0.815445065498352
0.7865890264511108
0.8042621612548828
0.8002251386642456
0.8141800761222839
0.8106461763381958
0.818652868270874
0.8306177854537964
0.8675577640533447
0.9198915958404541
0
0
2.199528932571411
2.300752878189087
2.3674631118774414
2.4437148571014404
2.559823989868164
2.527609348297119
2.5163867473602295
2.4849443435668945
2.4899661540985107
2.464993476867676
2.443723201751709
2.424957036972046
2.4226999282836914
2.4270834922790527
2.4245312213897705
2.405557632446289
2.3844988346099854
2.3810620307922363
2.368053674697876
2.378408193588257
2.36086368560791
2.343510866165161
2.3535122871398926
2.349754810333252
1.9471125602722168
2.308105230331421
2.349216938018799
2.3206536769866943
2.325411558151245
2.329676628112793
2.3219144344329834
2.335207939147949
2.342672348022461
2.349893093109131
2.361039400100708
2.3404393196105957
2.3549835681915283
2.3747434616088867
2.3561527729034424
2.3778648376464844
2.3896079063415527
2.4078075885772705
2.3999710083007812
2.414203405380249
2.433149814605713
2.432405710220337
2.4444222450256348
2.324310779571533
2.223200798034668
2.1183431148529053
2.1001176834106445
2.531745195388794
2.56298565864563
2.5670101642608643
2.5921661853790283
2.6160175800323486
2.6482646465301514
2.683749198913574
2.6744275093078613
2.7239184379577637
2.7630746364593506
2.798663377761841
2.832760810852051
2.851973295211792
2.8531596660614014
2.8070690631866455
2.7413265705108643
2.6712074279785156
2.621931791305542
2.5607337951660156
0
0
0
0
0
0
0
0
0
0
0
0
0
0
0
0
0.6157652139663696
0.5855543613433838
0.5763766765594482
0.5670167803764343
0.5436040163040161
0.5560442805290222
0.5281367301940918
0.5166069269180298
0.506549596786499
0.5113896727561951
0.4807209372520447
0.49250081181526184
0.49082520604133606
0.49987995624542236
0.4948355257511139
0.464322030544281
0.494789719581604
0.4677140414714813
0.4743369221687317
0.4719701111316681
0.4786246418952942
0.4872778356075287
0.48820868134498596
0.4985973536968231
0.5046709775924683
0.48567691445350647
0.4955757260322571
0.488379567861557
0.4964129328727722
0.5189499258995056
0.5176750421524048
0.5212422609329224
0.5448461771011353
0.5363246202468872
0.558293342590332
0.5653365254402161
0.5926975011825562
0.6326455473899841
0.9126884937286377
0.8883975744247437
0.8857447504997253
0.8762775659561157
0.8716098070144653
0.8723456263542175
0.8711960315704346
0.8781571984291077
0.8578037023544312
0.8803827166557312
0.8858471512794495
0.8922264575958252
0.9112088084220886
0.9274169206619263
0.9440553188323975
0.9732842445373535
0
1.7756543159484863
1.7223483324050903
1.700985312461853
1.671220064163208
1.6628546714782715
1.6452211141586304
1.6427302360534668
1.6367700099945068
1.6461057662963867
1.660085916519165
1.6440962553024292
1.6837910413742065
1.6969172954559326
1.7560057640075684
1.825547218322754
2.862084150314331
2.7069475650787354
2.6143102645874023
2.584852695465088
2.539677143096924
2.4962480068206787
2.496105909347534
2.484494209289551
2.4592504501342773
2.452913284301758
2.4582016468048096
2.4719624519348145
2.4740405082702637
2.4835634231567383
2.4995155334472656
2.523341417312622
2.562253713607788
2.605539321899414
2.679556369781494
2.796668529510498
0
0
0
0
0
2.8039703369140625
2.722940683364868
2.6745455265045166
2.6364877223968506
2.6393563747406006
2.6204705238342285
2.615020513534546
2.6430861949920654
2.6525046825408936
2.6658926010131836
2.7119014263153076
2.794178009033203
0
0
0
0
0
0
0
0
0
0
0
0
0
0
0
0
0
0
0
0
0
0
0
0
0
0
0
1.957984209060669
1.9238353967666626
1.9116384983062744
1.8734487295150757
1.8861808776855469
1.8819454908370972
1.9106003046035767
1.9493186473846436
2.0011847019195557
0
0
0
0
0
0
0
0
0
0
0
0
0
0
0
0
0
0
1.8926050662994385
0.7046195268630981
0.6651774644851685
0.6475768089294434
0.6350335478782654
0.613207221031189
0.6118670105934143
0.6202546954154968
0.5772978663444519
0.5997913479804993
0.5821576714515686
0.5956146717071533
0.5823312401771545
0.5861167907714844
0.5942222476005554
0.582595944404602
0.5804781317710876
0.594433069229126
0.6050329208374023
0.6064667701721191
0.6241729855537415
0.6102502942085266
0.6205374002456665
0.6430074572563171
0.6595755815505981
0.6779031157493591
2.390718460083008
1.3446210622787476
1.308224081993103
1.2700880765914917
1.2548002004623413
1.252963900566101
1.2511686086654663
1.2476942539215088
1.242346167564392
1.2580409049987793
1.259273648262024
1.2808114290237427
1.2854706048965454
1.3177560567855835
2.5818417072296143
2.6224043369293213
0
0
0
0
0
0
0
0
0
