0
0
2.0488951206207275
1.9913513660430908
1.9683315753936768
1.9425519704818726
1.9248614311218262
1.926619052886963
1.946117639541626
1.978110671043396
1.99974524974823
0
0
0
0
0
1.3925405740737915
1.3600183725357056
1.3796602487564087
0
0
0
0
0
0
0
0
0
0
0
0
0
0
0
0
0
0
0
0
0
0.9067275524139404
0.857994019985199
0.8392611742019653
0.8231990933418274
0.8186058402061462
0.8022043704986572
0.8121654987335205
0.7910404801368713
0.7619301080703735
0.7837894558906555
0.7911264896392822
0.7805202007293701
0.7931239008903503
0.803859531879425
0.8136746287345886
0.8205627202987671
0.8211978077888489
0.8535433411598206
0.8593474626541138
0.9270254373550415
0
0
2.2082977294921875
2.283392906188965
2.3573551177978516
2.4626517295837402
2.540309429168701
2.542644500732422
2.5248091220855713
2.4991748332977295
2.4805593490600586
2.474435806274414
2.4589431285858154
2.448129653930664
2.4188616275787354
2.426872968673706
2.3876519203186035
2.3960671424865723
2.3891096115112305
2.3761909008026123
2.3587491512298584
2.380000591278076
2.3497443199157715
2.3401801586151123
2.3554511070251465
2.339810848236084
1.939087986946106
2.2926604747772217
2.334047794342041
2.334984540939331
2.3241584300994873
2.325101852416992
2.3583550453186035
2.3488576412200928
2.3413805961608887
2.3375747203826904
2.3449923992156982
2.362870454788208
2.3475303649902344
2.378725528717041
2.36496639251709
2.376167058944702
2.3798928260803223
2.4005913734436035
2.419018507003784
2.426800012588501
2.4258480072021484
2.436782121658325
2.4489030838012695
2.3228988647460938
2.2067043781280518
2.118523120880127
2.1180508136749268
2.5373952388763428
2.548835039138794
2.589608669281006
2.599827527999878
2.6280667781829834
2.6476962566375732
2.678851366043091
2.7159230709075928
2.7222037315368652
2.779592275619507
2.7960965633392334
2.810138463973999
2.849184036254883
2.870535135269165
2.8056819438934326
2.7439451217651367
2.6796083450317383
2.6476082801818848
2.5679612159729004
0
0
0
0
0
0
0
0
0
0
0
0
0
0
0
0
0.6050753593444824
0.5959901213645935
0.5571547150611877
0.552539050579071
0.548815131187439
0.5292625427246094
0.5150953531265259
0.5066071152687073
0.5143305063247681
0.5296168327331543
0.5154085159301758
0.5124558806419373
0.4817645251750946
0.49569255113601685
0.5002450346946716
0.4806041717529297
0.4762360155582428
0.5004507303237915
0.4802217483520508
0.49249592423439026
0.4695923924446106
0.4962269365787506
0.47418272495269775
0.48784229159355164
0.481198787689209
0.4834725856781006
0.4968145489692688
0.5144003033638
0.5051606893539429
0.5259386897087097
0.5158970952033997
0.5220075845718384
0.5616984963417053
0.526797890663147
0.5470500588417053
0.5677874088287354
0.5955067873001099
0.6318001747131348
0.9247021079063416
0.9030513167381287
0.9054749608039856
0.8666065335273743
0.8672263026237488
0.8776631951332092
0.8597029447555542
0.8612862825393677
0.8669291734695435
0.8886306881904602
0.897515594959259
0.8845470547676086
0.8991870880126953
0.9221774935722351
0.9376437067985535
1.0059072971343994
0
1.7815841436386108
1.7302265167236328
1.7023979425430298
1.6597844362258911
1.65653395652771
1.6597012281417847
1.643480896949768
1.6313828229904175
1.6483319997787476
1.652579665184021
1.6680357456207275
1.6782805919647217
1.7278008460998535
1.7458446025848389
1.8278539180755615
2.8679795265197754
2.6908726692199707
2.628398895263672
2.5750386714935303
2.5335285663604736
2.4965627193450928
2.4782257080078125
2.4783263206481934
2.4615228176116943
2.444486618041992
2.4273667335510254
2.4629886150360107
2.46258807182312
2.4687728881835938
2.5018136501312256
2.5394017696380615
2.558715581893921
2.6173815727233887
2.6510963439941406
2.7755746841430664
0
0
0
0
0
2.823190689086914
2.727696657180786
2.6795272827148438
2.664086103439331
2.6275997161865234
2.623676300048828
2.6328392028808594
2.6163747310638428
2.6554903984069824
2.6886467933654785
2.7089178562164307
2.7835617065429688
0
0
0
0
0
0
0
0
0
0
0
0
0
0
0
0
0
0
0
0
0
0
0
0
0
0
0
1.964737057685852
1.9128644466400146
1.9015259742736816
1.905723214149475
1.8754045963287354
1.896899938583374
1.9090547561645508
1.9494924545288086
2.0090274810791016
0
0
0
0
0
0
0
0
0
0
0
0
0
0
0
0
0
0
1.8722783327102661
0.7087317109107971
0.6774106621742249
0.6452665328979492
0.6432057023048401
0.6189847588539124
0.5937500596046448
0.6056609749794006
0.5947431325912476
0.5961341857910156
0.5782082676887512
0.5932256579399109
0.5859864354133606
0.5851019620895386
0.5809244513511658
0.5938410758972168
0.5967187285423279
0.5864355564117432
0.6054145097732544
0.5974088311195374
0.6247993111610413
0.6290406584739685
0.6359047889709473
0.6302988529205322
0.6450115442276001
0.6763226389884949
2.4146924018859863
1.340814471244812
1.2916468381881714
1.3032002449035645
1.2752928733825684
1.2558526992797852
1.2499498128890991
1.2492393255233765
1.2310870885849
1.2449398040771484
1.252083659172058
1.279374599456787
1.294277310371399
1.3235491514205933
2.5689210891723633
2.648684501647949
0
0
0
0
0
0
0
0
0
