0
0
2.0518622398376465
1.988638997077942
1.9503504037857056
1.9424585103988647
1.933079719543457
1.9167804718017578
1.9392449855804443
1.9753997325897217
1.9907362461090088
0
0
0
0
0
1.411820650100708
1.375299096107483
1.3842828273773193
0
0
0
0
0
0
0
0
0
0
0
0
0
0
0
0
0
0
0
0
0
0.9031505584716797
0.8385274410247803
0.837763786315918
0.808924674987793
0.805070161819458
0.8105253577232361
0.7974904775619507
0.7889130711555481
0.799087643623352
0.7804650068283081
0.8062708377838135
0.7873899936676025
0.7821595072746277
0.7858886122703552
0.8176205158233643
0.8095966577529907
0.8124308586120605
0.8392037749290466
0.8627657890319824
0.9174804091453552
0
0
2.2111284732818604
2.2835428714752197
2.368401527404785
2.4592514038085938
2.556243896484375
2.5441317558288574
2.520603895187378
2.4925594329833984
2.5081324577331543
2.471757173538208
2.440249443054199
2.445888042449951
2.4257352352142334
2.4098927974700928
2.408433198928833
2.3940443992614746
2.3769145011901855
2.3708698749542236
2.390075445175171
2.349830150604248
2.367372989654541
2.3438966274261475
2.3518455028533936
2.3481006622314453
1.943344235420227
2.298142671585083
2.340158224105835
2.3316030502319336
2.338778018951416
2.3380956649780273
2.332170248031616
2.339718818664551
2.3537542819976807
2.34405517578125
2.3480472564697266
2.3530256748199463
2.34956955909729
2.3724498748779297
2.3761589527130127
2.3847694396972656
2.383700370788574
2.3973639011383057
2.401750087738037
2.433893918991089
2.430624008178711
2.4362971782684326
2.449612617492676
2.333975315093994
2.1931357383728027
2.1044797897338867
2.1129133701324463
2.545243263244629
2.560551404953003
2.5671744346618652
2.6081624031066895
2.5995569229125977
2.6404306888580322
2.6776371002197266
2.69913911819458
2.724720001220703
2.757781505584717
2.7905023097991943
2.832041025161743
2.859647750854492
2.868298053741455
2.8220856189727783
2.7324745655059814
2.6792900562286377
2.606395721435547
2.551481246948242
0
0
0
0
0
0
0
0
0
0
0
0
0
0
0
0
0.617822527885437
0.5736321806907654
0.5723186731338501
0.5472574830055237
0.5507254004478455
0.5356774926185608
0.5351752042770386
0.5317585468292236
0.49970605969429016
0.512266218662262
0.4945531189441681
0.49765658378601074
0.48742255568504333
0.4939895272254944
0.4854831099510193
0.49779894948005676
0.4904051423072815
0.46947014331817627
0.4745986759662628
0.49012646079063416
0.47770872712135315
0.4929457902908325
0.492654949426651
0.5003684163093567
0.4870225191116333
0.49671176075935364
0.5096028447151184
0.4898284375667572
0.5153566598892212
0.5000129342079163
0.5109972953796387
0.5234877467155457
0.5335415601730347
0.5531469583511353
0.5534682273864746
0.5680904984474182
0.5833274722099304
0.631677508354187
0.9166579842567444
0.896335780620575
0.8925438523292542
0.8713936805725098
0.8807844519615173
0.8725782632827759
0.8703531622886658
0.8852287530899048
0.8677622675895691
0.8882701396942139
0.8860435485839844
0.8882266283035278
0.8963340520858765
0.9123571515083313
0.94524747133255
0.9780981540679932
0
1.7977118492126465
1.7359849214553833
1.691164493560791
1.663941502571106
1.6331825256347656
1.6486772298812866
1.6456929445266724
1.6537836790084839
1.6448125839233398
1.6398954391479492
1.681383728981018
1.6758668422698975
1.7115106582641602
1.73291015625
1.8269965648651123
2.8579788208007812
2.7082295417785645
2.6174821853637695
2.5712227821350098
2.5522286891937256
2.510511636734009
2.504425287246704
2.4906952381134033
2.448129892349243
2.465571641921997
2.46075701713562
2.4554171562194824
2.487940788269043
2.4821877479553223
2.4993395805358887
2.5196690559387207
2.5788707733154297
2.6067416667938232
2.672968864440918
2.786722183227539
0
0
0
0
0
2.8280587196350098
2.7231459617614746
2.6825168132781982
2.63840913772583
2.646453619003296
2.6292903423309326
2.6193602085113525
2.6249167919158936
2.6414096355438232
2.672731637954712
2.714069128036499
2.783724784851074
0
0
0
0
0
0
0
0
0
0
0
0
0
0
0
0
0
0
0
0
0
0
0
0
0
0
0
1.9554386138916016
1.9336884021759033
1.8945647478103638
1.8919050693511963
1.8901190757751465
1.911898136138916
1.9131220579147339
1.9611964225769043
2.0075457096099854
0
0
0
0
0
0
0
0
0
0
0
0
0
0
0
0
0
0
1.8676276206970215
0.7232170104980469
0.664610743522644
0.648910641670227
0.6271386742591858
0.6090772151947021
0.6301814317703247
0.6031787395477295
0.5927097797393799
0.594628095626831
0.5801551938056946
0.5861636996269226
0.6061892509460449
0.6061464548110962
0.6009646654129028
0.572752833366394
0.6144475340843201
0.5933364033699036
0.583454430103302
0.6019558906555176
0.6085337996482849
0.6132532358169556
0.6429527401924133
0.6193035840988159
0.6646618843078613
0.6822933554649353
2.373584032058716
1.3332005739212036
1.3002142906188965
1.2769542932510376
1.284510612487793
1.2707936763763428
1.2530574798583984
1.2368154525756836
1.2468278408050537
1.2462363243103027
1.2564587593078613
1.2783788442611694
1.302544355392456
1.3261852264404297
2.5822272300720215
2.6290175914764404
0
0
0
0
0
0
0
0
0
