0
0
2.037815809249878
1.9807745218276978
1.9460971355438232
1.9410583972930908
1.9153597354888916
1.9461520910263062
1.9490699768066406
1.9783143997192383
1.986345648765564
0
0
0
0
0
1.3960545063018799
1.3771240711212158
1.3723598718643188
0
0
0
0
0
0
0
0
0
0
0
0
0
0
0
0
0
0
0
0
0
0.9101950526237488
0.8392298221588135
0.8441222906112671
0.8131616711616516
0.8143995404243469
0.8095905184745789
0.8077510595321655
0.792942464351654
0.79051274061203
0.7917871475219727
0.7760714888572693
0.793378472328186
0.7978503704071045
0.7978195548057556
0.8088931441307068
0.8276129961013794
0.8312228322029114
0.8649653196334839
0.8786506056785583
0.9281659126281738
0
0
2.207824230194092
2.280531406402588
2.3663809299468994
2.446049213409424
2.562795877456665
2.5242490768432617
2.4985859394073486
2.4911534786224365
2.468292236328125
2.4690322875976562
2.446704387664795
2.4502758979797363
2.4155592918395996
2.4165399074554443
2.4047930240631104
2.4031529426574707
2.380855083465576
2.3799962997436523
2.3681154251098633
2.363590955734253
2.362107753753662
2.3423612117767334
2.349478006362915
2.3439393043518066
1.940004825592041
2.28108286857605
2.32899808883667
2.3274707794189453
2.3263230323791504
2.333540201187134
2.3411755561828613
2.338632822036743
2.3378705978393555
2.325688123703003
2.351325511932373
2.3484621047973633
2.3576321601867676
2.3679587841033936
2.362020492553711
2.395936965942383
2.383558511734009
2.3981165885925293
2.382417678833008
2.396528959274292
2.4380908012390137
2.439628839492798
2.4519426822662354
2.319263458251953
2.2051327228546143
2.1131913661956787
2.1170313358306885
2.537921905517578
2.553266763687134
2.567328453063965
2.5962722301483154
2.6175663471221924
2.6464364528656006
2.6539149284362793
2.683541774749756
2.725909471511841
2.777191638946533
2.8037161827087402
2.8135035037994385
2.8424723148345947
2.853724479675293
2.7967545986175537
2.725139856338501
2.6860578060150146
2.6155219078063965
2.591357946395874
0
0
0
0
0
0
0
0
0
0
0
0
0
0
0
0
0.6113670468330383
0.5957787036895752
0.562773585319519
0.5565556287765503
0.538209855556488
0.5344295501708984
0.503616213798523
0.5109005570411682
0.511838972568512
0.49510428309440613
0.48516201972961426
0.5042251944541931
0.4855790138244629
0.48611268401145935
0.488118439912796
0.46694323420524597
0.4724145233631134
0.49468085169792175
0.4932854175567627
0.4687894880771637
0.4875379204750061
0.4604361057281494
0.484698623418808
0.5055010318756104
0.4972568154335022
0.4936271011829376
0.5057432651519775
0.5149719715118408
0.5186973214149475
0.5092037320137024
0.5178537964820862
0.5226789116859436
0.5301797389984131
0.5276013016700745
0.5632421374320984
0.5553285479545593
0.599676251411438
0.634760320186615
0.9026548266410828
0.9143527746200562
0.8887142539024353
0.8832464814186096
0.865289568901062
0.857941210269928
0.8640974164009094
0.8813269138336182
0.8725091814994812
0.8788053393363953
0.8826654553413391
0.8959996700286865
0.9061018228530884
0.9259138107299805
0.9458318948745728
0.9675472974777222
0
1.7765752077102661
1.7262431383132935
1.6917494535446167
1.671125054359436
1.6447521448135376
1.6430854797363281
1.6323282718658447
1.6205493211746216
1.644609808921814
1.6290513277053833
1.6562637090682983
1.6766635179519653
1.700911045074463
1.7451484203338623
1.8070389032363892
2.851863384246826
2.6907670497894287
2.6320011615753174
2.5661160945892334
2.5322518348693848
2.520541191101074
2.4837684631347656
2.4549312591552734
2.459564685821533
2.4688644409179688
2.44594144821167
2.4527411460876465
2.4544057846069336
2.471862554550171
2.509823799133301
2.5238418579101562
2.5711565017700195
2.6261420249938965
2.670604944229126
2.7667102813720703
0
0
0
0
0
2.8137381076812744
2.7470223903656006
2.683865547180176
2.639598846435547
2.6399638652801514
2.6236917972564697
2.6062798500061035
2.632453680038452
2.651522636413574
2.6849236488342285
2.7104740142822266
2.7898197174072266
0
0
0
0
0
0
0
0
0
0
0
0
0
0
0
0
0
0
0
0
0
0
0
0
0
0
0
1.971230387687683
1.9190270900726318
1.9053348302841187
1.8934688568115234
1.9163159132003784
1.8896756172180176
1.9132139682769775
1.9416983127593994
1.994797706604004
0
0
0
0
0
0
0
0
0
0
0
0
0
0
0
0
0
0
1.8697682619094849
0.7145490050315857
0.6710156798362732
0.650028645992279
0.6158808469772339
0.6291964650154114
0.619379460811615
0.5828686952590942
0.5914790630340576
0.5905003547668457
0.5854750275611877
0.5952355265617371
0.5942385196685791
0.576930582523346
0.5922401547431946
0.580018937587738
0.5964173078536987
0.6034408211708069
0.5895002484321594
0.5986410975456238
0.613048791885376
0.5927703380584717
0.63482666015625
0.629135012626648
0.6505816578865051
0.6830084323883057
2.3935306072235107
1.3267189264297485
1.2995258569717407
1.2777061462402344
1.2473822832107544
1.2588467597961426
1.2504384517669678
1.2451255321502686
1.2555383443832397
1.2730525732040405
1.2610483169555664
1.2917578220367432
1.2847858667373657
1.308435082435608
2.575061798095703
2.6291496753692627
0
0
0
0
0
0
0
0
0
