0
0
2.0480539798736572
1.9798437356948853
1.9585695266723633
1.9497230052947998
1.9398194551467896
1.9239418506622314
1.953081488609314
1.9590306282043457
2.0090363025665283
0
0
0
0
0
1.4012823104858398
1.3724387884140015
1.3783944845199585
0
0
0
0
0
0
0
0
0
0
0
0
0
0
0
0
0
0
0
0
0
0.8688520789146423
0.8584148287773132
0.8284836411476135
0.819661557674408
0.8071991205215454
0.8015766739845276
0.7895108461380005
0.7815515398979187
0.786121129989624
0.7759178876876831
0.8134896755218506
0.7853929400444031
0.798494279384613
0.8128546476364136
0.8174900412559509
0.8220471143722534
0.8335446715354919
0.8437129259109497
0.888788640499115
0.9149873852729797
0
0
2.2029945850372314
2.2950022220611572
2.353271245956421
2.444859743118286
2.5496838092803955
2.5358097553253174
2.507591962814331
2.4882938861846924
2.4830069541931152
2.455721616744995
2.4567060470581055
2.4412994384765625
2.421544313430786
2.4164786338806152
2.4007973670959473
2.4071319103240967
2.3914687633514404
2.3717052936553955
2.367326498031616
2.363037347793579
2.359212636947632
2.3547861576080322
2.3391096591949463
2.3382601737976074
1.9527819156646729
2.303370237350464
2.323620557785034
2.3438363075256348
2.3403797149658203
2.3199498653411865
2.3352837562561035
2.330540180206299
2.35224986076355
2.344313383102417
2.344224214553833
2.340379476547241
2.371114730834961
2.370878219604492
2.377145528793335
2.376547336578369
2.3927297592163086
2.3946399688720703
2.3946328163146973
2.412937641143799
2.442436695098877
2.447360038757324
2.4563772678375244
2.3300673961639404
2.2239298820495605
2.1394691467285156
2.1167471408843994
2.5414466857910156
2.54765248298645
2.56852650642395
2.5801196098327637
2.6301066875457764
2.6405367851257324
2.6733787059783936
2.6855716705322266
2.7185137271881104
2.7479498386383057
2.780428886413574
2.826334238052368
2.8596155643463135
2.874957323074341
2.7885656356811523
2.7229995727539062
2.682185173034668
2.6205506324768066
2.5874314308166504
0
0
0
0
0
0
0
0
0
0
0
0
0
0
0
0
0.6015584468841553
0.5741774439811707
0.554758608341217
0.5565126538276672
0.5361500978469849
0.5216715335845947
0.5123909711837769
0.49499690532684326
0.5047501921653748
0.4888303875923157
0.48306331038475037
0.48108401894569397
0.5017515420913696
0.48846909403800964
0.5098072290420532
0.47563961148262024
0.49350783228874207
0.4835245609283447
0.4758155643939972
0.47509872913360596
0.48534393310546875
0.48842141032218933
0.4799920618534088
0.4802893102169037
0.4787549376487732
0.4824597239494324
0.4773543179035187
0.49457892775535583
0.48423585295677185
0.5231688022613525
0.5264522433280945
0.504718005657196
0.5414215326309204
0.5507603287696838
0.5603896975517273
0.5663089752197266
0.5918266177177429
0.6434645652770996
0.9162957072257996
0.9016016721725464
0.9108356237411499
0.8746993541717529
0.8780761361122131
0.8797760009765625
0.874885082244873
0.857826828956604
0.8749198317527771
0.867832601070404
0.870201587677002
0.8819057941436768
0.903594970703125
0.9193167686462402
0.9303045868873596
1.005138874053955
0
1.7623417377471924
1.7341328859329224
1.6964120864868164
1.6694918870925903
1.648328423500061
1.6548614501953125
1.6581902503967285
1.6481267213821411
1.6529666185379028
1.6342486143112183
1.6772412061691284
1.6670151948928833
1.7169220447540283
1.73014497756958
1.810413122177124
2.863844633102417
2.704627752304077
2.6234822273254395
2.5902228355407715
2.536797285079956
2.499910354614258
2.4894144535064697
2.467719793319702
2.46319317817688
2.443660020828247
2.474416494369507
2.4875171184539795
2.4641432762145996
2.4929280281066895
2.501116991043091
2.545619249343872
2.56719970703125
2.612767219543457
2.6715312004089355
2.785170555114746
0
0
0
0
0
2.8368520736694336
2.7328102588653564
2.685109853744507
2.6422414779663086
2.651383399963379
2.622312068939209
2.644165277481079
2.6331710815429688
2.6507554054260254
2.677401542663574
2.703460693359375
2.788867712020874
0
0
0
0
0
0
0
0
0
0
0
0
0
0
0
0
0
0
0
0
0
0
0
0
0
0
0
1.9609571695327759
1.9197020530700684
1.8940908908843994
1.8905442953109741
1.885819673538208
1.902518630027771
1.9191433191299438
1.9416543245315552
2.000791549682617
0
0
0
0
0
0
0
0
0
0
0
0
0
0
0
0
0
0
1.871921181678772
0.722659170627594
0.6704604625701904
0.6622514724731445
0.624506413936615
0.6319001317024231
0.6139267086982727
0.604884922504425
0.6083306074142456
0.601381778717041
0.6058259010314941
0.5891775488853455
0.5894997119903564
0.5868805646896362
0.6020401120185852
0.5801354050636292
0.5905193090438843
0.6057167649269104
0.6001251339912415
0.6223868727684021
0.609375
0.6208080053329468
0.6318755149841309
0.6216988563537598
0.6656060218811035
0.6781128644943237
2.3888487815856934
1.3280242681503296
1.2966331243515015
1.2703635692596436
1.2636208534240723
1.257011890411377
1.2367360591888428
1.2474242448806763
1.2388321161270142
1.2350751161575317
1.2684141397476196
1.2776726484298706
1.2813551425933838
1.3204659223556519
2.5955474376678467
2.6442556381225586
0
0
0
0
0
0
0
0
0
