0
0
2.052579164505005
1.9836547374725342
1.963727593421936
1.9547340869903564
1.9311237335205078
1.9376492500305176
1.942376732826233
1.9679744243621826
1.987471342086792
0
0
0
0
0
1.4275745153427124
1.3738263845443726
1.3643622398376465
0
0
0
0
0
0
0
0
0
0
0
0
0
0
0
0
0
0
0
0
0
0.8851142525672913
0.857657790184021
0.8447213172912598
0.8236991167068481
0.822376549243927
0.8081979155540466
0.7940038442611694
0.7971054315567017
0.8017411828041077
0.7917163372039795
0.7854030132293701
0.8018827438354492
0.8139604330062866
0.8020631670951843
0.8103790879249573
0.8021801114082336
0.8314734101295471
0.8464456796646118
0.8793576955795288
0.9062190651893616
0
0
2.2025508880615234
2.2763195037841797
2.384035110473633
2.4687623977661133
2.5444211959838867
2.5424959659576416
2.5339362621307373
2.4828929901123047
2.471994638442993
2.4717321395874023
2.465961456298828
2.4463934898376465
2.4377684593200684
2.411252737045288
2.4094672203063965
2.4186248779296875
2.3818752765655518
2.4090559482574463
2.375413656234741
2.3763904571533203
2.3529164791107178
2.3477113246917725
2.348034620285034
2.3494350910186768
1.938498854637146
2.3042428493499756
2.328119993209839
2.349315643310547
2.351736307144165
2.33719801902771
2.350078821182251
2.3330483436584473
2.3483705520629883
2.3537397384643555
2.340193033218384
2.353516101837158
2.3755345344543457
2.3783206939697266
2.3543877601623535
2.4014551639556885
2.3736302852630615
2.4111452102661133
2.414769172668457
2.4228954315185547
2.4296460151672363
2.449016809463501
2.448718786239624
2.327942371368408
2.2383339405059814
2.115225076675415
2.115339756011963
2.5331168174743652
2.537858247756958
2.561030149459839
2.584758996963501
2.62786865234375
2.6350040435791016
2.677825689315796
2.693718433380127
2.7261412143707275
2.7725541591644287
2.776796340942383
2.811493396759033
2.845297336578369
2.8643946647644043
2.8132729530334473
2.7500596046447754
2.661850690841675
2.6313397884368896
2.5538806915283203
0
0
0
0
0
0
0
0
0
0
0
0
0
0
0
0
0.6109342575073242
0.5803447961807251
0.5485621690750122
0.5561648011207581
0.5474442839622498
0.518939733505249
0.5262823700904846
0.5176443457603455
0.5130907297134399
0.5206435918807983
0.48717057704925537
0.48459216952323914
0.49348631501197815
0.47387880086898804
0.48234257102012634
0.4782409071922302
0.493908166885376
0.488168329000473
0.48980578780174255
0.48211389780044556
0.4719914495944977
0.4854138493537903
0.5003460049629211
0.48314329981803894
0.4896570146083832
0.48262912034988403
0.5109992027282715
0.497109055519104
0.5087838172912598
0.5208990573883057
0.49625417590141296
0.5136383175849915
0.5348564982414246
0.5395371913909912
0.5640348792076111
0.572559118270874
0.6081652641296387
0.6316264867782593
0.9083425998687744
0.9123042821884155
0.914052426815033
0.8741618990898132
0.8856463432312012
0.866615891456604
0.8761030435562134
0.8791741132736206
0.8732962608337402
0.8945446610450745
0.8640889525413513
0.8953853845596313
0.9053789973258972
0.9102156162261963
0.9313982725143433
0.9852243065834045
0
1.770383358001709
1.712302565574646
1.6808537244796753
1.6870301961898804
1.6647942066192627
1.6520578861236572
1.6354869604110718
1.6323896646499634
1.6415090560913086
1.640196442604065
1.6560183763504028
1.6806914806365967
1.721272587776184
1.7294036149978638
1.8217332363128662
2.8782835006713867
2.696807622909546
2.6193981170654297
2.5731241703033447
2.5410091876983643
2.5124592781066895
2.4864351749420166
2.4725584983825684
2.453418016433716
2.4480068683624268
2.4494314193725586
2.465712785720825
2.4619882106781006
2.4536120891571045
2.4989054203033447
2.523491621017456
2.5776214599609375
2.598006248474121
2.6840901374816895
2.778146743774414
0
0
0
0
0
2.824197292327881
2.7341854572296143
2.6726152896881104
2.6542208194732666
2.6358745098114014
2.6201350688934326
2.621746301651001
2.6372532844543457
2.64794659614563
2.688018321990967
2.717087507247925
2.7830939292907715
0
0
0
0
0
0
0
0
0
0
0
0
0
0
0
0
0
0
0
0
0
0
0
0
0
0
0
1.9569013118743896
1.9330332279205322
1.8951038122177124
1.9169001579284668
1.8936545848846436
1.9065656661987305
1.9256335496902466
1.9346479177474976
2.01802921295166
0
0
0
0
0
0
0
0
0
0
0
0
0
0
0
0
0
0
1.875866174697876
0.6912697553634644
0.6530691385269165
0.654915452003479
0.639142632484436
0.6076013445854187
0.6165878176689148
0.6120151877403259
0.5965843200683594
0.6069116592407227
0.5954189300537109
0.5958920121192932
0.5917145013809204
0.599288821220398
0.5895707607269287
0.6045361757278442
0.5971233248710632
0.5878861546516418
0.6047192811965942
0.5998658537864685
0.6107296347618103
0.6153625249862671
0.6201154589653015
0.6262337565422058
0.6453947424888611
0.6990789175033569
2.3883094787597656
1.3329925537109375
1.3069629669189453
1.2812085151672363
1.2557759284973145
1.2489609718322754
1.251526951789856
1.2486162185668945
1.2518694400787354
1.2498631477355957
1.2556884288787842
1.2744331359863281
1.29936945438385
1.319297432899475
2.6070032119750977
2.6252615451812744
0
0
0
0
0
0
0
0
0
