1.507930874824524
1.517256736755371
1.5193771123886108
1.5428071022033691
1.5752580165863037
0
0
0
0
0
2.20662522315979
2.1217262744903564
2.073061466217041
2.067349910736084
2.0576956272125244
2.0650110244750977
2.076796531677246
2.105485200881958
2.1614508628845215
0
0
0
0
0
0
0
0
0
0
0
0
0
1.0453957319259644
1.019434928894043
0.979837954044342
0.9797254204750061
0.9547087550163269
0.9452500939369202
0.9447914361953735
0.9401748776435852
0.9279293417930603
0.9392063617706299
0.9456615447998047
0.9323453307151794
0.946416437625885
0.969566285610199
0.9767001867294312
1.0114634037017822
1.04315185546875
0
0
0
0
0
0
0
0
0
0
0
0
1.7348095178604126
1.726082682609558
0
0
0
0
0
0
0.6163509488105774
0.6139969825744629
0.5702785849571228
0.5793427228927612
0.5556343793869019
0.5436800122261047
0.5535551905632019
0.5196898579597473
0.5381456613540649
0.5247313976287842
0.5434935688972473
0.5127063393592834
0.5372978448867798
0.5187289118766785
0.5301535129547119
0.5188065767288208
0.5246761441230774
0.524551272392273
0.5296360850334167
0.5280531048774719
0.5310444235801697
0.5309573411941528
0.5433071851730347
0.5705083012580872
0.571755051612854
0.6004825234413147
0.6271396279335022
3.2992806434631348
3.0920512676239014
3.472317934036255
0
0
0
0
0
0
0
0
0
0
0
0
0
3.3617143630981445
3.3226613998413086
0
0
0
0
0
0
0
0
0
0
0
0
1.6651124954223633
1.6047495603561401
1.5919886827468872
1.5647329092025757
1.5615042448043823
1.5453822612762451
1.5228158235549927
1.5440770387649536
1.5404850244522095
1.5528974533081055
1.556559443473816
1.5816761255264282
1.5904384851455688
1.617972731590271
1.675618052482605
0
0
0
1.7235370874404907
1.6478577852249146
1.6333353519439697
1.630928874015808
1.6111969947814941
1.6017415523529053
1.5859222412109375
1.6160093545913696
1.6343001127243042
1.643202543258667
1.7149683237075806
0
0
0
0
0
0
0
0
0
0
0
0
0
0
2.025355815887451
1.958753228187561
1.9517840147018433
1.926320195198059
1.9054346084594727
1.8978689908981323
1.9119948148727417
1.8902188539505005
1.9084793329238892
1.9297081232070923
1.9335793256759644
1.9833545684814453
2.0453150272369385
0
0
0
0
0
0
0
0
0
0
0
2.504155397415161
2.4098873138427734
2.3497610092163086
2.3288283348083496
2.2796735763549805
2.264639377593994
2.245603561401367
2.212609052658081
2.215137004852295
2.1906747817993164
2.192312479019165
2.2168424129486084
2.221202850341797
2.203446626663208
2.227088212966919
2.2564404010772705
2.282972812652588
2.318966865539551
2.3555235862731934
2.4020297527313232
2.4909656047821045
0
0
0
0
2.16517972946167
2.073676824569702
2.0069656372070312
1.986765742301941
1.9589197635650635
1.9523489475250244
1.9304720163345337
1.9367547035217285
1.9362934827804565
1.9308973550796509
1.9617184400558472
1.957298994064331
1.9943264722824097
2.00010085105896
2.0563225746154785
2.143967628479004
0
0
0
0
0
0
0
0
3.4861812591552734
3.457775592803955
3.421008586883545
3.3847453594207764
3.364330768585205
3.334650993347168
3.306291103363037
3.2879552841186523
3.2695374488830566
3.2607929706573486
3.2451589107513428
3.2113912105560303
3.1925132274627686
3.1833746433258057
3.1778366565704346
3.159588098526001
3.3112480640411377
3.1223843097686768
3.1320483684539795
3.096494674682617
3.101435661315918
3.0899925231933594
0.782306432723999
0.7500633001327515
0.7429717779159546
0.7168242931365967
0.7260797023773193
0.6962040066719055
0.6870214343070984
0.694862961769104
0.6878920793533325
0.7007768750190735
0.7160541415214539
0.683551013469696
0.6749972105026245
0.6923481822013855
0.6908236145973206
0.6917815208435059
0.7327972650527954
0.7113028168678284
0.7512075901031494
0.7442290782928467
0.7809444069862366
3.2007622718811035
3.190206289291382
3.212022066116333
3.236536979675293
3.2392163276672363
3.2681713104248047
3.2953383922576904
0
0
0
0
0
0
0
0
0
0
0
0
0
0
0
0
0
0
0
0
0
2.5879969596862793
2.563352584838867
2.5720932483673096
2.55505108833313
2.5725598335266113
2.608773708343506
2.696640968322754
0
0
0
0
0
0
0
1.4771689176559448
1.442784070968628
1.4224865436553955
1.3972792625427246
1.4220175743103027
0.8230761885643005
0.7782490253448486
0.7411580085754395
0.7597406506538391
0.7389336228370667
0.723451554775238
0.7292362451553345
0.7351336479187012
0.7214142680168152
0.7172937393188477
0.710370659828186
0.6920372247695923
0.7395338416099548
0.7263302206993103
0.7322368025779724
0.7357684969902039
0.749021053314209
0.7568320035934448
0.7705788612365723
0.7876473069190979
0.852376401424408
1.6203722953796387
1.5666898488998413
1.524276852607727
1.5224069356918335
1.4929583072662354
1.5066964626312256
1.4954615831375122
