1680885833809 0.0003309382651331836 0
1680885843576 0.005839725162502831 3
1680885846508 0.0061790941127143895 4
1680885849790 0.013807160288539738 5
1680885857148 0.03263668251221823 6
1680885861680 0.0435307437453008 7
1680885865480 0.07850811971234134 8
1680885870839 0.12371872139565054 10
1680885873384 0.1695730362769904 11
1680885875883 0.19999140541438543 12
1680885880817 0.2049242753416042 14
1680885883286 0.2218306056767645 15
1680885885837 0.3438195346430028 16
1680885893014 0.3502315958581344 19
1680885895417 0.36492360777325167 20
1680885897866 0.3787686322609278 21
1680885900259 0.3863165748056547 22
1680885902727 0.44150520777728225 23
1680885919246 0.46708682750037983 30
1680885926352 0.49899467299757694 33
1680885938119 0.5480747886773815 38
1680885942944 0.5678737864013343 40
1680885952337 0.6332117251159495 44
1680885954716 0.6404912863847724 45
1680885982936 0.6629169702954227 57
1680885999329 0.6753503462082171 64
1680886004013 0.6827224514778126 66
1680886011022 0.6868057664918211 69
1680886018103 0.7195051950529381 72
1680886059929 0.729627892819717 90
1680886062316 0.7487358048980837 91
1680886071703 0.7504668234903943 95
1680886090325 0.7568144768127371 103
1680886120553 0.7693753426541224 116
1680886146200 0.7741383905949629 127
1680886164749 0.781268061399316 135
1680886176347 0.7823457490135013 140
1680886201945 0.7826709175472445 151
1680886204283 0.7941259430981896 152
1680886227441 0.7968562011405794 162
1680886229794 0.796769393538575 163
1680886234517 0.7977654071482446 165
1680886264649 0.8010561080298236 178
1680886267083 0.8051243011995325 179
1680886269426 0.8078819158053303 180
1680886278726 0.8119860922536652 184
1680886325036 0.8158595509281676 204
1680886327396 0.8202398947181421 205
1680886382933 0.8218211084813264 229
1680886403676 0.8237260167299745 238
1680886406041 0.8251184398147954 239
1680886408378 0.8250953455092925 240
1680886426922 0.8284315433131071 248
1680886443191 0.8299764565624028 255
1680886473371 0.8325965414029394 268
1680886510341 0.8356999774369998 284
1680886515035 0.8361234043536866 286
1680886529064 0.8393121040215972 292
1680886552146 0.8420176104395495 302
1680886554513 0.8428242195744855 303
1680886584547 0.8440764051980377 316
1680886642398 0.8454764842430079 341
1680886647058 0.849741369038818 343
1680886684040 0.8516462764161226 359
1680886697924 0.853160657832193 365
1680886707204 0.8544851666055496 369
1680886721157 0.855396207730358 375
1680886763054 0.8575449821210913 393
1680886788471 0.8576312133194163 404
1680886818521 0.859354603710456 417
1680886839336 0.8598394880652916 426
1680886851030 0.8618365445607004 431
1680886853379 0.8631834556883532 432
1680886867305 0.8633450865823035 438
1680886869651 0.8647848036483636 439
1680886892730 0.8659505264915942 449
1680886929901 0.8671387533151109 465
1680886955285 0.8679419211874239 476
1680887006034 0.8697862170190348 498
1680887010674 0.869948492133596 500
1680887024592 0.8706876301425636 506
1680887029226 0.8713871007286919 508
1680887031640 0.8724638955008541 509
1680887070976 0.873818075402211 526
1680887094018 0.8757652742386922 536
1680887128787 0.8764348937321881 551
1680887156528 0.8778609573925076 563
1680887163510 0.8790298450241858 566
1680887179725 0.8790323577351767 573
1680887182063 0.8801698725482993 574
1680887214367 0.88041225692341 588
1680887256002 0.8814715217106447 606
1680887269877 0.8829123790622321 612
1680887290709 0.8833235879581777 621
1680887295347 0.8837626208398507 623
1680887306944 0.8848142458433742 628
1680887318480 0.8854506347203218 633
1680887320882 0.8860510628207491 634
1680887325522 0.887280493306767 636
1680887399261 0.8877971452379437 668
1680887406233 0.8879149227687272 671
1680887422469 0.8901824563881547 678
1680887484782 0.8902566761571551 705
1680887489460 0.892173440848679 707
1680887522015 0.8924311390681896 721
1680887538186 0.8925116859225399 728
1680887540524 0.8936611569184508 729
1680887561353 0.8939313454148287 738
1680887575267 0.8949806742617715 744
1680887591425 0.8953133201663652 751
1680887593761 0.8956620665195718 752
1680887632996 0.8978772032324365 769
1680887651468 0.8987951036905097 777
1680887713766 0.8989100214957272 804
1680887743780 0.9006861873252582 817
1680887753030 0.9009804396479542 821
1680887789870 0.9019867887598639 837
1680887812959 0.9024167627533805 847
1680887824621 0.9029948323799637 852
1680887870636 0.9031578190260928 872
1680887891449 0.903342288931043 881
1680887912249 0.9040130276641736 890
1680887938066 0.9041578862462171 901
1680887942760 0.9046864101781912 903
1680887949684 0.905118754137671 906
1680887952094 0.9053068796649848 907
1680887970627 0.9058286217672004 915
1680888009890 0.906152848741346 932
1680888019103 0.9064336410651483 936
1680888021440 0.9066062408273202 937
1680888035326 0.9071566198678296 943
1680888037714 0.9082352251841623 944
1680888074563 0.9088388296322035 960
1680888076984 0.9089109529429374 961
1680888146110 0.909144286764942 991
1680888150861 0.909913606551951 993
