1680885833809 0.001344093467670594 0
1680885843576 0.6933684503402074 3
1680885846508 0.3868455841160045 4
1680885849790 0.06547474157591036 5
1680885857148 0.10053578049795282 6
1680885861680 0.12066295796332131 7
1680885865480 0.5653233380984454 8
1680885870839 0.5990783045180579 10
1680885873384 0.29313644182328114 11
1680885875883 0.24582574726270856 12
1680885880817 0.41827976426799035 14
1680885883286 0.42997596052927195 15
1680885885837 0.5131669392856525 16
1680885893014 0.5554252178224499 19
1680885895417 0.5422697175061844 20
1680885897866 0.5360296157280903 21
1680885900259 0.6681860055389238 22
1680885902727 0.7313450276921505 23
1680885919246 0.833877805675065 30
1680885926352 0.8399868600856407 33
1680885938119 0.8719520093491405 38
1680885942944 0.9166698998927799 40
1680885952337 0.9205693523358072 44
1680885954716 0.9379577430500149 45
1680885982936 0.9395217324571434 57
1680885999329 0.9471248431843055 64
1680886004013 0.9413862381690339 66
1680886011022 0.952589324515898 69
1680886018103 0.9501319860188739 72
1680886059929 0.9494373290065999 90
1680886062316 0.9460700055097471 91
1680886071703 0.9575819460070715 95
1680886090325 0.9494984508503418 103
1680886120553 0.9547551364718925 116
1680886146200 0.9510556700352799 127
1680886164749 0.9558351719143259 135
1680886176347 0.964075344448454 140
1680886201945 0.9583391834076894 151
1680886204283 0.9688631006629599 152
1680886227441 0.971314848754583 162
1680886229794 0.9609483414603237 163
1680886234517 0.9655151863643595 165
1680886264649 0.9647273671596727 178
1680886267083 0.9667778396574991 179
1680886269426 0.9606155980652263 180
1680886278726 0.9734211607807959 184
1680886325036 0.9703285937239093 204
1680886327396 0.9736125467284528 205
1680886382933 0.9716393640270328 229
1680886403676 0.9779308255707151 238
1680886406041 0.9697048291521195 239
1680886408378 0.9735130408684004 240
1680886426922 0.9710235270954305 248
1680886443191 0.9729355092942039 255
1680886473371 0.9763889594487122 268
1680886510341 0.9797209641844469 284
1680886515035 0.979896661563115 286
1680886529064 0.9748125906009477 292
1680886552146 0.9766184236468295 302
1680886554513 0.9764937250127329 303
1680886584547 0.9748615078113562 316
1680886642398 0.9722939524615164 341
1680886647058 0.9786152321485301 343
1680886684040 0.9776435361509401 359
1680886697924 0.977460515724807 365
1680886707204 0.9741689999510609 369
1680886721157 0.978660562276023 375
1680886763054 0.9798874864442216 393
1680886788471 0.9745535319910389 404
1680886818521 0.9777077276385827 417
1680886839336 0.9770523957490026 426
1680886851030 0.986613933007145 431
1680886853379 0.984505266068061 432
1680886867305 0.9785645218413158 438
1680886869651 0.9784421727370569 439
1680886892730 0.9799020563759845 449
1680886929901 0.9813240467245166 465
1680886955285 0.9773538828766969 476
1680887006034 0.9789136112886871 498
1680887010674 0.9822074878737341 500
1680887024592 0.9820107516532811 506
1680887029226 0.9774882744735166 508
1680887031640 0.9769872512284073 509
1680887070976 0.9798915437866004 526
1680887094018 0.9797345937341183 536
1680887128787 0.9814629180431672 551
1680887156528 0.9824089496361891 563
1680887163510 0.9822821450893414 566
1680887179725 0.9824216462481276 573
1680887182063 0.9836551410022275 574
1680887214367 0.9842805221488007 588
1680887256002 0.9814009221346233 606
1680887269877 0.9826702101141774 612
1680887290709 0.9814078537153872 621
1680887295347 0.9844705628117839 623
1680887306944 0.9817705389699668 628
1680887318480 0.980121200934622 633
1680887320882 0.9813755065064423 634
1680887325522 0.9829827402977412 636
1680887399261 0.9843582095901361 668
1680887406233 0.985737283084075 671
1680887422469 0.9849372039193808 678
1680887484782 0.9879558060636594 705
1680887489460 0.9864508385896117 707
1680887522015 0.981639830748203 721
1680887538186 0.9836396058434532 728
1680887540524 0.9850823731458965 729
1680887561353 0.9841351149846268 738
1680887575267 0.9854306442845026 744
1680887591425 0.9850939480072686 751
1680887593761 0.9842379617938927 752
1680887632996 0.9864075411746219 769
1680887651468 0.9863134476576002 777
1680887713766 0.9836107441039013 804
1680887743780 0.9856719648090101 817
1680887753030 0.9832075070832241 821
1680887789870 0.9870888628871636 837
1680887812959 0.9869946585700519 847
1680887824621 0.9872250762644095 852
1680887870636 0.9882196039453349 872
1680887891449 0.9873828728799058 881
1680887912249 0.9873280765931199 890
1680887938066 0.989226568835719 901
1680887942760 0.9900439801830774 903
1680887949684 0.9880628347061963 906
1680887952094 0.9891368905973009 907
1680887970627 0.9896840157424264 915
1680888009890 0.9891609574639855 932
1680888019103 0.9871713971872552 936
1680888021440 0.987184637973778 937
1680888035326 0.9876720709325936 943
1680888037714 0.987754471461165 944
1680888074563 0.9888732208390781 960
1680888076984 0.9886832501443852 961
1680888146110 0.9896048662264719 991
1680888150861 0.989629973673583 993
