1680878855863 0.00033179581668645367 0
1680878859758 0.0002414772279274041 1
1680878862975 0.00013438962358071222 2
1680878865831 0.00014868271502069635 3
1680878868667 9.608216551065911e-05 4
1680878871376 0.00012026498359473607 5
1680878873829 0.007027941688492102 6
1680878876471 0.018679579409734835 7
1680878879022 0.0216346800406154 8
1680878882519 0.020914554184870742 9
1680878885549 0.015338116303600255 10
1680878888175 0.05132606472982426 11
1680878890893 0.06908956006102353 12
1680878893572 0.19186362104400465 13
1680878896273 0.1296130737170455 14
1680878898645 0.24356181485851366 15
1680878901002 0.1857155273362385 16
1680878903328 0.34039464851825924 17
1680878905681 0.3046430521695465 18
1680878907957 0.3685534888340376 19
1680878910246 0.2563373512602012 20
1680878912483 0.3837643881788499 21
1680878914768 0.38890586527701165 22
1680878917046 0.4540141198244953 23
1680878919382 0.40794448725720595 24
1680878921591 0.4542203579769843 25
1680878923825 0.4501516016321469 26
1680878926076 0.21221038682998372 27
1680878928294 0.4651790013585395 28
1680878930561 0.4735012383571168 29
1680878932834 0.4836827879737762 30
1680878935166 0.501449427654807 31
1680878937427 0.4956950762188108 32
1680878939677 0.5675372965289465 33
1680878941947 0.4674642834232305 34
1680878944196 0.4984239129455837 35
1680878946441 0.5914635535424182 36
1680878948728 0.5990488136803032 37
1680878950973 0.6255530753201362 38
1680878953310 0.5578867658461936 39
1680878955511 0.5022050074167967 40
1680878957727 0.5546815896802985 41
1680878959939 0.33868037338270596 42
1680878962142 0.5253413634507619 43
1680878964340 0.5910523207128197 44
1680878966554 0.5973397184558694 45
1680878968731 0.6485943238118372 46
1680878971028 0.591673572676663 47
1680878973222 0.6201538826907703 48
1680878975408 0.5460498548554357 49
1680878977595 0.6314028104203931 50
1680878979785 0.6263477611048198 51
1680878981973 0.6652411459936572 52
1680878984206 0.6800854866523552 53
1680878986506 0.6541994578884466 54
1680878988712 0.6678430101725509 55
1680878990899 0.6398627490394522 56
1680878993096 0.6748580544756025 57
1680878995319 0.6656194827795628 58
1680878997509 0.6765069715588358 59
1680878999716 0.6611108069579997 60
1680879001949 0.6885988049666377 61
1680879004250 0.6636525463116997 62
1680879006448 0.7056263814965282 63
1680879008660 0.684455975669389 64
1680879010881 0.7050189601342814 65
1680879013057 0.6946064611836826 66
1680879015241 0.72075442539576 67
1680879017454 0.7051162479880647 68
1680879019624 0.7048707103906541 69
1680879021861 0.7141586976541311 70
1680879024037 0.7203898583503645 71
1680879026211 0.6842898817253622 72
1680879028380 0.7188988089425258 73
1680879030557 0.6953716582450015 74
1680879032748 0.7059558116737895 75
1680879034919 0.7162865711668003 76
1680879037081 0.7260239904312137 77
1680879039397 0.7268367430986619 78
1680879041626 0.7411982396106568 79
1680879043867 0.7224489161437343 80
1680879046044 0.744929737568655 81
1680879048244 0.7280374426261812 82
1680879050418 0.727212682082286 83
1680879052581 0.721150133994055 84
1680879054830 0.7117435190321587 85
1680879057010 0.7007355102625241 86
1680879059181 0.7168291771557408 87
1680879061345 0.7298650992136299 88
1680879063500 0.7401879429121486 89
1680879065671 0.7331412334488051 90
1680879067866 0.7499715071563523 91
1680879070055 0.7438872613835653 92
1680879072341 0.7406237878148696 93
1680879074497 0.7699618558780893 94
1680879076705 0.7376840121358429 95
1680879078871 0.7453528499623344 96
1680879081046 0.7651811242936709 97
1680879083200 0.754233517727266 98
1680879085369 0.7539544525746149 99
1680879087594 0.7514411985590387 100
1680879089769 0.7677278454430203 101
1680879091935 0.7512145069702018 102
1680879094101 0.7627129789107009 103
1680879096252 0.7581943928254341 104
1680879098425 0.7528449252224806 105
1680879100651 0.7750372313564443 106
1680879102869 0.7727896310941774 107
1680879105123 0.7656533746688802 108
1680879107272 0.7682630317967482 109
1680879109434 0.7752348451038099 110
1680879111634 0.7779960458436599 111
1680879113841 0.7781445915108804 112
1680879116070 0.7747822344994839 113
1680879118240 0.7778250970296373 114
1680879120484 0.7838121916576863 115
1680879122708 0.7867838631553762 116
1680879124905 0.7894910592228802 117
1680879127099 0.7836288510372923 118
1680879129262 0.782839270372781 119
1680879131431 0.7853980881885718 120
1680879133608 0.785165221682508 121
1680879135834 0.7870991500413481 122
1680879138007 0.78665798110499 123
1680879140164 0.7926277091475432 124
1680879142372 0.7877150538672911 125
1680879144549 0.7847680546875647 126
1680879146715 0.7870322825185895 127
