1680878855863 0.14450714060458622 0
1680878859758 0.12559129612109746 1
1680878862975 0.11810154525386313 2
1680878865831 0.12196467991169978 3
1680878868667 0.1111111111111111 4
1680878871376 0.11362209667294414 5
1680878873829 0.02924944812362031 6
1680878876471 0.12956897754737592 7
1680878879022 0.3060430979603138 8
1680878882519 0.32159704654613497 9
1680878885549 0.42730923326789466 10
1680878888175 0.4331857229989937 11
1680878890893 0.6897972737192305 12
1680878893572 0.3194197542058424 13
1680878896273 0.5312437689575041 14
1680878898645 0.7485454087044774 15
1680878901002 0.7516440694086093 16
1680878903328 0.7648909478359633 17
1680878905681 0.7335577051888539 18
1680878907957 0.7448196064598775 19
1680878910246 0.7150325577157192 20
1680878912483 0.704085853545469 21
1680878914768 0.7204181593540846 22
1680878917046 0.7341807028232266 23
1680878919382 0.731661084029921 24
1680878921591 0.7041011882273557 25
1680878923825 0.771338938006941 26
1680878926076 0.5380280925997135 27
1680878928294 0.8168227023906675 28
1680878930561 0.7391896586846732 29
1680878932834 0.7779608442148631 30
1680878935166 0.8116127694764067 31
1680878937427 0.8137990705680033 32
1680878939677 0.8346973709227771 33
1680878941947 0.8066328877548257 34
1680878944196 0.8054021503542854 35
1680878946441 0.8678758906364484 36
1680878948728 0.8746342851966084 37
1680878950973 0.8879018363809025 38
1680878953310 0.8709019754344886 39
1680878955511 0.8793041330723931 40
1680878957727 0.8792406880486904 41
1680878959939 0.6308213308150504 42
1680878962142 0.7733071209551655 43
1680878964340 0.8807132111896155 44
1680878966554 0.8994255547247508 45
1680878968731 0.9132078692771287 46
1680878971028 0.890337883751603 47
1680878973222 0.8988877019616549 48
1680878975408 0.8948413801092525 49
1680878977595 0.9284980308822667 50
1680878979785 0.9073996549643167 51
1680878981973 0.9079138678395805 52
1680878984206 0.9173437887784179 53
1680878986506 0.9122646645974967 54
1680878988712 0.9284868622496703 55
1680878990899 0.924922191348197 56
1680878993096 0.9237032405830442 57
1680878995319 0.9362262124548909 58
1680878997509 0.9321938921919116 59
1680878999716 0.9233802573368334 60
1680879001949 0.930814073270303 61
1680879004250 0.930963676460434 62
1680879006448 0.9368113806268908 63
1680879008660 0.9291344158212334 64
1680879010881 0.9329193511015621 65
1680879013057 0.9350600943251702 66
1680879015241 0.9295091752672867 67
1680879017454 0.9329590567141818 68
1680879019624 0.9342796043976143 69
1680879021861 0.9285117962570296 70
1680879024037 0.9331721800854139 71
1680879026211 0.9361048726123636 72
1680879028380 0.9407259230752327 73
1680879030557 0.9433874677317192 74
1680879032748 0.9395421106456362 75
1680879034919 0.9379386714994457 76
1680879037081 0.9334741325243527 77
1680879039397 0.9375091892388919 78
1680879041626 0.9474228852479533 79
1680879043867 0.9435253398200177 80
1680879046044 0.942192521354531 81
1680879048244 0.9509188546724188 82
1680879050418 0.9452638015207953 83
1680879052581 0.9438247708107413 84
1680879054830 0.9478534295289434 85
1680879057010 0.9397709888278548 86
1680879059181 0.9512117977354442 87
1680879061345 0.9500247263274751 88
1680879063500 0.9404149552584357 89
1680879065671 0.9400789281427641 90
1680879067866 0.9590011623907194 91
1680879070055 0.9401061507108629 92
1680879072341 0.9349562572665393 93
1680879074497 0.9491300062011061 94
1680879076705 0.9468604048244292 95
1680879078871 0.9516402686531832 96
1680879081046 0.9586334727463853 97
1680879083200 0.9457334736146422 98
1680879085369 0.9453943467360878 99
1680879087594 0.9473985070512659 100
1680879089769 0.9487755341700522 101
1680879091935 0.9570487221942242 102
1680879094101 0.9615698857373646 103
1680879096252 0.9463481432591054 104
1680879098425 0.9498862174249122 105
1680879100651 0.9496830204054773 106
1680879102869 0.9567102376204373 107
1680879105123 0.9557904826439753 108
1680879107272 0.9414506497559958 109
1680879109434 0.9432324636001465 110
1680879111634 0.9507290138714221 111
1680879113841 0.9560511420001481 112
1680879116070 0.9467822868475583 113
1680879118240 0.9555947375095603 114
1680879120484 0.9573761503255399 115
1680879122708 0.9601809853710132 116
1680879124905 0.9500561118787457 117
1680879127099 0.9558959609803281 118
1680879129262 0.9465357753473006 119
1680879131431 0.9419763995694436 120
1680879133608 0.9556560709195324 121
1680879135834 0.9461379979836436 122
1680879138007 0.9543787707522614 123
1680879140164 0.9492076157745286 124
1680879142372 0.9517915255006811 125
1680879144549 0.955820848500224 126
1680879146715 0.9542628658951638 127
