0
0
2.0623855590820312
1.9975618124008179
1.9635555744171143
1.9297503232955933
1.9355283975601196
1.9487439393997192
1.9219954013824463
1.9564733505249023
2.0041587352752686
0
0
0
0
0
1.4108892679214478
1.37773859500885
1.3709716796875
0
0
0
0
0
0
0
0
0
0
0
0
0
0
0
0
0
0
0
0
0
0.9180411100387573
0.8734132051467896
0.8301838636398315
0.8147328495979309
0.8105678558349609
0.801088273525238
0.7827208638191223
0.8035328388214111
0.7898254990577698
0.8009496927261353
0.7852752208709717
0.7953330278396606
0.7929888367652893
0.8069798350334167
0.8065299391746521
0.8326584100723267
0.8109713792800903
0.8498163223266602
0.8678221702575684
0.9040696024894714
0
0
2.2080888748168945
2.2664034366607666
2.3719468116760254
2.463515520095825
2.550278663635254
2.5335800647735596
2.543837785720825
2.493748188018799
2.4875762462615967
2.47104811668396
2.446993350982666
2.445769786834717
2.4432482719421387
2.423915386199951
2.4126174449920654
2.4072012901306152
2.370251417160034
2.365504026412964
2.3642210960388184
2.3644309043884277
2.3627045154571533
2.355189085006714
2.3469362258911133
2.349694013595581
1.9517362117767334
2.283334255218506
2.3402259349823
2.3211233615875244
2.3498048782348633
2.353346586227417
2.346040964126587
2.3125274181365967
2.34525465965271
2.3446404933929443
2.3499579429626465
2.3467817306518555
2.3672072887420654
2.3584446907043457
2.383450984954834
2.387348175048828
2.394496440887451
2.399559736251831
2.3968706130981445
2.4123926162719727
2.438558578491211
2.433053731918335
2.4506969451904297
2.3154242038726807
2.211960554122925
2.1128134727478027
2.0932610034942627
2.539569139480591
2.562915086746216
2.5774755477905273
2.584155321121216
2.616307497024536
2.6412971019744873
2.6737430095672607
2.682152032852173
2.7202484607696533
2.753753900527954
2.7862722873687744
2.8323001861572266
2.8367927074432373
2.865234136581421
2.796682596206665
2.7330322265625
2.677471160888672
2.629549264907837
2.5786728858947754
0
0
0
0
0
0
0
0
0
0
0
0
0
0
0
0
0.6210138201713562
0.5870762467384338
0.5531248450279236
0.5577902793884277
0.5489374399185181
0.5318190455436707
0.5273195505142212
0.5091810822486877
0.517352819442749
0.5249074101448059
0.485690176486969
0.4870743453502655
0.48357969522476196
0.4889414310455322
0.497627317905426
0.45402538776397705
0.4686463177204132
0.48265984654426575
0.4978260397911072
0.49376481771469116
0.495537132024765
0.4833102226257324
0.4988361597061157
0.4879244267940521
0.5039975047111511
0.49410513043403625
0.4867582619190216
0.5046293139457703
0.524470329284668
0.5102443695068359
0.5179899334907532
0.5140842199325562
0.5142713189125061
0.5563579797744751
0.5725930333137512
0.5735796689987183
0.5918534398078918
0.6277076005935669
0.9099377989768982
0.8992888331413269
0.8861722350120544
0.8972269892692566
0.89432692527771
0.8635749220848083
0.886367678642273
0.8721646666526794
0.8805592060089111
0.8702196478843689
0.8941762447357178
0.9109840989112854
0.9203109741210938
0.9320737719535828
0.9460440278053284
0.9792913198471069
0
1.789758324623108
1.7161763906478882
1.6865872144699097
1.6886518001556396
1.6687283515930176
1.6598702669143677
1.6331818103790283
1.6367958784103394
1.6276038885116577
1.6441097259521484
1.6619452238082886
1.680204153060913
1.6918911933898926
1.7310523986816406
1.8302556276321411
2.87697696685791
2.6833934783935547
2.617910623550415
2.5357279777526855
2.5418179035186768
2.513159990310669
2.4973878860473633
2.464738607406616
2.4635210037231445
2.459139585494995
2.4663093090057373
2.4798450469970703
2.4868412017822266
2.4842567443847656
2.511613368988037
2.5209619998931885
2.5531630516052246
2.6192777156829834
2.6540348529815674
2.780630111694336
0
0
0
0
0
2.8370447158813477
2.7299609184265137
2.6693015098571777
2.642263174057007
2.6165566444396973
2.6446945667266846
2.6300535202026367
2.6171982288360596
2.653211832046509
2.6765410900115967
2.7175583839416504
2.7868423461914062
0
0
0
0
0
0
0
0
0
0
0
0
0
0
0
0
0
0
0
0
0
0
0
0
0
0
0
1.9501413106918335
1.9390453100204468
1.9060919284820557
1.8988443613052368
1.8906145095825195
1.8930312395095825
1.896515965461731
1.925654649734497
1.9979709386825562
0
0
0
0
0
0
0
0
0
0
0
0
0
0
0
0
0
0
1.868613839149475
0.7100459933280945
0.6644278168678284
0.6599876880645752
0.6412727236747742
0.6364913582801819
0.5994336009025574
0.599541187286377
0.6106667518615723
0.5724390745162964
0.6062052249908447
0.5992071628570557
0.6023744344711304
0.5674905180931091
0.5838183760643005
0.5928975343704224
0.5949587821960449
0.592829167842865
0.5953062772750854
0.6025152802467346
0.612713634967804
0.6109609603881836
0.629129946231842
0.6344794631004333
0.6517571210861206
0.668722927570343
2.387705087661743
1.3363761901855469
1.2979216575622559
1.2779721021652222
1.2558436393737793
1.2648686170578003
1.2419087886810303
1.2237327098846436
1.2465970516204834
1.2409694194793701
1.2666922807693481
1.2755972146987915
1.2834504842758179
1.3210585117340088
2.582364082336426
2.638237953186035
0
0
0
0
0
0
0
0
0
