0
0
2.0477852821350098
1.9881032705307007
1.9536598920822144
1.9345659017562866
1.9211474657058716
1.937259316444397
1.9442075490951538
1.9424638748168945
1.9918038845062256
0
0
0
0
0
1.4146193265914917
1.3891198635101318
1.3843932151794434
0
0
0
0
0
0
0
0
0
0
0
0
0
0
0
0
0
0
0
0
0
0.8815767168998718
0.8567924499511719
0.8260939121246338
0.8332078456878662
0.8324525952339172
0.8074008822441101
0.7983694076538086
0.7807008624076843
0.806565523147583
0.8008812665939331
0.7888712286949158
0.8086141347885132
0.7979832291603088
0.7922055125236511
0.8022790551185608
0.8121626973152161
0.8213465213775635
0.8358246088027954
0.8580092191696167
0.9224008321762085
0
0
2.20493221282959
2.2829723358154297
2.349799871444702
2.4656224250793457
2.5589540004730225
2.5497188568115234
2.529813051223755
2.5011343955993652
2.5100977420806885
2.454700231552124
2.442016124725342
2.4355263710021973
2.4451279640197754
2.4176135063171387
2.3957533836364746
2.3879053592681885
2.3869051933288574
2.370032548904419
2.384775161743164
2.368908405303955
2.3513736724853516
2.337796688079834
2.3542580604553223
2.3405275344848633
1.949194312095642
2.297563314437866
2.3266258239746094
2.3382463455200195
2.335606575012207
2.333589792251587
2.3354482650756836
2.336954355239868
2.353868246078491
2.335108757019043
2.3516082763671875
2.342109441757202
2.376276731491089
2.355161666870117
2.371467351913452
2.386709213256836
2.3983609676361084
2.40193772315979
2.418781280517578
2.4171903133392334
2.4316344261169434
2.4464826583862305
2.446845531463623
2.3373289108276367
2.2255895137786865
2.1057519912719727
2.1047158241271973
2.549762725830078
2.553227424621582
2.555555582046509
2.5995535850524902
2.631528377532959
2.6417734622955322
2.667067766189575
2.684746265411377
2.7152533531188965
2.763962984085083
2.802417516708374
2.797985076904297
2.8608031272888184
2.8644814491271973
2.811884641647339
2.7340424060821533
2.6828091144561768
2.626859426498413
2.5499842166900635
0
0
0
0
0
0
0
0
0
0
0
0
0
0
0
0
0.6296189427375793
0.5804039239883423
0.5572871565818787
0.5513019561767578
0.5303102731704712
0.5240402817726135
0.5219963192939758
0.5207592844963074
0.5116483569145203
0.5104352831840515
0.4854125678539276
0.48048850893974304
0.5030359625816345
0.5032724738121033
0.4811430275440216
0.5072049498558044
0.47385236620903015
0.4859374761581421
0.4709993898868561
0.4838522970676422
0.4962814450263977
0.49547114968299866
0.47405967116355896
0.49159374833106995
0.4943259358406067
0.4988691806793213
0.49742746353149414
0.5037220120429993
0.5209590792655945
0.5059908628463745
0.5210208892822266
0.5104843974113464
0.5478992462158203
0.5342050790786743
0.5567635893821716
0.5825395584106445
0.5822714567184448
0.6262990832328796
0.9214645028114319
0.8975126147270203
0.8774008750915527
0.8851931095123291
0.8750748038291931
0.8634148836135864
0.8930442333221436
0.8795812129974365
0.8773704767227173
0.8615142703056335
0.8725324273109436
0.8785082697868347
0.9172765016555786
0.9100750088691711
0.9360668659210205
1.0089137554168701
0
1.7697278261184692
1.7427418231964111
1.6907269954681396
1.6716910600662231
1.6641680002212524
1.6486350297927856
1.6542842388153076
1.656720519065857
1.6457023620605469
1.6414449214935303
1.6735093593597412
1.6886613368988037
1.7119394540786743
1.738511562347412
1.8329617977142334
2.8556549549102783
2.7040517330169678
2.6275415420532227
2.5707478523254395
2.5334067344665527
2.525968551635742
2.485914468765259
2.477543830871582
2.466721534729004
2.460822343826294
2.4680681228637695
2.4757463932037354
2.4721028804779053
2.5059328079223633
2.4977962970733643
2.5159900188446045
2.5714783668518066
2.608386516571045
2.669802188873291
2.7862071990966797
0
0
0
0
0
2.818173885345459
2.727285861968994
2.6805832386016846
2.6593494415283203
2.6255736351013184
2.6296825408935547
2.6294360160827637
2.622805118560791
2.645172119140625
2.6695826053619385
2.72329044342041
2.7782039642333984
0
0
0
0
0
0
0
0
0
0
0
0
0
0
0
0
0
0
0
0
0
0
0
0
0
0
0
1.959521770477295
1.9361406564712524
1.9007556438446045
1.892078161239624
1.9011504650115967
1.8982948064804077
1.9270775318145752
1.939968466758728
1.9903558492660522
0
0
0
0
0
0
0
0
0
0
0
0
0
0
0
0
0
0
1.8687459230422974
0.7158092856407166
0.6653470993041992
0.6374633312225342
0.6337181329727173
0.6137466430664062
0.599770724773407
0.5927964448928833
0.6203150153160095
0.5838605761528015
0.5980269312858582
0.5991921424865723
0.5844871401786804
0.5779198408126831
0.5948795080184937
0.5950623750686646
0.599112868309021
0.6030330061912537
0.6191806197166443
0.6008837223052979
0.5946571230888367
0.633606493473053
0.6340547800064087
0.6468658447265625
0.6566506624221802
0.6783542633056641
2.374920606613159
1.3233295679092407
1.2992018461227417
1.2631257772445679
1.2598847150802612
1.264877438545227
1.237289309501648
1.2668992280960083
1.256860613822937
1.2542386054992676
1.2455252408981323
1.2639451026916504
1.2942687273025513
1.3115594387054443
2.5979716777801514
2.6317567825317383
0
0
0
0
0
0
0
0
0
