0
0
2.069812297821045
2.0088744163513184
1.9621217250823975
1.9448585510253906
1.9444873332977295
1.9151512384414673
1.9433488845825195
1.9813987016677856
1.9810701608657837
0
0
0
0
0
1.4116116762161255
1.3849148750305176
1.3874504566192627
0
0
0
0
0
0
0
0
0
0
0
0
0
0
0
0
0
0
0
0
0
0.8965386748313904
0.8633798956871033
0.8437058925628662
0.8243744969367981
0.8074375987052917
0.7958377003669739
0.8118840456008911
0.7983312606811523
0.7997090220451355
0.7897225618362427
0.8068457245826721
0.7839626669883728
0.7888638973236084
0.7952926754951477
0.813524067401886
0.8301761746406555
0.8427053093910217
0.8340556025505066
0.869543194770813
0.9081341028213501
0
0
2.2097561359405518
2.277285575866699
2.3677878379821777
2.4498543739318848
2.5381505489349365
2.5366857051849365
2.5219902992248535
2.486180305480957
2.491030216217041
2.462066411972046
2.4538941383361816
2.451308488845825
2.4456186294555664
2.4083075523376465
2.4011168479919434
2.385237216949463
2.398852825164795
2.3761909008026123
2.375250816345215
2.364478588104248
2.3766767978668213
2.35672664642334
2.35441517829895
2.3698441982269287
1.9407789707183838
2.2905499935150146
2.324932098388672
2.333223581314087
2.3459324836730957
2.3240976333618164
2.3240468502044678
2.3454973697662354
2.3394882678985596
2.3531334400177
2.349918842315674
2.3350582122802734
2.3570239543914795
2.3495960235595703
2.3908112049102783
2.379617214202881
2.381643533706665
2.4128611087799072
2.411738872528076
2.4391207695007324
2.42665958404541
2.4521303176879883
2.4632091522216797
2.3271939754486084
2.225773811340332
2.114595651626587
2.1040077209472656
2.536898136138916
2.550093650817871
2.5923097133636475
2.5953705310821533
2.6293280124664307
2.6305606365203857
2.6801869869232178
2.692028284072876
2.7233569622039795
2.7675552368164062
2.777053117752075
2.8203229904174805
2.836188793182373
2.852691650390625
2.8164093494415283
2.733837604522705
2.69958233833313
2.6256909370422363
2.5826938152313232
0
0
0
0
0
0
0
0
0
0
0
0
0
0
0
0
0.6080255508422852
0.571921706199646
0.5560842752456665
0.5428733825683594
0.5410691499710083
0.5267975330352783
0.5003029108047485
0.5163248181343079
0.5229539275169373
0.5090010762214661
0.4907930791378021
0.5131180882453918
0.4770517349243164
0.48882466554641724
0.48714298009872437
0.49188536405563354
0.49679964780807495
0.49695125222206116
0.49335572123527527
0.4827778935432434
0.4968845248222351
0.48110324144363403
0.49745264649391174
0.4744565486907959
0.4943442642688751
0.48808369040489197
0.5069994330406189
0.5122069716453552
0.5054577589035034
0.49916011095046997
0.5140489935874939
0.5140196681022644
0.5409916043281555
0.5404912829399109
0.5614172220230103
0.5582040548324585
0.5827294588088989
0.6354940533638
0.9095495939254761
0.8938143849372864
0.8853113651275635
0.8821675777435303
0.8535376787185669
0.8752522468566895
0.8896427750587463
0.8655784130096436
0.8751280903816223
0.8940344452857971
0.8769741654396057
0.8668729662895203
0.919586718082428
0.9041247367858887
0.9260179996490479
0.9965112805366516
0
1.7774031162261963
1.72696053981781
1.692205548286438
1.6741580963134766
1.6524409055709839
1.6419230699539185
1.6435426473617554
1.6575883626937866
1.6451338529586792
1.6446934938430786
1.6540405750274658
1.6904778480529785
1.7006831169128418
1.7465488910675049
1.8066990375518799
2.8710224628448486
2.6954729557037354
2.6215994358062744
2.578383207321167
2.529245376586914
2.518728256225586
2.4912805557250977
2.485246181488037
2.4601027965545654
2.447063684463501
2.436779499053955
2.4527368545532227
2.483376979827881
2.4832684993743896
2.508735418319702
2.5324954986572266
2.5666537284851074
2.596139430999756
2.6540932655334473
2.76983642578125
0
0
0
0
0
2.8110013008117676
2.7216269969940186
2.6809117794036865
2.6543517112731934
2.637734889984131
2.629160165786743
2.6392669677734375
2.627115488052368
2.643488645553589
2.67757248878479
2.7010512351989746
2.8023734092712402
0
0
0
0
0
0
0
0
0
0
0
0
0
0
0
0
0
0
0
0
0
0
0
0
0
0
0
1.9600790739059448
1.907269835472107
1.893259882926941
1.8967223167419434
1.8969204425811768
1.9034559726715088
1.9077343940734863
1.9468491077423096
2.0051915645599365
0
0
0
0
0
0
0
0
0
0
0
0
0
0
0
0
0
0
1.871748924255371
0.7072734236717224
0.6870267987251282
0.653862476348877
0.6385461091995239
0.6032698750495911
0.6060432195663452
0.6135303378105164
0.5980398654937744
0.6117682456970215
0.5957484245300293
0.5993480086326599
0.6032228469848633
0.581259548664093
0.5875437259674072
0.5909709334373474
0.5844650268554688
0.6086905002593994
0.5902122259140015
0.599475085735321
0.6051709055900574
0.6415481567382812
0.6311392784118652
0.64342200756073
0.6509214043617249
0.6949443221092224
2.3810582160949707
1.3265738487243652
1.3011455535888672
1.29508376121521
1.263312816619873
1.2621058225631714
1.2356595993041992
1.2427936792373657
1.2375056743621826
1.2567126750946045
1.256188988685608
1.294936180114746
1.2966126203536987
1.3299283981323242
2.5999622344970703
2.6258747577667236
0
0
0
0
0
0
0
0
0
