0
0
2.07243275642395
1.9809706211090088
1.9402952194213867
1.9446841478347778
1.9363669157028198
1.934421420097351
1.935209035873413
1.953236699104309
2.0108697414398193
0
0
0
0
0
1.4079508781433105
1.3747905492782593
1.3841302394866943
0
0
0
0
0
0
0
0
0
0
0
0
0
0
0
0
0
0
0
0
0
0.8748345375061035
0.8661967515945435
0.8365868926048279
0.8141091465950012
0.7980806231498718
0.8056711554527283
0.7970186471939087
0.802406907081604
0.8017138838768005
0.7740574479103088
0.7952616214752197
0.7773436903953552
0.7939603924751282
0.7961273193359375
0.8079363703727722
0.8085217475891113
0.8346589803695679
0.8415160775184631
0.8739296793937683
0.9113211035728455
0
0
2.2156410217285156
2.281353235244751
2.3459231853485107
2.4526638984680176
2.5504353046417236
2.552826166152954
2.5133230686187744
2.4823710918426514
2.4934914112091064
2.4636881351470947
2.4479029178619385
2.4307212829589844
2.4261176586151123
2.4084620475769043
2.41977858543396
2.3879592418670654
2.39443302154541
2.380305767059326
2.3811938762664795
2.3592629432678223
2.343532085418701
2.3310141563415527
2.349651575088501
2.351374864578247
1.9381698369979858
2.283665180206299
2.353389024734497
2.3276705741882324
2.3405239582061768
2.342583179473877
2.348942518234253
2.353517532348633
2.3473050594329834
2.3565382957458496
2.345369577407837
2.3609211444854736
2.350799560546875
2.3622987270355225
2.3721022605895996
2.3753833770751953
2.3737473487854004
2.4129068851470947
2.407723903656006
2.435295820236206
2.435678482055664
2.4599075317382812
2.4592747688293457
2.343306303024292
2.216456890106201
2.11797833442688
2.09647536277771
2.5219945907592773
2.5315616130828857
2.5755934715270996
2.6068673133850098
2.6286542415618896
2.6273272037506104
2.677039861679077
2.705944538116455
2.7227349281311035
2.7466087341308594
2.7913434505462646
2.8165409564971924
2.857206344604492
2.8401849269866943
2.815201997756958
2.7347543239593506
2.6957008838653564
2.6180355548858643
2.559483766555786
0
0
0
0
0
0
0
0
0
0
0
0
0
0
0
0
0.625438928604126
0.5940524935722351
0.5619478821754456
0.5476815700531006
0.5399841666221619
0.5271088480949402
0.5005296468734741
0.5323764681816101
0.5048621892929077
0.506465494632721
0.5051263570785522
0.4981362521648407
0.48827090859413147
0.48719364404678345
0.48917824029922485
0.47939789295196533
0.4766767621040344
0.483487606048584
0.45049887895584106
0.48592132329940796
0.467761754989624
0.4760865271091461
0.4959612786769867
0.49704480171203613
0.49048885703086853
0.4785466492176056
0.4822462797164917
0.506707489490509
0.5146816372871399
0.5062096118927002
0.5208629369735718
0.5268110632896423
0.5340908765792847
0.5436906218528748
0.5556180477142334
0.581499457359314
0.5895774960517883
0.6233291029930115
0.9082080125808716
0.9005453586578369
0.8751074075698853
0.8993351459503174
0.873413622379303
0.8750346302986145
0.8939968943595886
0.8534057140350342
0.866439163684845
0.876204252243042
0.8817887902259827
0.9052424430847168
0.8918865323066711
0.9011402130126953
0.9352532029151917
0.9800527095794678
0
1.7658168077468872
1.734562635421753
1.716774344444275
1.6819533109664917
1.6535797119140625
1.629597783088684
1.629150152206421
1.6301720142364502
1.6360383033752441
1.6313351392745972
1.6709059476852417
1.6922342777252197
1.7099120616912842
1.734484076499939
1.8397740125656128
2.849029779434204
2.7031567096710205
2.620046854019165
2.558166980743408
2.534480333328247
2.518496036529541
2.4971868991851807
2.469611167907715
2.480137825012207
2.4589905738830566
2.4626474380493164
2.4585516452789307
2.4774038791656494
2.4979915618896484
2.4969851970672607
2.5324418544769287
2.5792436599731445
2.6052284240722656
2.6551947593688965
2.777224063873291
0
0
0
0
0
2.8184993267059326
2.7249646186828613
2.6842496395111084
2.6298182010650635
2.6143317222595215
2.6206915378570557
2.6260948181152344
2.6136980056762695
2.6434848308563232
2.6700897216796875
2.7045018672943115
2.776063919067383
0
0
0
0
0
0
0
0
0
0
0
0
0
0
0
0
0
0
0
0
0
0
0
0
0
0
0
1.9674882888793945
1.9335837364196777
1.899400234222412
1.8941503763198853
1.9019941091537476
1.9064770936965942
1.935987114906311
1.922817349433899
2.0076634883880615
0
0
0
0
0
0
0
0
0
0
0
0
0
0
0
0
0
0
1.8788594007492065
0.6999925374984741
0.678680419921875
0.6610288619995117
0.6365206837654114
0.6165658831596375
0.6154371500015259
0.6047401428222656
0.5992434620857239
0.5924791693687439
0.611535906791687
0.60016268491745
0.5754210948944092
0.5912792682647705
0.5863657593727112
0.5947890877723694
0.59699946641922
0.5857417583465576
0.5941442251205444
0.598493754863739
0.6096101403236389
0.6311144232749939
0.6454753875732422
0.6403853893280029
0.6525033712387085
0.6789256930351257
2.385939121246338
1.345141887664795
1.3009586334228516
1.2921195030212402
1.2771711349487305
1.254391074180603
1.2422294616699219
1.2526828050613403
1.2326512336730957
1.2624472379684448
1.2429031133651733
1.279646635055542
1.2831096649169922
1.3271986246109009
2.611753463745117
2.637195348739624
0
0
0
0
0
0
0
0
0
