0
0
2.0534932613372803
1.9802504777908325
1.9548758268356323
1.957931637763977
1.9405169486999512
1.9522109031677246
1.9392940998077393
1.9621526002883911
1.991286039352417
0
0
0
0
0
1.4006662368774414
1.365106463432312
1.3653424978256226
0
0
0
0
0
0
0
0
0
0
0
0
0
0
0
0
0
0
0
0
0
0.8855655789375305
0.8622612953186035
0.8382596373558044
0.816157877445221
0.8214741349220276
0.8103712797164917
0.7965904474258423
0.8040316104888916
0.7868609428405762
0.7969428896903992
0.7881736755371094
0.7844043970108032
0.7823012471199036
0.8141958713531494
0.8083195686340332
0.8169930577278137
0.8370894193649292
0.8188030123710632
0.8729244470596313
0.9205918312072754
0
0
2.226787805557251
2.275791645050049
2.3618667125701904
2.4508256912231445
2.5508041381835938
2.5363481044769287
2.5063083171844482
2.4921908378601074
2.470130681991577
2.4741389751434326
2.4597654342651367
2.4493372440338135
2.4210386276245117
2.412006378173828
2.3953230381011963
2.404818296432495
2.3834493160247803
2.3920817375183105
2.3770251274108887
2.361036539077759
2.3520615100860596
2.361527681350708
2.3544058799743652
2.3417553901672363
1.9553439617156982
2.294856071472168
2.3317179679870605
2.3367273807525635
2.3438720703125
2.3239858150482178
2.3420417308807373
2.3423619270324707
2.344789505004883
2.342259168624878
2.342113494873047
2.369009017944336
2.363173484802246
2.3776049613952637
2.381927967071533
2.3991384506225586
2.3918795585632324
2.38864803314209
2.4192941188812256
2.405144691467285
2.43923020362854
2.420814037322998
2.4450697898864746
2.3433547019958496
2.224888324737549
2.1143548488616943
2.121779441833496
2.5184788703918457
2.5504539012908936
2.56183123588562
2.596104860305786
2.608325481414795
2.6384103298187256
2.6576948165893555
2.7113633155822754
2.7204389572143555
2.7674896717071533
2.7775638103485107
2.813934087753296
2.8328936100006104
2.870832681655884
2.79404878616333
2.7361176013946533
2.679548978805542
2.6375467777252197
2.5817456245422363
0
0
0
0
0
0
0
0
0
0
0
0
0
0
0
0
0.6092612147331238
0.5951530933380127
0.5658022165298462
0.5534330010414124
0.5361003279685974
0.5205350518226624
0.5377101302146912
0.5147272944450378
0.5103793740272522
0.506195604801178
0.5164833068847656
0.49555444717407227
0.4923786222934723
0.4969169497489929
0.48718276619911194
0.4933221936225891
0.4837885797023773
0.47650808095932007
0.4875026047229767
0.4678804278373718
0.4797036647796631
0.49588531255722046
0.49707236886024475
0.48703905940055847
0.49103790521621704
0.49915215373039246
0.49878740310668945
0.5064747929573059
0.5020657181739807
0.4911808371543884
0.5117365121841431
0.5206061601638794
0.5350484251976013
0.5573489665985107
0.5539290308952332
0.5627447962760925
0.5859677791595459
0.6467196941375732
0.9092737436294556
0.882567286491394
0.8889472484588623
0.8773263692855835
0.8765098452568054
0.8765625953674316
0.8960158228874207
0.8816130757331848
0.880988359451294
0.8809376358985901
0.8848726749420166
0.9039244651794434
0.8952698111534119
0.9238761067390442
0.9394456148147583
0.9877102375030518
0
1.7680362462997437
1.7168258428573608
1.7101178169250488
1.6864211559295654
1.6570212841033936
1.658486008644104
1.6442774534225464
1.6622129678726196
1.6469807624816895
1.6458046436309814
1.650688886642456
1.6805298328399658
1.7102822065353394
1.755318284034729
1.8364835977554321
2.8552772998809814
2.685913324356079
2.6261370182037354
2.564988613128662
2.5317251682281494
2.5129055976867676
2.4822001457214355
2.4695351123809814
2.475421905517578
2.462559938430786
2.4488062858581543
2.4733283519744873
2.476378917694092
2.45980167388916
2.503159284591675
2.5361742973327637
2.5758304595947266
2.6022281646728516
2.679880380630493
2.7837870121002197
0
0
0
0
0
2.821021556854248
2.7222275733947754
2.675092935562134
2.660844087600708
2.6402344703674316
2.6302361488342285
2.625718593597412
2.6267778873443604
2.6251912117004395
2.663332462310791
2.7081074714660645
2.7784268856048584
0
0
0
0
0
0
0
0
0
0
0
0
0
0
0
0
0
0
0
0
0
0
0
0
0
0
0
1.969377875328064
1.9349428415298462
1.912232518196106
1.9068623781204224
1.8913805484771729
1.8911876678466797
1.9155164957046509
1.9321928024291992
2.0196797847747803
0
0
0
0
0
0
0
0
0
0
0
0
0
0
0
0
0
0
1.8703794479370117
0.7062168717384338
0.6635302901268005
0.6531386971473694
0.6207738518714905
0.6066492199897766
0.6033896207809448
0.6151824593544006
0.6002060174942017
0.6009237766265869
0.6033957600593567
0.5823025107383728
0.5992562174797058
0.585996687412262
0.5701385140419006
0.5648040175437927
0.610852062702179
0.5955086946487427
0.6061298251152039
0.6004194617271423
0.6064622402191162
0.6366263628005981
0.6211599707603455
0.6394733190536499
0.6664472222328186
0.6742397546768188
2.400094985961914
1.3443933725357056
1.3016606569290161
1.2726253271102905
1.2769874334335327
1.258202314376831
1.2687476873397827
1.250406265258789
1.2294878959655762
1.236441969871521
1.256487488746643
1.281698226928711
1.2810733318328857
1.3262803554534912
2.592099189758301
2.635547161102295
0
0
0
0
0
0
0
0
0
