header: 
  stamp: 
    sec: 5829
    nanosec: 840000000
  frame_id: odom
child_frame_id: base_footprint
pose: 
  pose: 
    position: 
      x: 6.090542208059988e-05
      y: -3.7242016375339295e-06
      z: 0.008512877234010502
    orientation: 
      x: 0.00018623568457051546
      y: 0.0029836186633376326
      z: 8.942809880580523e-07
      w: 0.999995531657588
  covariance: [1.e-05 0.e+00 0.e+00 0.e+00 0.e+00 0.e+00 0.e+00 1.e-05 0.e+00 0.e+00
 0.e+00 0.e+00 0.e+00 0.e+00 1.e+12 0.e+00 0.e+00 0.e+00 0.e+00 0.e+00
 0.e+00 1.e+12 0.e+00 0.e+00 0.e+00 0.e+00 0.e+00 0.e+00 1.e+12 0.e+00
 0.e+00 0.e+00 0.e+00 0.e+00 0.e+00 1.e-03]
twist: 
  twist: 
    linear: 
      x: 8.148965507075351e-07
      y: 6.973789621049954e-06
      z: 0.0
  angular: 
      x: 0.0
      y: 0.0
      z: 2.858051171111929e-07
  covariance: [1.e-05 0.e+00 0.e+00 0.e+00 0.e+00 0.e+00 0.e+00 1.e-05 0.e+00 0.e+00
 0.e+00 0.e+00 0.e+00 0.e+00 1.e+12 0.e+00 0.e+00 0.e+00 0.e+00 0.e+00
 0.e+00 1.e+12 0.e+00 0.e+00 0.e+00 0.e+00 0.e+00 0.e+00 1.e+12 0.e+00
 0.e+00 0.e+00 0.e+00 0.e+00 0.e+00 1.e-03]
