header: 
  stamp: 
    sec: 5305
    nanosec: 255000000
  frame_id: odom
child_frame_id: base_footprint
pose: 
  pose: 
    position: 
      x: 0.001128332804013432
      y: 0.0007890506671640364
      z: 0.00852755761594281
    orientation: 
      x: 0.00023436657670222212
      y: 0.0029124864623253648
      z: 5.9899838069625454e-05
      w: 0.9999957294443431
  covariance: [1.e-05 0.e+00 0.e+00 0.e+00 0.e+00 0.e+00 0.e+00 1.e-05 0.e+00 0.e+00
 0.e+00 0.e+00 0.e+00 0.e+00 1.e+12 0.e+00 0.e+00 0.e+00 0.e+00 0.e+00
 0.e+00 1.e+12 0.e+00 0.e+00 0.e+00 0.e+00 0.e+00 0.e+00 1.e+12 0.e+00
 0.e+00 0.e+00 0.e+00 0.e+00 0.e+00 1.e-03]
twist: 
  twist: 
    linear: 
      x: -8.171391599057128e-06
      y: 8.553208602316359e-06
      z: 0.0
  angular: 
      x: 0.0
      y: 0.0
      z: -3.0755491604377314e-07
  covariance: [1.e-05 0.e+00 0.e+00 0.e+00 0.e+00 0.e+00 0.e+00 1.e-05 0.e+00 0.e+00
 0.e+00 0.e+00 0.e+00 0.e+00 1.e+12 0.e+00 0.e+00 0.e+00 0.e+00 0.e+00
 0.e+00 1.e+12 0.e+00 0.e+00 0.e+00 0.e+00 0.e+00 0.e+00 1.e+12 0.e+00
 0.e+00 0.e+00 0.e+00 0.e+00 0.e+00 1.e-03]
