1680879576537 0.0002901434163599893 0
1680879581029 0.0003944377579866634 1
1680879584723 0.000799915245555223 2
1680879588079 0.006571860131825066 3
1680879598057 0.0012825429437861961 4
1680879602540 0.01751881807964359 5
1680879607559 0.0083999193702638 6
1680879611446 0.03623493327546484 7
1680879614396 0.14279261851629463 8
1680879617949 0.1578655929495246 9
1680879620967 0.11131458023629126 10
1680879623845 0.14081549607737068 11
1680879626733 0.15971200481939696 12
1680879629935 0.12218440044222424 13
1680879633008 0.1909634638381239 14
1680879636015 0.21216205738545005 15
1680879639377 0.19135141079123374 16
1680879642622 0.285016548609337 17
1680879645486 0.21577713898661663 18
1680879649443 0.34759481356850364 19
1680879653356 0.33373578520535885 20
1680879656350 0.3337550285357295 21
1680879659225 0.3912854190783774 22
1680879662385 0.3853207700681462 23
1680879665410 0.501161715405602 24
1680879668230 0.4647131427057176 25
1680879671013 0.5012127839352718 26
1680879673906 0.4894785948695793 27
1680879677188 0.3413012576986665 28
1680879680347 0.5667274708573194 29
1680879683122 0.39940890944714497 30
1680879685940 0.5453461510519818 31
1680879688776 0.5633651946811582 32
1680879691481 0.5580849550743974 33
1680879694189 0.5691624882742076 34
1680879697515 0.6245866215523962 35
1680879700316 0.5864632073305927 36
1680879703097 0.5840093575220581 37
1680879706116 0.5925338579275727 38
1680879708871 0.5456753638383677 39
1680879711692 0.5630191735778199 40
1680879714576 0.5994251179391947 41
1680879717325 0.5752234865632038 42
1680879720135 0.6030552428283124 43
1680879723025 0.5687758451667259 44
1680879725731 0.6311445026288945 45
1680879728564 0.607652217705944 46
1680879731272 0.5394865683767612 47
1680879733959 0.5741849433324564 48
1680879736735 0.5874109675947427 49
1680879739490 0.6266882870084579 50
1680879742355 0.6525858202304794 51
1680879745123 0.6723265197631978 52
1680879748389 0.6490091194597282 53
1680879751475 0.6827633681942155 54
1680879754363 0.6730527360379167 55
1680879757300 0.671721494534407 56
1680879760073 0.6834463928332287 57
1680879763044 0.6924913621258306 58
1680879765800 0.694236136200678 59
1680879768576 0.712283172668708 60
1680879771313 0.6954878633148415 61
1680879774793 0.7003920644100362 62
1680879778074 0.6938998559244881 63
1680879781062 0.7040699002735646 64
1680879783937 0.6841447880150123 65
1680879786648 0.700025980845381 66
1680879789417 0.7128236323533598 67
1680879792211 0.7201469074057169 68
1680879795562 0.7131796664095612 69
1680879798645 0.728448700308422 70
1680879801427 0.7347253685091033 71
1680879804203 0.6975085674295493 72
1680879806936 0.702116608307402 73
1680879809631 0.7013344890052305 74
1680879812370 0.701609503202136 75
1680879815352 0.7184483631509937 76
1680879818173 0.7278487411204032 77
1680879820872 0.7415426069819683 78
1680879823672 0.7172067181389953 79
1680879826405 0.7202795172228825 80
1680879829189 0.7286435675939776 81
1680879831979 0.7272986238601774 82
1680879834777 0.7401902058157175 83
1680879837442 0.716545002397147 84
1680879840251 0.7500345684496373 85
1680879843053 0.7214089536122117 86
1680879845728 0.7443736253887598 87
1680879848396 0.7421202826175911 88
1680879851144 0.7519050843133591 89
1680879853950 0.7613884735596255 90
1680879856925 0.762155288462043 91
1680879860284 0.7507016504285859 92
1680879863109 0.7586439532830141 93
1680879865824 0.7525491412823083 94
1680879868567 0.7538291423001694 95
1680879871243 0.7531011374344206 96
1680879873939 0.7681334936637788 97
1680879876688 0.7709765537039021 98
1680879879454 0.7648905318382327 99
1680879882319 0.7647184669560186 100
1680879885016 0.7686916924990072 101
1680879887726 0.7646159679731359 102
1680879890414 0.7721342394019709 103
1680879893158 0.7646658567417712 104
1680879896217 0.7682568890108671 105
1680879898976 0.7633010660023104 106
1680879901718 0.7765442928686065 107
1680879904594 0.7790519593711132 108
1680879907596 0.7778089457516958 109
1680879910474 0.775742510467265 110
1680879913217 0.7828608394290186 111
1680879915990 0.781004476223019 112
1680879918786 0.7816824026098091 113
1680879921571 0.7866116662313836 114
1680879924781 0.78564865593398 115
1680879927506 0.7826921653519826 116
1680879930266 0.7902907115532086 117
1680879933041 0.7883639290909817 118
1680879936162 0.7880166698718897 119
1680879939064 0.7873815979802442 120
1680879941924 0.7926223234578055 121
1680879944794 0.7874399899292311 122
1680879947679 0.7891579429764904 123
1680879950629 0.7934345158172494 124
1680879953545 0.7925149566400638 125
1680879956315 0.7908209912102103 126
1680879959389 0.794090284404282 127
