1680879221133 0.0003309382651331836 0
1680879224955 0.0003821982155392798 1
1680879228313 0.00017752592335410205 2
1680879231512 0.0013548552436815598 3
1680879235075 0.0024376794994465864 4
1680879241904 0.005603350810977297 5
1680879247655 0.008035932288503559 6
1680879259543 0.015073640317576109 7
1680879262827 0.09940130029576881 8
1680879265654 0.13964127067588974 9
1680879268382 0.09933548273057093 10
1680879270932 0.17124328920653942 11
1680879273588 0.12426706667567122 12
1680879276105 0.16546971952170378 13
1680879278523 0.22168238893975759 14
1680879281024 0.2520516339653433 15
1680879283438 0.2856572345827122 16
1680879285832 0.3125905531300201 17
1680879288280 0.22446712243082503 18
1680879290655 0.36214474580787903 19
1680879293114 0.3397302455013628 20
1680879295464 0.3524911869142106 21
1680879297869 0.27026531552859767 22
1680879300213 0.35451376419818015 23
1680879302551 0.3427684853817546 24
1680879304914 0.30169393140920936 25
1680879307258 0.35684135553944873 26
1680879309649 0.43181671662469284 27
1680879312067 0.4871154744250197 28
1680879314517 0.4230508918333234 29
1680879316853 0.4749220313964598 30
1680879319207 0.40983539718977235 31
1680879321530 0.48310248402707495 32
1680879323903 0.45112592574994226 33
1680879326237 0.5598569325769696 34
1680879328606 0.4176903901126787 35
1680879330944 0.4604192366729243 36
1680879333349 0.5669163082819103 37
1680879335703 0.5531195374333111 38
1680879338033 0.5479537893741844 39
1680879340349 0.5507907162540926 40
1680879342652 0.4842743572324621 41
1680879344979 0.575311920942549 42
1680879347400 0.10995648007196611 43
1680879349777 0.6136874984744665 44
1680879352155 0.6208451440975981 45
1680879354516 0.605319864025745 46
1680879356861 0.6031919527008405 47
1680879359202 0.5814094875495734 48
1680879361512 0.6614998254301283 49
1680879363876 0.651467521842589 50
1680879366203 0.5821381983467914 51
1680879368528 0.6276738748160997 52
1680879370906 0.648478462107085 53
1680879373223 0.6401785434813433 54
1680879375604 0.6749442152831143 55
1680879377971 0.6613801672742459 56
1680879380279 0.6387370427143434 57
1680879382576 0.6978446444549459 58
1680879384945 0.6977130737917939 59
1680879387371 0.6652983301377439 60
1680879389672 0.7017798084726304 61
1680879392018 0.6797078669763926 62
1680879394349 0.6892981866696601 63
1680879396661 0.6376763108630478 64
1680879398966 0.6303340855523182 65
1680879401265 0.7232818655421354 66
1680879403638 0.6747631081180075 67
1680879406027 0.6978776363032578 68
1680879408339 0.7096599507067429 69
1680879410652 0.6921765261844227 70
1680879412966 0.6952741708753217 71
1680879415287 0.6845835930884941 72
1680879417595 0.6979855651104131 73
1680879419889 0.7133273565748152 74
1680879422219 0.6904871178058931 75
1680879424584 0.673714084729038 76
1680879426892 0.6864602242940218 77
1680879429194 0.7253883662997377 78
1680879431563 0.7324382184161445 79
1680879433899 0.7035683524290613 80
1680879436205 0.7230191925704185 81
1680879438507 0.7357661100778118 82
1680879440896 0.7422306535875767 83
1680879443334 0.7466322701575129 84
1680879445688 0.7441910405428948 85
1680879447988 0.7156699453923068 86
1680879450305 0.7210521404169296 87
1680879452614 0.7323692129966867 88
1680879454911 0.7311497639608303 89
1680879457204 0.7505809060324435 90
1680879459615 0.7538344765950552 91
1680879461967 0.7373675392222312 92
1680879464277 0.7411542221636638 93
1680879466580 0.7551839249146473 94
1680879468919 0.7503753532701017 95
1680879471225 0.7331916349954058 96
1680879473539 0.7500045140361316 97
1680879475850 0.757702201670206 98
1680879478286 0.753927692905037 99
1680879480585 0.7550123015230814 100
1680879482887 0.7572756096037843 101
1680879485192 0.7642572916250469 102
1680879487547 0.7627659999015113 103
1680879489878 0.757271649760971 104
1680879492218 0.7628295409819322 105
1680879494583 0.7711673975721425 106
1680879496925 0.7645399052032621 107
1680879499227 0.7746833330755615 108
1680879501568 0.7724207317905752 109
1680879503864 0.7738880740552565 110
1680879506169 0.7818898093912897 111
1680879508521 0.7778599123823774 112
1680879510882 0.7717909604902803 113
1680879513189 0.7766502481930263 114
1680879515522 0.7787871204896107 115
1680879517828 0.7819812798864977 116
1680879520199 0.7812184954368656 117
1680879522522 0.7852093489496813 118
1680879524868 0.7852560816435741 119
1680879527312 0.7866920962018739 120
1680879529653 0.7861555170781775 121
1680879531951 0.7871367433104092 122
1680879534324 0.7841547861049082 123
1680879536645 0.7869049182312954 124
1680879538949 0.7875671272010244 125
1680879541334 0.7898257108878971 126
1680879543763 0.7867383436399112 127
