1680879221133 0.001344093467670594 0
1680879224955 0.002275506137873614 1
1680879228313 0.0008798454416353692 2
1680879231512 0.007270130801843174 3
1680879235075 0.6936507936507935 4
1680879241904 0.7003125279717167 5
1680879247655 0.7066593251739123 6
1680879259543 0.05571027543180863 7
1680879262827 0.3037892260842859 8
1680879265654 0.24950177954100794 9
1680879268382 0.25021714881402696 10
1680879270932 0.3283646411014709 11
1680879273588 0.6548307236470641 12
1680879276105 0.2777942257177281 13
1680879278523 0.4564835020140281 14
1680879281024 0.4501688984420573 15
1680879283438 0.38697793976120254 16
1680879285832 0.5436748349737316 17
1680879288280 0.3581192421530381 18
1680879290655 0.5074119530037199 19
1680879293114 0.5306286544754 20
1680879295464 0.5080782309073909 21
1680879297869 0.46166524416821114 22
1680879300213 0.5223080051366695 23
1680879302551 0.48851295079862395 24
1680879304914 0.558414504245249 25
1680879307258 0.5338425340173552 26
1680879309649 0.6487718754552597 27
1680879312067 0.7072361747085022 28
1680879314517 0.665347472295135 29
1680879316853 0.7079701013295816 30
1680879319207 0.7120858927637038 31
1680879321530 0.7923216698837643 32
1680879323903 0.7950840950056127 33
1680879326237 0.8610818664901642 34
1680879328606 0.8286706689498679 35
1680879330944 0.8804206742632066 36
1680879333349 0.91095408965896 37
1680879335703 0.9123994466895756 38
1680879338033 0.9282093385733153 39
1680879340349 0.9258091582548031 40
1680879342652 0.8767710217669474 41
1680879344979 0.8419750045470099 42
1680879347400 0.3161607216993495 43
1680879349777 0.9159488736321736 44
1680879352155 0.9183549240349104 45
1680879354516 0.9178143969329322 46
1680879356861 0.9202300745545005 47
1680879359202 0.9275870074604192 48
1680879361512 0.925742546092085 49
1680879363876 0.936805050625257 50
1680879366203 0.9048264978554733 51
1680879368528 0.9376227333588457 52
1680879370906 0.9345163881613859 53
1680879373223 0.9203195156094172 54
1680879375604 0.9493679350071864 55
1680879377971 0.9407825353185467 56
1680879380279 0.9429384444955692 57
1680879382576 0.9329555644511252 58
1680879384945 0.9518190720291552 59
1680879387371 0.95108815123348 60
1680879389672 0.9430867269388594 61
1680879392018 0.9472727061254126 62
1680879394349 0.9541518620896813 63
1680879396661 0.940013021237672 64
1680879398966 0.9494118190318138 65
1680879401265 0.9603041918452635 66
1680879403638 0.9541107542616988 67
1680879406027 0.9440281304185936 68
1680879408339 0.9516101412110318 69
1680879410652 0.9491898510243332 70
1680879412966 0.9519526591345634 71
1680879415287 0.9548897116116318 72
1680879417595 0.9486447227664304 73
1680879419889 0.9574238636288207 74
1680879422219 0.9544131487698878 75
1680879424584 0.9175399170253814 76
1680879426892 0.9493917562621008 77
1680879429194 0.9580595165528484 78
1680879431563 0.9559938072064446 79
1680879433899 0.9568971021155388 80
1680879436205 0.956933012158106 81
1680879438507 0.9597178540918097 82
1680879440896 0.9583615366617045 83
1680879443334 0.958382670282886 84
1680879445688 0.9511328666894768 85
1680879447988 0.9449289081235249 86
1680879450305 0.9519217658611696 87
1680879452614 0.9526828768718264 88
1680879454911 0.9505489408662563 89
1680879457204 0.9553665819783522 90
1680879459615 0.9439635480369238 91
1680879461967 0.9475334703347942 92
1680879464277 0.9572652978455606 93
1680879466580 0.9531973377439446 94
1680879468919 0.9506965317644943 95
1680879471225 0.9499040309088281 96
1680879473539 0.9572775484344086 97
1680879475850 0.9566662524011011 98
1680879478286 0.9586999838585886 99
1680879480585 0.950482220751839 100
1680879482887 0.9567576088516265 101
1680879485192 0.956823224631662 102
1680879487547 0.9588104558985533 103
1680879489878 0.9574615755325778 104
1680879492218 0.9544187937657913 105
1680879494583 0.9509163026966925 106
1680879496925 0.9466874544696119 107
1680879499227 0.9558809026073846 108
1680879501568 0.9577341979785648 109
1680879503864 0.9543932827264339 110
1680879506169 0.9505603586594961 111
1680879508521 0.9531169220891812 112
1680879510882 0.9629974767218915 113
1680879513189 0.9649139039105822 114
1680879515522 0.9630373081025624 115
1680879517828 0.9604650744052105 116
1680879520199 0.9594840851232903 117
1680879522522 0.9579191343050981 118
1680879524868 0.9558000275490824 119
1680879527312 0.9587029919582183 120
1680879529653 0.958674544932722 121
1680879531951 0.9568808840589879 122
1680879534324 0.9549306350261455 123
1680879536645 0.9625629937204573 124
1680879538949 0.9588002970092148 125
1680879541334 0.9536089329669615 126
1680879543763 0.9587990008107486 127
