1680879221133 0.14476055322791367 0
1680879224955 0.15964757711867375 1
1680879228313 0.11607062787450197 2
1680879231512 0.0750551876379691 3
1680879235075 0.018763796909492276 4
1680879241904 0.1098233995584989 5
1680879247655 0.0797546995118739 6
1680879259543 0.40255979731910974 7
1680879262827 0.3041571905219862 8
1680879265654 0.5616887455397469 9
1680879268382 0.5169818485506473 10
1680879270932 0.6297182355989929 11
1680879273588 0.35133178226305023 12
1680879276105 0.6025660283186114 13
1680879278523 0.6998466004754457 14
1680879281024 0.7091563543265674 15
1680879283438 0.7098185041717264 16
1680879285832 0.7326451258685531 17
1680879288280 0.7132024614887049 18
1680879290655 0.7718433657512861 19
1680879293114 0.7733534853247931 20
1680879295464 0.8006335220709128 21
1680879297869 0.7564146853288652 22
1680879300213 0.786054640237008 23
1680879302551 0.7985590907953393 24
1680879304914 0.770381613737905 25
1680879307258 0.769376513293624 26
1680879309649 0.7935135409839962 27
1680879312067 0.7571325774892438 28
1680879314517 0.8056500108498087 29
1680879316853 0.7861728994612275 30
1680879319207 0.7733572838222229 31
1680879321530 0.8203712793821127 32
1680879323903 0.7595306733319727 33
1680879326237 0.7678106963150366 34
1680879328606 0.8166318481610491 35
1680879330944 0.8170930069273692 36
1680879333349 0.837270424853435 37
1680879335703 0.8053491129869613 38
1680879338033 0.8503325468728447 39
1680879340349 0.8655297664812696 40
1680879342652 0.8051010801174902 41
1680879344979 0.8612079321140991 42
1680879347400 0.2729933538125094 43
1680879349777 0.8864615043156183 44
1680879352155 0.8957404466177831 45
1680879354516 0.8821356760078439 46
1680879356861 0.9129353084790403 47
1680879359202 0.9159372800461559 48
1680879361512 0.9110336936458155 49
1680879363876 0.915909610373876 50
1680879366203 0.9086210350165941 51
1680879368528 0.9165932855454361 52
1680879370906 0.9250513543423602 53
1680879373223 0.917762847272332 54
1680879375604 0.9259207253563124 55
1680879377971 0.9198130835132475 56
1680879380279 0.908561566954765 57
1680879382576 0.9154385869747053 58
1680879384945 0.9257941343933839 59
1680879387371 0.9290892656527164 60
1680879389672 0.9288217429753306 61
1680879392018 0.9305334356746311 62
1680879394349 0.9193441462985068 63
1680879396661 0.9176751909989834 64
1680879398966 0.9344105416389938 65
1680879401265 0.9251539645003698 66
1680879403638 0.9172364218156419 67
1680879406027 0.9387101924243337 68
1680879408339 0.9196523299476111 69
1680879410652 0.930800141589109 70
1680879412966 0.9462187387481112 71
1680879415287 0.9444130270862469 72
1680879417595 0.9420406992444899 73
1680879419889 0.9393595417239244 74
1680879422219 0.9365515667806585 75
1680879424584 0.9131499209229594 76
1680879426892 0.941152948069289 77
1680879429194 0.9451923430922434 78
1680879431563 0.9446544456499611 79
1680879433899 0.9360532066435399 80
1680879436205 0.9486526635219904 81
1680879438507 0.9458241665512596 82
1680879440896 0.939498836127456 83
1680879443334 0.9428041395624708 84
1680879445688 0.9512100365270514 85
1680879447988 0.9547194451312425 86
1680879450305 0.9506081011891774 87
1680879452614 0.9528148932542067 88
1680879454911 0.9487699046892799 89
1680879457204 0.9490789076289382 90
1680879459615 0.9550824301194645 91
1680879461967 0.9543943506183551 92
1680879464277 0.9435670700992982 93
1680879466580 0.9452183283583193 94
1680879468919 0.9477246016891042 95
1680879471225 0.9489975147215818 96
1680879473539 0.9512051888193501 97
1680879475850 0.9488664501721532 98
1680879478286 0.9427467358418671 99
1680879480585 0.9539895258850765 100
1680879482887 0.9591162147145242 101
1680879485192 0.9555693005914949 102
1680879487547 0.9496782009853626 103
1680879489878 0.95037267704302 104
1680879492218 0.9549533761716377 105
1680879494583 0.9623668955518196 106
1680879496925 0.9650809682949021 107
1680879499227 0.9552965014161634 108
1680879501568 0.9559549664631559 109
1680879503864 0.9551807403164245 110
1680879506169 0.9561982485558372 111
1680879508521 0.9508884526900233 112
1680879510882 0.9498028037246004 113
1680879513189 0.9487977516108512 114
1680879515522 0.9434971835009458 115
1680879517828 0.9525422234582699 116
1680879520199 0.9545614888556542 117
1680879522522 0.9534534189856435 118
1680879524868 0.9530796153892128 119
1680879527312 0.9539240022104684 120
1680879529653 0.9548443629026687 121
1680879531951 0.955000573764571 122
1680879534324 0.9552025202406839 123
1680879536645 0.9471320004515174 124
1680879538949 0.9562833432373612 125
1680879541334 0.9589585373920192 126
1680879543763 0.9507998675954835 127
