header: 
  stamp: 
    sec: 788
    nanosec: 141000000
  frame_id: odom
child_frame_id: base_footprint
pose: 
  pose: 
    position: 
      x: 9.265383702832977e-05
      y: -5.363326572543768e-06
      z: 0.008527544573566763
    orientation: 
      x: 0.00023476984295956306
      y: 0.002912739627747721
      z: 7.867863659307173e-06
      w: 0.9999957303754246
  covariance: [1.e-05 0.e+00 0.e+00 0.e+00 0.e+00 0.e+00 0.e+00 1.e-05 0.e+00 0.e+00
 0.e+00 0.e+00 0.e+00 0.e+00 1.e+12 0.e+00 0.e+00 0.e+00 0.e+00 0.e+00
 0.e+00 1.e+12 0.e+00 0.e+00 0.e+00 0.e+00 0.e+00 0.e+00 1.e+12 0.e+00
 0.e+00 0.e+00 0.e+00 0.e+00 0.e+00 1.e-03]
twist: 
  twist: 
    linear: 
      x: -8.130988877629273e-06
      y: 8.581357668800467e-06
      z: 0.0
  angular: 
      x: 0.0
      y: 0.0
      z: -2.6222417909092914e-07
  covariance: [1.e-05 0.e+00 0.e+00 0.e+00 0.e+00 0.e+00 0.e+00 1.e-05 0.e+00 0.e+00
 0.e+00 0.e+00 0.e+00 0.e+00 1.e+12 0.e+00 0.e+00 0.e+00 0.e+00 0.e+00
 0.e+00 1.e+12 0.e+00 0.e+00 0.e+00 0.e+00 0.e+00 0.e+00 1.e+12 0.e+00
 0.e+00 0.e+00 0.e+00 0.e+00 0.e+00 1.e-03]
