header: 
  stamp: 
    sec: 791
    nanosec: 371000000
  frame_id: odom
child_frame_id: base_footprint
pose: 
  pose: 
    position: 
      x: 9.336942871339831e-05
      y: -5.37175411147921e-06
      z: 0.00852411728432437
    orientation: 
      x: 0.00023476796342216985
      y: 0.0029122876402006338
      z: 8.066055379601582e-06
      w: 0.9999957316907123
  covariance: [1.e-05 0.e+00 0.e+00 0.e+00 0.e+00 0.e+00 0.e+00 1.e-05 0.e+00 0.e+00
 0.e+00 0.e+00 0.e+00 0.e+00 1.e+12 0.e+00 0.e+00 0.e+00 0.e+00 0.e+00
 0.e+00 1.e+12 0.e+00 0.e+00 0.e+00 0.e+00 0.e+00 0.e+00 1.e+12 0.e+00
 0.e+00 0.e+00 0.e+00 0.e+00 0.e+00 1.e-03]
twist: 
  twist: 
    linear: 
      x: -9.449875241824172e-06
      y: 8.301870451422346e-06
      z: 0.0
  angular: 
      x: 0.0
      y: 0.0
      z: -2.5960926882319064e-07
  covariance: [1.e-05 0.e+00 0.e+00 0.e+00 0.e+00 0.e+00 0.e+00 1.e-05 0.e+00 0.e+00
 0.e+00 0.e+00 0.e+00 0.e+00 1.e+12 0.e+00 0.e+00 0.e+00 0.e+00 0.e+00
 0.e+00 1.e+12 0.e+00 0.e+00 0.e+00 0.e+00 0.e+00 0.e+00 1.e+12 0.e+00
 0.e+00 0.e+00 0.e+00 0.e+00 0.e+00 1.e-03]
