1678448474175 0.1506933569908142 0
1678448477315 0.0782456025481224 1
1678448480195 0.07008625566959381 2
1678448483215 0.061110030859708786 3
1678448486206 0.05344323068857193 4
1678448489124 0.049055587500333786 5
1678448492237 0.0485452301800251 6
1678448495135 0.04857473447918892 7
1678448498028 0.03818577900528908 8
1678448501151 0.034138042479753494 9
1678448504068 0.03938370943069458 10
1678448507105 0.034450776875019073 11
1678448510086 0.03102552890777588 12
1678448513052 0.03179408237338066 13
1678448515941 0.03070507012307644 14
1678448518859 0.025832338258624077 15
1678448521884 0.023873774334788322 16
1678448524884 0.022950829938054085 17
1678448527791 0.023999610915780067 18
1678448530754 0.021359210833907127 19
1678448533770 0.018574221059679985 20
1678448536636 0.015477020293474197 21
1678448539784 0.01951182819902897 22
1678448542815 0.0181163027882576 23
1678448545756 0.021845944225788116 24
1678448548743 0.01898316666483879 25
1678448551681 0.01788819208741188 26
1678448554691 0.016158804297447205 27
1678448557629 0.012768879532814026 28
1678448560580 0.016064124181866646 29
1678448563584 0.02007145993411541 30
1678448566560 0.013703901320695877 31
1678448569414 0.014817759394645691 32
1678448572300 0.01541772112250328 33
1678448575225 0.01569308340549469 34
1678448578064 0.013545334339141846 35
1678448580984 0.012577331624925137 36
1678448583955 0.015425655990839005 37
1678448586890 0.031417667865753174 38
1678448589918 0.08509323745965958 39
1678448592894 0.052578870207071304 40
1678448595804 0.041610151529312134 41
1678448598783 0.030835768207907677 42
1678448601795 0.02579340524971485 43
1678448604734 0.018195072188973427 44
1678448607661 0.01896868832409382 45
1678448610646 0.018285728991031647 46
1678448613619 0.015210960060358047 47
1678448616537 0.013681028038263321 48
1678448619524 0.020392313599586487 49
1678448622459 0.01600291207432747 50
1678448625404 0.015889836475253105 51
1678448628562 0.01419437862932682 52
1678448631666 0.015684686601161957 53
1678448634603 0.014218446798622608 54
1678448637553 0.0123132960870862 55
1678448640483 0.01193343847990036 56
1678448643418 0.009764215908944607 57
1678448646449 0.009011580608785152 58
1678448649529 0.00924140214920044 59
1678448652437 0.009568913839757442 60
1678448655470 0.007719553541392088 61
1678448658386 0.008333424106240273 62
1678448661419 0.02316601388156414 63
1678448664401 0.01251867413520813 64
1678448667415 0.009640120901167393 65
1678448670320 0.008560927584767342 66
1678448673385 0.0077515956945717335 67
1678448676327 0.00798472948372364 68
1678448679224 0.012648472562432289 69
1678448682238 0.0104427020996809 70
1678448685198 0.010146661661565304 71
1678448688122 0.008452320471405983 72
1678448691058 0.012715554796159267 73
1678448695522 0.012163021601736546 74
1678448699122 0.008381513878703117 75
1678448702546 0.007572449278086424 76
1678448706042 0.006843971088528633 77
1678448709360 0.00931137427687645 78
1678448712745 0.007142249494791031 79
1678448715994 0.008324428461492062 80
1678448719295 0.006245530676096678 81
1678448722349 0.006244250573217869 82
1678448725763 0.007402294781059027 83
1678448729730 0.009887581691145897 84
1678448733472 0.007202633656561375 85
1678448737442 0.006017504725605249 86
1678448740783 0.006076459307223558 87
1678448743832 0.007171456702053547 88
1678448747063 0.00591299356892705 89
1678448750299 0.00555568840354681 90
1678448753573 0.00518884276971221 91
1678448756645 0.006176338065415621 92
1678448759594 0.006335804238915443 93
1678448762609 0.0063375565223395824 94
1678448765590 0.005386619828641415 95
1678448768489 0.006229149643331766 96
1678448771462 0.006233153864741325 97
1678448774419 0.0065932199358940125 98
1678448777468 0.005956314038485289 99
1678448780376 0.007800700608640909 100
1678448783328 0.007153022568672895 101
1678448786294 0.006232742685824633 102
1678448789274 0.0054305437952280045 103
1678448792348 0.005104100331664085 104
1678448795510 0.004450101871043444 105
1678448798519 0.0043673268519341946 106
1678448801531 0.0039268238469958305 107
1678448804490 0.003884903620928526 108
1678448807416 0.004510300699621439 109
1678448810464 0.0071066864766180515 110
1678448813425 0.008115679025650024 111
1678448816328 0.004801522009074688 112
1678448819242 0.004331305623054504 113
1678448822221 0.00438853120431304 114
1678448825273 0.0044768997468054295 115
1678448828319 0.004358924459666014 116
1678448831264 0.004069391172379255 117
1678448834223 0.010412098839879036 118
1678448837326 0.008238458074629307 119
1678448840266 0.007059023249894381 120
1678448843353 0.008823450654745102 121
1678448846370 0.006050596013665199 122
1678448849586 0.005217380356043577 123
1678448852555 0.004191182553768158 124
1678448855533 0.0038581020198762417 125
1678448858513 0.00389850907959044 126
1678448861527 0.004206711892038584 127
