1678448474175 0.37054842710494995 0
1678448477315 0.791274905204773 1
1678448480195 0.8176282048225403 2
1678448483215 0.8392450213432312 3
1678448486206 0.865963339805603 4
1678448489124 0.8828614950180054 5
1678448492237 0.8813034296035767 6
1678448495135 0.8757567405700684 7
1678448498028 0.9128026962280273 8
1678448501151 0.9247774481773376 9
1678448504068 0.9160345196723938 10
1678448507105 0.9278668165206909 11
1678448510086 0.9333689212799072 12
1678448513052 0.9336983561515808 13
1678448515941 0.9367164969444275 14
1678448518859 0.947231113910675 15
1678448521884 0.9525641202926636 16
1678448524884 0.9517183303833008 17
1678448527791 0.951246440410614 18
1678448530754 0.9560808539390564 19
1678448533770 0.9633458256721497 20
1678448536636 0.9692040681838989 21
1678448539784 0.9611823558807373 22
1678448542815 0.9647436141967773 23
1678448545756 0.9555288553237915 24
1678448548743 0.9628027081489563 25
1678448551681 0.9653846025466919 26
1678448554691 0.9688924551010132 27
1678448557629 0.9747329354286194 28
1678448560580 0.9686698913574219 29
1678448563584 0.9599002599716187 30
1678448566560 0.9737179279327393 31
1678448569414 0.9710292220115662 32
1678448572300 0.9706196784973145 33
1678448575225 0.9686075448989868 34
1678448578064 0.9740117788314819 35
1678448580984 0.9758191108703613 36
1678448583955 0.9702813625335693 37
1678448586890 0.940366804599762 38
1678448589918 0.8584401607513428 39
1678448592894 0.9105324149131775 40
1678448595804 0.9215455651283264 41
1678448598783 0.9367966651916504 42
1678448601795 0.9486467242240906 43
1678448604734 0.9631232023239136 44
1678448607661 0.9610666036605835 45
1678448610646 0.9639689922332764 46
1678448613619 0.970886766910553 47
1678448616537 0.9738247990608215 48
1678448619524 0.9608974456787109 49
1678448622459 0.9684028029441833 50
1678448625404 0.9688657522201538 51
1678448628562 0.9729523062705994 52
1678448631666 0.9695156812667847 53
1678448634603 0.9722756147384644 54
1678448637553 0.9759793281555176 55
1678448640483 0.9766916036605835 56
1678448643418 0.9813033938407898 57
1678448646449 0.9829860925674438 58
1678448649529 0.9826744794845581 59
1678448652437 0.9822649359703064 60
1678448655470 0.9855057001113892 61
1678448658386 0.9844195246696472 62
1678448661419 0.9555555582046509 63
1678448664401 0.9764600992202759 64
1678448667415 0.9819266200065613 65
1678448670320 0.9834401607513428 66
1678448673385 0.9853365421295166 67
1678448676327 0.9849893450737 68
1678448679224 0.9761751890182495 69
1678448682238 0.9804130792617798 70
1678448685198 0.9803953170776367 71
1678448688122 0.9843037724494934 72
1678448691058 0.975908100605011 73
1678448695522 0.9764868021011353 74
1678448699122 0.9845619797706604 75
1678448702546 0.9856659770011902 76
1678448706042 0.9873130321502686 77
1678448709360 0.9827279448509216 78
1678448712745 0.9867254495620728 79
1678448715994 0.9845708608627319 80
1678448719295 0.988648533821106 81
1678448722349 0.9887375235557556 82
1678448725763 0.986511766910553 83
1678448729730 0.9814814925193787 84
1678448733472 0.9865384697914124 85
1678448737442 0.9887108206748962 86
1678448740783 0.9886307120323181 87
1678448743832 0.9868411421775818 88
1678448747063 0.9893874526023865 89
1678448750299 0.9896812438964844 90
1678448753573 0.9903756976127625 91
1678448756645 0.9884348511695862 92
1678448759594 0.9882389307022095 93
1678448762609 0.9881499409675598 94
1678448765590 0.9899928569793701 95
1678448768489 0.9877492785453796 96
1678448771462 0.9886307120323181 97
1678448774419 0.9878917336463928 98
1678448777468 0.9888888597488403 99
1678448780376 0.9852386116981506 100
1678448783328 0.986529529094696 101
1678448786294 0.9885238409042358 102
1678448789274 0.9899216294288635 103
1678448792348 0.9908208847045898 104
1678448795510 0.9918714165687561 105
1678448798519 0.9920049905776978 106
1678448801531 0.992841899394989 107
1678448804490 0.9929308891296387 108
1678448807416 0.9915063977241516 109
1678448810464 0.9872685074806213 110
1678448813425 0.9849269986152649 111
1678448816328 0.9909811019897461 112
1678448819242 0.991889238357544 113
1678448822221 0.9916043281555176 114
1678448825273 0.991595447063446 115
1678448828319 0.9921118021011353 116
1678448831264 0.9922364950180054 117
1678448834223 0.980617880821228 118
1678448837326 0.9850249290466309 119
1678448840266 0.9865206480026245 120
1678448843353 0.9836271405220032 121
1678448846370 0.9881855249404907 122
1678448849586 0.9907585382461548 123
1678448852555 0.9922720789909363 124
1678448855533 0.9927172660827637 125
1678448858513 0.9926192760467529 126
1678448861527 0.9921563267707825 127
