1680885833807 0.001344093467670594 0
1680885837656 0.0011269525478035736 1
1680885840932 0.0007965487981383282 2
1680885843575 0.6933684503402074 3
1680885846506 0.3868455841160045 4
1680885849788 0.06547474157591036 5
1680885857147 0.10053578049795282 6
1680885861678 0.12066295796332131 7
1680885865478 0.5653233380984454 8
1680885868282 0.12327047226031235 9
1680885870838 0.5990783045180579 10
1680885873382 0.29313644182328114 11
1680885875881 0.24582574726270856 12
1680885878417 0.2684659404576113 13
1680885880815 0.41827976426799035 14
1680885883284 0.42997596052927195 15
1680885885835 0.5131669392856525 16
1680885888266 0.5172816922486853 17
1680885890647 0.3844229475697874 18
1680885893013 0.5554252178224499 19
1680885895415 0.5422697175061844 20
1680885897864 0.5360296157280903 21
1680885900257 0.6681860055389238 22
1680885902725 0.7313450276921505 23
1680885905191 0.6666694193830566 24
1680885907542 0.7832246688860757 25
1680885909883 0.746298365272887 26
1680885912237 0.703492704124614 27
1680885914563 0.8205666172361349 28
1680885916913 0.8109071286821266 29
1680885919244 0.833877805675065 30
1680885921717 0.667871469515314 31
1680885924029 0.8803714129527341 32
1680885926350 0.8399868600856407 33
1680885928743 0.8644447130692626 34
1680885931107 0.8765056385509179 35
1680885933456 0.6664743415810132 36
1680885935794 0.7024750445570328 37
1680885938117 0.8719520093491405 38
1680885940598 0.8750864514235573 39
1680885942942 0.9166698998927799 40
1680885945335 0.9075475008913211 41
1680885947652 0.8341086371145526 42
1680885950008 0.9265618003393906 43
1680885952335 0.9205693523358072 44
1680885954714 0.9379577430500149 45
1680885957190 0.9064228627631463 46
1680885959529 0.9365657099748962 47
1680885961863 0.9221119703077423 48
1680885964192 0.926011914443769 49
1680885966521 0.9329086296327483 50
1680885968846 0.9205511258589555 51
1680885971168 0.9271132044717615 52
1680885973497 0.9186030223385168 53
1680885975907 0.9011671901010251 54
1680885978282 0.9393557945036547 55
1680885980611 0.9416099259859293 56
1680885982934 0.9395217324571434 57
1680885985338 0.9435412620990614 58
1680885987686 0.9529042895232825 59
1680885990002 0.9387726034013256 60
1680885992292 0.9354591206817512 61
1680885994676 0.9405623825773647 62
1680885997005 0.9364703033963377 63
1680885999327 0.9471248431843055 64
1680886001693 0.9405293724261403 65
1680886004011 0.9413862381690339 66
1680886006380 0.9407112790215146 67
1680886008724 0.9460332995173193 68
1680886011020 0.952589324515898 69
1680886013453 0.9550905256950196 70
1680886015800 0.955760833274288 71
1680886018101 0.9501319860188739 72
1680886020487 0.9382450350331423 73
1680886022799 0.9455775532622415 74
1680886025110 0.9457974093890207 75
1680886027423 0.9477084040569599 76
1680886029723 0.9517382381608416 77
1680886032083 0.948888611869911 78
1680886034414 0.9471003860165356 79
1680886036702 0.9573486490266777 80
1680886038994 0.9451249182140703 81
1680886041291 0.9550587642937863 82
1680886043622 0.9555103309481457 83
1680886045930 0.9574773761653387 84
1680886048275 0.9517864902741655 85
1680886050651 0.9494141865227661 86
1680886052980 0.9526357030792877 87
1680886055285 0.9548093177490489 88
1680886057624 0.9551082627839717 89
1680886059927 0.9494373290065999 90
1680886062314 0.9460700055097471 91
1680886064679 0.9509941711169602 92
1680886066982 0.9533514112190424 93
1680886069373 0.9505894224178411 94
1680886071701 0.9575819460070715 95
1680886074108 0.9592562140760198 96
1680886076406 0.9573879530114006 97
1680886078693 0.9476995722859739 98
1680886080994 0.9511373365751656 99
1680886083292 0.95437771363263 100
1680886085609 0.9587648943474983 101
1680886087996 0.9577870618708527 102
1680886090323 0.9494984508503418 103
1680886092684 0.956509084349261 104
1680886094972 0.9480662609069935 105
1680886097259 0.9519229865315916 106
1680886099558 0.9514777558875908 107
1680886101860 0.9520108772555352 108
1680886104207 0.9518910518548033 109
1680886106630 0.951109108418227 110
1680886108920 0.9446544030513166 111
1680886111236 0.942868908184443 112
1680886113554 0.9567201696271934 113
1680886115872 0.9555173252862517 114
1680886118186 0.9610232114548646 115
1680886120551 0.9547551364718925 116
1680886122898 0.9540044659079195 117
1680886125277 0.9553255796091911 118
1680886127625 0.950035674613151 119
1680886129925 0.9574693291904856 120
1680886132252 0.964024227486664 121
1680886134591 0.9541749180941578 122
1680886136890 0.9573605145264924 123
1680886139200 0.9616340899152137 124
1680886141567 0.9676418199682569 125
1680886143872 0.9628152085892517 126
1680886146199 0.9510556700352799 127
1680886148553 0.9504865612120347 128
1680886150845 0.952276260481014 129
1680886153153 0.9567441120281609 130
1680886155470 0.965187383021691 131
1680886157768 0.9624436705053149 132
1680886160079 0.9607578998370657 133
1680886162430 0.9590520258905788 134
1680886164748 0.9558351719143259 135
1680886167094 0.9597652905496011 136
1680886169396 0.9625105807125638 137
1680886171735 0.9553365494885514 138
1680886174059 0.9639118950045188 139
1680886176346 0.964075344448454 140
1680886178823 0.9533028663610165 141
1680886181119 0.9562667857672101 142
1680886183439 0.9578247307691391 143
1680886185730 0.9617250094138642 144
1680886188028 0.9641424547145259 145
1680886190338 0.9590412971914416 146
1680886192647 0.9597697599422564 147
1680886194944 0.9569699190611631 148
1680886197319 0.9648496210067656 149
1680886199626 0.9662169412809581 150
1680886201943 0.9583391834076894 151
1680886204281 0.9688631006629599 152
1680886206632 0.9614550685238364 153
1680886208936 0.963801761739291 154
1680886211243 0.9569566827736105 155
1680886213624 0.969698486791606 156
1680886215956 0.9605700434658809 157
1680886218241 0.9604114643301008 158
1680886220538 0.9617322550209498 159
1680886222851 0.9652870077303772 160
1680886225139 0.9707198288885787 161
1680886227439 0.971314848754583 162
1680886229792 0.9609483414603237 163
1680886232200 0.9649012774446635 164
1680886234516 0.9655151863643595 165
1680886236911 0.9618776322895574 166
1680886239216 0.9624168451202394 167
1680886241526 0.963679462171123 168
1680886243829 0.9655440604882277 169
1680886246136 0.9632375795046763 170
1680886248507 0.9675249551973776 171
1680886250806 0.9622805480284935 172
1680886253090 0.9671380555527379 173
1680886255395 0.9670435972065142 174
1680886257717 0.9693730096823784 175
1680886260011 0.9669083372668507 176
1680886262329 0.9623475965133842 177
1680886264648 0.9647273671596727 178
1680886267081 0.9667778396574991 179
1680886269424 0.9606155980652263 180
1680886271805 0.9743442544653776 181
1680886274119 0.9649801083284882 182
1680886276427 0.9632773173656899 183
1680886278724 0.9734211607807959 184
1680886281080 0.9647455276284633 185
1680886283456 0.964915402648079 186
1680886285753 0.9594901654748096 187
1680886288068 0.9602329511730496 188
1680886290364 0.9664301968015221 189
1680886292649 0.968373139115294 190
1680886294956 0.9689286277742085 191
1680886297247 0.9706405765441284 192
1680886299573 0.9664567627729236 193
1680886301928 0.9748724007216075 194
1680886304257 0.9680233902087823 195
1680886306566 0.9766032384730372 196
1680886308850 0.9723826810279846 197
1680886311143 0.9624260760692961 198
1680886313448 0.9638397857744653 199
1680886315760 0.9681590396055477 200
1680886318063 0.9597030933097863 201
1680886320417 0.9682982798977294 202
1680886322736 0.9702351487275777 203
1680886325034 0.9703285937239093 204
1680886327394 0.9736125467284528 205
1680886329777 0.9657061829675347 206
1680886332081 0.9775052105187446 207
1680886334384 0.972429545879227 208
1680886336689 0.9723406076488746 209
1680886339090 0.9703216999460502 210
1680886341437 0.9624019359058819 211
1680886343722 0.9710969679935779 212
1680886346014 0.9677135370728039 213
1680886348302 0.9739833384304438 214
1680886350594 0.9672943816612004 215
1680886352899 0.9701899486045126 216
1680886355184 0.9701995955941243 217
1680886357578 0.9717280807675505 218
1680886359869 0.9693548131141689 219
1680886362171 0.9735889389051607 220
1680886364463 0.9726243596040192 221
1680886366750 0.9713765860931015 222
1680886369078 0.9788812464097401 223
1680886371375 0.9756168483276709 224
1680886373662 0.9810063832751812 225
1680886376036 0.9764277532069606 226
1680886378341 0.9629221602936099 227
1680886380649 0.9684835561128603 228
1680886382931 0.9716393640270328 229
1680886385269 0.9750305070866352 230
1680886387576 0.978586639799763 231
1680886389858 0.9738797382758814 232
1680886392142 0.978164303349165 233
1680886394492 0.9762825466295276 234
1680886396818 0.9769084083000171 235
1680886399101 0.9781363008568635 236
1680886401382 0.9789438491824795 237
1680886403673 0.9779308255707151 238
1680886406039 0.9697048291521195 239
1680886408376 0.9735130408684004 240
1680886410740 0.9728265256108259 241
1680886413105 0.9708884242253557 242
1680886415424 0.9679654865466255 243
1680886417713 0.9744212081868099 244
1680886420022 0.9764653640817867 245
1680886422339 0.9742330916814712 246
1680886424631 0.9701214606970382 247
1680886426920 0.9710235270954305 248
1680886429283 0.9738263413409108 249
1680886431641 0.9722481295972347 250
1680886433942 0.9766478373509665 251
1680886436275 0.9709266515805496 252
1680886438569 0.9764817349229477 253
1680886440868 0.9764022075383396 254
1680886443189 0.9729355092942039 255
1680886445548 0.9753146441610719 256
1680886447851 0.9732821731580378 257
1680886450212 0.9673218116161136 258
1680886452549 0.9689696321303743 259
1680886454826 0.9692971332876317 260
1680886457141 0.9779836544369496 261
1680886459423 0.9752974467816588 262
1680886461716 0.9822788660783691 263
1680886464027 0.9747572129171309 264
1680886466391 0.9699749829611802 265
1680886468761 0.9755390471063977 266
1680886471068 0.9803385346354299 267
1680886473369 0.9763889594487122 268
1680886475713 0.97507091137023 269
1680886478026 0.9792469022397462 270
1680886480318 0.9753394594314084 271
1680886482606 0.9791777451490095 272
1680886484887 0.9808236555057596 273
1680886487246 0.9794586771732012 274
1680886489542 0.9821174215617144 275
1680886491835 0.9792091302409395 276
1680886494148 0.976997614724722 277
1680886496461 0.9753593744644634 278
1680886498759 0.9752818985028883 279
1680886501045 0.967035411599194 280
1680886503334 0.9724300817295508 281
1680886505693 0.9698883108350249 282
1680886508014 0.9758500435444967 283
1680886510340 0.9797209641844469 284
1680886512700 0.9782506366816932 285
1680886515033 0.979896661563115 286
1680886517444 0.9777632517887554 287
1680886519760 0.9786552473164148 288
1680886522127 0.9745626442359051 289
1680886524427 0.9769923466165215 290
1680886526746 0.9799442257700158 291
1680886529062 0.9748125906009477 292
1680886531415 0.9755995047017239 293
1680886533706 0.9796291134004725 294
1680886535997 0.980549156610127 295
1680886538289 0.9733833410891813 296
1680886540669 0.9789532811769073 297
1680886542970 0.9781323065480653 298
1680886545265 0.9814886256453869 299
1680886547568 0.9787029599247014 300
1680886549855 0.9798630064160397 301
1680886552144 0.9766184236468295 302
1680886554511 0.9764937250127329 303
1680886556880 0.9758334393103967 304
1680886559253 0.9748782964046123 305
1680886561550 0.9793118557280113 306
1680886563843 0.9791239933337869 307
1680886566136 0.9785657306170039 308
1680886568430 0.9778785122901295 309
1680886570721 0.9755182270120651 310
1680886573022 0.9792052030187568 311
1680886575305 0.9762282392838872 312
1680886577652 0.9823969558207057 313
1680886579963 0.9791696159510556 314
1680886582257 0.9735607373520355 315
1680886584545 0.9748615078113562 316
1680886586893 0.9792273304055694 317
1680886589194 0.9791303621140757 318
1680886591519 0.9739748988458737 319
1680886593811 0.9771915013296155 320
1680886596180 0.9763922504382991 321
1680886598468 0.9749035800600027 322
1680886600762 0.9805156952132931 323
1680886603066 0.9801494218164134 324
1680886605357 0.9759726031109405 325
1680886607645 0.9766537529767524 326
1680886609974 0.9824312151383338 327
1680886612270 0.9819683072925643 328
1680886614637 0.9815605790970365 329
1680886616928 0.9776347389063398 330
1680886619246 0.9743720105189911 331
1680886621528 0.9744513761938766 332
1680886623869 0.9728246281407458 333
1680886626147 0.9785314315544538 334
1680886628471 0.9786801368598832 335
1680886630770 0.978496992720375 336
1680886633144 0.9774166842381531 337
1680886635444 0.9772165843860812 338
1680886637749 0.9754863292557435 339
1680886640070 0.9804271217254757 340
1680886642396 0.9722939524615164 341
1680886644756 0.9754540247154098 342
1680886647056 0.9786152321485301 343
1680886649466 0.9782238562486758 344
1680886651742 0.9789381287619493 345
1680886654081 0.9836324349541022 346
1680886656365 0.974035261413745 347
1680886658659 0.9762249631956572 348
1680886660959 0.9792393564300114 349
1680886663251 0.9794373708361631 350
1680886665548 0.9751237192241572 351
1680886667917 0.9795509186684589 352
1680886670221 0.9777742757111518 353
1680886672519 0.9810782054988866 354
1680886674847 0.9812537520766909 355
1680886677127 0.978484621698947 356
1680886679456 0.9772661819479135 357
1680886681738 0.9801799734183604 358
1680886684038 0.9776435361509401 359
1680886686450 0.9788478682955853 360
1680886688754 0.9763252931874474 361
1680886691037 0.9787018106048778 362
1680886693346 0.9793254544034293 363
1680886695631 0.9738039830523323 364
1680886697922 0.977460515724807 365
1680886700270 0.9713875666541418 366
1680886702564 0.9744561652190958 367
1680886704922 0.977668384537176 368
1680886707202 0.9741689999510609 369
1680886709539 0.9728126891027554 370
1680886711842 0.9758525754043079 371
1680886714144 0.9809725048967755 372
1680886716446 0.97812343795729 373
1680886718748 0.980837074530748 374
1680886721155 0.978660562276023 375
1680886723524 0.9719295227129611 376
1680886725831 0.9771760191033957 377
1680886728271 0.9799356231343511 378
1680886730717 0.9768184389780276 379
1680886733017 0.9771163650266574 380
1680886735302 0.9753870193600944 381
1680886737598 0.9768853977636883 382
1680886739982 0.9812655049425252 383
1680886742285 0.9788439883562127 384
1680886744600 0.9733391385111961 385
1680886746891 0.9797333214667411 386
1680886749203 0.9772530645201813 387
1680886751498 0.9793726315587733 388
1680886753827 0.9780961177035983 389
1680886756104 0.974705517563459 390
1680886758469 0.9796879049686912 391
1680886760769 0.9768440431554589 392
1680886763052 0.9798874864442216 393
1680886765417 0.9749388476642934 394
1680886767717 0.9812508546748441 395
1680886770046 0.9751101320959634 396
1680886772331 0.980308420050405 397
1680886774619 0.9797789633718567 398
1680886776984 0.9797641743652196 399
1680886779286 0.9798397410236399 400
1680886781576 0.9769958396001134 401
1680886783874 0.9773893447525036 402
1680886786164 0.975398305440983 403
1680886788469 0.9745535319910389 404
1680886790808 0.974860488220064 405
1680886793093 0.9784767809688916 406
1680886795471 0.9728134163557897 407
1680886797758 0.9800126822114192 408
1680886800036 0.976191008922545 409
1680886802377 0.9792719671006381 410
1680886804699 0.9800803226681213 411
1680886806977 0.974561044124365 412
1680886809268 0.9784999399876004 413
1680886811565 0.9794731927749828 414
1680886813938 0.9797552420257594 415
1680886816236 0.9788872565007788 416
1680886818519 0.9777077276385827 417
1680886820852 0.9781080943022861 418
1680886823159 0.9784913407269554 419
1680886825455 0.983572309483333 420
1680886827769 0.9855253324899711 421
1680886830130 0.9806453242954927 422
1680886832439 0.980522450705099 423
1680886834726 0.9786977842892983 424
1680886837028 0.9797470754636954 425
1680886839334 0.9770523957490026 426
1680886841741 0.976948271112357 427
1680886844071 0.9805444143713568 428
1680886846368 0.9794338460637834 429
1680886848725 0.9799486764997698 430
1680886851028 0.986613933007145 431
1680886853377 0.984505266068061 432
1680886855716 0.9794770022438436 433
1680886858033 0.9783893839334076 434
1680886860336 0.9796076555237554 435
1680886862642 0.9804833190805717 436
1680886864945 0.9834869634334297 437
1680886867303 0.9785645218413158 438
1680886869649 0.9784421727370569 439
1680886871998 0.9827143938058795 440
1680886874283 0.9837446090109355 441
1680886876596 0.9775006037491711 442
1680886878892 0.9820495365513136 443
1680886881177 0.9862728683625045 444
1680886883466 0.9804026763401007 445
1680886885817 0.9812455059693875 446
1680886888123 0.9804476667593617 447
1680886890428 0.9817961132111065 448
1680886892728 0.9799020563759845 449
1680886895089 0.9782894530386216 450
1680886897408 0.9796111991022451 451
1680886899730 0.9812256320584765 452
1680886902019 0.9790965099914019 453
1680886904387 0.9816305086890136 454
1680886906679 0.9787782876435394 455
1680886909000 0.9821850622810384 456
1680886911302 0.9769060111560569 457
1680886913613 0.9773079734981723 458
1680886915915 0.9847443131632555 459
1680886918239 0.9848107638929178 460
1680886920568 0.982198730945029 461
1680886922963 0.9836737182501438 462
1680886925278 0.9809501022898056 463
1680886927571 0.9849646249209888 464
1680886929899 0.9813240467245166 465
1680886932240 0.9816741085614744 466
1680886934554 0.9819498219612584 467
1680886936842 0.9833194743867796 468
1680886939209 0.9801133123954773 469
1680886941495 0.9810167604418933 470
1680886943828 0.9846074561854091 471
1680886946115 0.9831318213505051 472
1680886948393 0.9792009780626798 473
1680886950708 0.9800206737115272 474
1680886953001 0.9794621030209244 475
1680886955283 0.9773538828766969 476
1680886957702 0.9803812335063409 477
1680886960036 0.9804810418051977 478
1680886962331 0.9797434819182961 479
1680886964623 0.9776958153808671 480
1680886966912 0.9817970681453226 481
1680886969224 0.9805293124369504 482
1680886971517 0.9801872600733432 483
1680886973825 0.9839973773062715 484
1680886976183 0.9750612442233685 485
1680886978472 0.9802781969668929 486
1680886980778 0.9846877369865431 487
1680886983071 0.98382768250691 488
1680886985354 0.9787989299592078 489
1680886987633 0.9829595095260908 490
1680886989924 0.9821454437842331 491
1680886992210 0.9802142247999507 492
1680886994573 0.976459305553087 493
1680886996850 0.9740571226476061 494
1680886999148 0.9759242804559638 495
1680887001433 0.9833748837406567 496
1680887003715 0.9745119874086717 497
1680887006032 0.9789136112886871 498
1680887008387 0.9810530074952565 499
1680887010672 0.9822074878737341 500
1680887013069 0.9810382322252318 501
1680887015361 0.9794429110437513 502
1680887017684 0.9802800243906226 503
1680887019997 0.9830625336189005 504
1680887022287 0.982059253006417 505
1680887024590 0.9820107516532811 506
1680887026938 0.9793422908668563 507
1680887029224 0.9774882744735166 508
1680887031638 0.9769872512284073 509
1680887034006 0.9785769090778577 510
1680887036300 0.9811495402385436 511
1680887038591 0.9821605732575359 512
1680887040897 0.9784561127144569 513
1680887043184 0.9787877493596017 514
1680887045532 0.9779218267817263 515
1680887047889 0.9798564794337068 516
1680887050175 0.9813523402883982 517
1680887052489 0.9796996113156468 518
1680887054778 0.9800195074864028 519
1680887057063 0.9826404283360152 520
1680887059341 0.9841953129104616 521
1680887061636 0.9813661239250017 522
1680887063937 0.9841201938670318 523
1680887066316 0.9845693313264802 524
1680887068669 0.983565929847055 525
1680887070974 0.9798915437866004 526
1680887073327 0.9796475254243195 527
1680887075612 0.9799969127959692 528
1680887077925 0.9801968171693746 529
1680887080202 0.9794730489626718 530
1680887082509 0.979746850377411 531
1680887084859 0.9793394034604316 532
1680887087145 0.9774202820588469 533
1680887089440 0.9813624107212933 534
1680887091733 0.9837598371961853 535
1680887094016 0.9797345937341183 536
1680887096426 0.981912599325314 537
1680887098729 0.9837879788092367 538
1680887101033 0.9822939488449424 539
1680887103390 0.9809014492709119 540
1680887105697 0.9829989675830495 541
1680887108006 0.9823113186393951 542
1680887110302 0.9835439726143363 543
1680887112608 0.9840410669500376 544
1680887114901 0.9851934232606817 545
1680887117212 0.986319256152414 546
1680887119525 0.9807544384742427 547
1680887121880 0.9805843096696045 548
1680887124177 0.9811380513441037 549
1680887126477 0.9804827628556358 550
1680887128785 0.9814629180431672 551
1680887131126 0.9827465322476705 552
1680887133407 0.9850294103764649 553
1680887135718 0.9862474650615783 554
1680887138038 0.9840806103020232 555
1680887140399 0.9852395940025364 556
1680887142682 0.9856695102534146 557
1680887145007 0.9788986751566121 558
1680887147307 0.9797342974771309 559
1680887149590 0.9816272935501549 560
1680887151917 0.983032491948864 561
1680887154202 0.9807935368492969 562
1680887156526 0.9824089496361891 563
1680887158941 0.9843261177249789 564
1680887161215 0.9846669052382534 565
1680887163508 0.9822821450893414 566
1680887165877 0.9820601298186632 567
1680887168160 0.9813194113602245 568
1680887170448 0.9817562021061889 569
1680887172747 0.9833534054779854 570
1680887175060 0.9825742085518168 571
1680887177427 0.9816853815344505 572
1680887179723 0.9824216462481276 573
1680887182061 0.9836551410022275 574
1680887184406 0.9823450460152302 575
1680887186688 0.9840071097533589 576
1680887188978 0.984542338324713 577
1680887191273 0.9861337566841386 578
1680887193633 0.9839314277254605 579
1680887195937 0.983786225161976 580
1680887198235 0.9821215930536177 581
1680887200524 0.9837193844815731 582
1680887202812 0.9822238981761835 583
1680887205111 0.9818871083993833 584
1680887207402 0.9802245657042318 585
1680887209710 0.9835377038870998 586
1680887212083 0.9846941190122095 587
1680887214365 0.9842805221488007 588
1680887216720 0.9842128559887273 589
1680887219027 0.9852383873371352 590
1680887221323 0.984426963590684 591
1680887223614 0.9836798763219393 592
1680887225937 0.9810003425236756 593
1680887228236 0.9835030699419561 594
1680887230625 0.9809581959789976 595
1680887232916 0.9825220089517961 596
1680887235227 0.9804744229507018 597
1680887237539 0.9818732659181789 598
1680887239845 0.9831696619294545 599
1680887242136 0.9833963223726947 600
1680887244425 0.9841314805520543 601
1680887246711 0.9853533683809624 602
1680887249086 0.9835177271969441 603
1680887251371 0.9826103802931128 604
1680887253700 0.9819737714634176 605
1680887256000 0.9814009221346233 606
1680887258342 0.9831655880244572 607
1680887260630 0.9835182017129851 608
1680887262940 0.9810572361194737 609
1680887265234 0.9800688021184052 610
1680887267587 0.9822357537264551 611
1680887269875 0.9826702101141774 612
1680887272204 0.981220490539405 613
1680887274483 0.9815058803464097 614
1680887276777 0.9826785505825262 615
1680887279081 0.9821082637728645 616
1680887281405 0.9824567479293037 617
1680887283714 0.983966857872555 618
1680887286122 0.9812160268394933 619
1680887288419 0.9815701924797154 620
1680887290707 0.9814078537153872 621
1680887293037 0.9816911821966029 622
1680887295345 0.9844705628117839 623
1680887297707 0.9810405422140169 624
1680887299988 0.9846433295209134 625
1680887302353 0.9811154990665959 626
1680887304659 0.9836280776437222 627
1680887306942 0.9817705389699668 628
1680887309298 0.9842960307321116 629
1680887311577 0.9813143851316535 630
1680887313889 0.9797801609700786 631
1680887316179 0.9795040951801646 632
1680887318478 0.980121200934622 633
1680887320881 0.9813755065064423 634
1680887323227 0.9840122532905368 635
1680887325520 0.9829827402977412 636
1680887327862 0.9802602728241218 637
1680887330138 0.9819518970357559 638
1680887332433 0.9827679132695852 639
1680887334714 0.9849469144927778 640
1680887337075 0.9854547252810311 641
1680887339369 0.9836906027947446 642
1680887341663 0.9816697189209765 643
1680887343944 0.9840434496453302 644
1680887346239 0.9818610434571803 645
1680887348532 0.9811052206715712 646
1680887350832 0.9843856684411931 647
1680887353133 0.9833368129504074 648
1680887355518 0.9829840165018763 649
1680887357811 0.9833818182955815 650
1680887360111 0.9828630332727285 651
1680887362396 0.9812442544257093 652
1680887364707 0.9838494654133875 653
1680887366987 0.9802882400534111 654
1680887369287 0.9824660375586088 655
1680887371570 0.9807751607518175 656
1680887373931 0.9793164199861849 657
1680887376216 0.9808657439120614 658
1680887378518 0.9811041274052309 659
1680887380820 0.9826400622014478 660
1680887383114 0.9829604462514357 661
1680887385412 0.9811821162014045 662
1680887387707 0.9883488220931863 663
1680887390013 0.9864453326905099 664
1680887392355 0.9838992168574449 665
1680887394643 0.9832271875567672 666
1680887396953 0.9837007227070794 667
1680887399259 0.9843582095901361 668
1680887401603 0.9839003832048543 669
1680887403929 0.9845640422525738 670
1680887406231 0.985737283084075 671
1680887408578 0.9853416825879148 672
1680887410928 0.9865799339352975 673
1680887413232 0.986147838593684 674
1680887415532 0.984948538789124 675
1680887417845 0.9833799975002361 676
1680887420144 0.9846251636834652 677
1680887422467 0.9849372039193808 678
1680887424824 0.9835246341055851 679
1680887427194 0.9856015644084315 680
1680887429525 0.9842083731558571 681
1680887431825 0.9845663255117042 682
1680887434125 0.9863270059275796 683
1680887436408 0.9858359625850688 684
1680887438688 0.9865877510613251 685
1680887440990 0.9867244393785467 686
1680887443305 0.9849391264095897 687
1680887445680 0.983006846694174 688
1680887447961 0.9842469683914125 689
1680887450242 0.9852248586851015 690
1680887452536 0.9849045856578172 691
1680887454827 0.9876626539817838 692
1680887457134 0.9870223287994211 693
1680887459416 0.9855156957844923 694
1680887461705 0.9828014799262442 695
1680887464055 0.9840562005821204 696
1680887466340 0.9832396108745156 697
1680887468636 0.9832296507603644 698
1680887470946 0.9800941520603458 699
1680887473229 0.9832368541870898 700
1680887475508 0.982491955824715 701
1680887477838 0.9831449623661114 702
1680887480138 0.9844476914556419 703
1680887482494 0.9856603641011027 704
1680887484781 0.9879558060636594 705
1680887487112 0.9856530459393965 706
1680887489458 0.9864508385896117 707
1680887491841 0.9864227175624268 708
1680887494123 0.9840378151229867 709
1680887496402 0.9832590967561013 710
1680887498781 0.9833393249785022 711
1680887501127 0.983325004198127 712
1680887503405 0.9829729139239661 713
1680887505697 0.9822342400205527 714
1680887508055 0.9813463288022213 715
1680887510354 0.9836547191085855 716
1680887512666 0.9855360871801545 717
1680887515039 0.9840631810396014 718
1680887517404 0.9825790307780862 719
1680887519728 0.9806469725691689 720
1680887522013 0.981639830748203 721
1680887524370 0.9825814149921301 722
1680887526670 0.9823189647608931 723
1680887528956 0.9825122730365204 724
1680887531272 0.9846144125085994 725
1680887533553 0.9853151900383711 726
1680887535907 0.9862193311003589 727
1680887538184 0.9836396058434532 728
1680887540522 0.9850823731458965 729
1680887542886 0.9865188114563263 730
1680887545182 0.9843957968640235 731
1680887547481 0.9848476200063101 732
1680887549766 0.9852316779295296 733
1680887552125 0.9839129305906952 734
1680887554409 0.9834347551805479 735
1680887556697 0.984310292511501 736
1680887559064 0.9844274272730651 737
1680887561351 0.9841351149846268 738
1680887563698 0.9842766888463722 739
1680887565976 0.9838956339660263 740
1680887568264 0.9843582500026851 741
1680887570660 0.9864154038301982 742
1680887572978 0.9861916502830321 743
1680887575265 0.9854306442845026 744
1680887577611 0.9836604754062437 745
1680887579891 0.9843329626016845 746
1680887582176 0.9856830030449631 747
1680887584458 0.9865155652823242 748
1680887586758 0.9847974216511841 749
1680887589097 0.9856350107923483 750
1680887591423 0.9850939480072686 751
1680887593759 0.9842379617938927 752
1680887596133 0.9847880100475729 753
1680887598432 0.9846962943404108 754
1680887600749 0.9857174900742418 755
1680887603029 0.9846179414652046 756
1680887605384 0.985268710516042 757
1680887607674 0.9850076213070146 758
1680887609974 0.9855729103731862 759
1680887612267 0.9863775949408043 760
1680887614546 0.9861347447984573 761
1680887616836 0.9863541846526163 762
1680887619146 0.9882092126283345 763
1680887621439 0.9857109473773412 764
1680887623824 0.9838303722954146 765
1680887626114 0.984026440982996 766
1680887628404 0.9837137318107905 767
1680887630695 0.9846922249531224 768
1680887632994 0.9864075411746219 769
1680887635320 0.9856656862798564 770
1680887637617 0.9870026613605277 771
1680887639979 0.9895719384992079 772
1680887642254 0.9867347216849303 773
1680887644541 0.9873153177043049 774
1680887646847 0.9863682500013645 775
1680887649171 0.9861610803765712 776
1680887651466 0.9863134476576002 777
1680887653800 0.9854253651022288 778
1680887656091 0.9855712046376288 779
1680887658441 0.9849958171967543 780
1680887660745 0.9853070005197907 781
1680887663037 0.9834158932792567 782
1680887665342 0.9848085542039788 783
1680887667631 0.9843704404962704 784
1680887669930 0.9829413065879598 785
1680887672223 0.9824482329223104 786
1680887674512 0.9827474066719724 787
1680887676866 0.9829838902341482 788
1680887679148 0.9814672918895888 789
1680887681450 0.9803951424518549 790
1680887683737 0.9840608946716093 791
1680887686029 0.9877483644748678 792
1680887688327 0.9856501329890017 793
1680887690612 0.9844013226277445 794
1680887692946 0.9833405827228178 795
1680887695235 0.9837739137552776 796
1680887697602 0.9841171129447556 797
1680887699883 0.9845589133239642 798
1680887702223 0.9857166181389682 799
1680887704517 0.9831973453205723 800
1680887706816 0.9845972871067395 801
1680887709154 0.9826449398620741 802
1680887711482 0.9827332350076174 803
1680887713764 0.9836107441039013 804
1680887716171 0.9837523538542957 805
1680887718467 0.9850411420030021 806
1680887720760 0.9829373738976052 807
1680887723056 0.9834432568693928 808
1680887725337 0.9839528821087041 809
1680887727651 0.983871428016348 810
1680887729936 0.9853266717583065 811
1680887732231 0.985794309437351 812
1680887734600 0.9841399449896454 813
1680887736890 0.9868581461903778 814
1680887739193 0.9871218759545345 815
1680887741486 0.9864046396388536 816
1680887743778 0.9856719648090101 817
1680887746111 0.9861261352890782 818
1680887748392 0.9870033040272865 819
1680887750667 0.9847744294821261 820
1680887753028 0.9832075070832241 821
1680887755368 0.9847857191178669 822
1680887757660 0.9856286454589505 823
1680887759953 0.9856780210648157 824
1680887762238 0.9864254725976638 825
1680887764543 0.9863248448075259 826
1680887766830 0.9866507751523814 827
1680887769177 0.9869024118489186 828
1680887771456 0.9872355978221212 829
1680887773764 0.9855436019741814 830
1680887776077 0.9854051034378962 831
1680887778355 0.9857440227854775 832
1680887780634 0.9866285610690163 833
1680887782906 0.9855934947498217 834
1680887785192 0.984880796241771 835
1680887787502 0.9856993806205298 836
1680887789868 0.9870888628871636 837
1680887792204 0.9863032327904193 838
1680887794496 0.9857675851222923 839
1680887796784 0.9859461698137286 840
1680887799063 0.9846475208876339 841
1680887801404 0.9842229468885985 842
1680887803690 0.9856537643706007 843
1680887806003 0.9872598397074829 844
1680887808365 0.9860496578418468 845
1680887810652 0.9843791336574701 846
1680887812957 0.9869946585700519 847
1680887815326 0.9882559667700757 848
1680887817613 0.9881290730569191 849
1680887819939 0.985483670816865 850
1680887822228 0.9868959343161164 851
1680887824618 0.9872250762644095 852
1680887826975 0.9879774691702855 853
1680887829249 0.9853068823477348 854
1680887831533 0.9876586626146855 855
1680887833813 0.9876297170072578 856
1680887836127 0.9893645792832554 857
1680887838418 0.987657152321669 858
1680887840702 0.987525413976404 859
1680887843060 0.9863125023009117 860
1680887845377 0.9856198763432532 861
1680887847657 0.9874447850017627 862
1680887849941 0.9855920578055667 863
1680887852242 0.9865805682620182 864
1680887854530 0.9855830452995296 865
1680887856807 0.9844494906415426 866
1680887859102 0.9857952731276693 867
1680887861480 0.9875899821450494 868
1680887863772 0.9895240725013451 869
1680887866058 0.9883501052659153 870
1680887868339 0.9876057104066934 871
1680887870634 0.9882196039453349 872
1680887873009 0.988426703991156 873
1680887875298 0.9864032438283292 874
1680887877583 0.986622506151975 875
1680887879934 0.9869874550952145 876
1680887882221 0.9869278813170027 877
1680887884525 0.9872498929086299 878
1680887886844 0.9874293163866624 879
1680887889157 0.9869800256424481 880
1680887891447 0.9873828728799058 881
1680887893810 0.9878708410769989 882
1680887896101 0.9881536154271827 883
1680887898467 0.9888240039262354 884
1680887900758 0.9875484058760252 885
1680887903053 0.9859111575581788 886
1680887905377 0.9866139448425816 887
1680887907668 0.9855277662476665 888
1680887909958 0.9859930633572827 889
1680887912247 0.9873280765931199 890
1680887914584 0.9876850712618116 891
1680887916940 0.9890351827946304 892
1680887919220 0.9884081358036868 893
1680887921560 0.9884917080423749 894
1680887923917 0.9886352003224554 895
1680887926218 0.9885549949015512 896
1680887928537 0.990184118126186 897
1680887931087 0.9898266597504702 898
1680887933389 0.989787621119996 899
1680887935753 0.9903299189555149 900
1680887938064 0.989226568835719 901
1680887940437 0.9889609391361751 902
1680887942758 0.9900439801830774 903
1680887945113 0.9894037460106712 904
1680887947393 0.988312177936018 905
1680887949682 0.9880628347061963 906
1680887952092 0.9891368905973009 907
1680887954488 0.9897750950749081 908
1680887956767 0.9898271267111983 909
1680887959040 0.98963706009524 910
1680887961348 0.988727053945203 911
1680887963680 0.9890213442474863 912
1680887965951 0.9890408984773916 913
1680887968308 0.9897407373718687 914
1680887970625 0.9896840157424264 915
1680887972970 0.9906612324307758 916
1680887975281 0.9903336346101397 917
1680887977559 0.9894232262382187 918
1680887979893 0.9898325334012102 919
1680887982179 0.9884646952263161 920
1680887984475 0.9877362849940917 921
1680887986833 0.9890001012360132 922
1680887989129 0.9889100808072272 923
1680887991408 0.9891965211724713 924
1680887993700 0.9884060969174725 925
1680887996000 0.988673751701072 926
1680887998327 0.9889292415518146 927
1680888000617 0.9884166663518729 928
1680888002895 0.9881015289226666 929
1680888005270 0.9892716564179409 930
1680888007575 0.9891171326344838 931
1680888009888 0.9891609574639855 932
1680888012218 0.9883209066577135 933
1680888014497 0.988068797489572 934
1680888016804 0.987024265597296 935
1680888019101 0.9871713971872552 936
1680888021438 0.987184637973778 937
1680888023840 0.9877074638391972 938
1680888026130 0.988703806988406 939
1680888028430 0.9886245762975786 940
1680888030707 0.9880428454889255 941
1680888033035 0.9878414985847791 942
1680888035324 0.9876720709325936 943
1680888037713 0.987754471461165 944
1680888040113 0.9879436193149584 945
1680888042430 0.9879878337555922 946
1680888044728 0.9880009958574275 947
1680888047032 0.9886451999284093 948
1680888049319 0.9886378575342594 949
1680888051608 0.9899930544363583 950
1680888053889 0.9893310765394757 951
1680888056175 0.9885010952610611 952
1680888058547 0.988058332081835 953
1680888060823 0.9877493484372256 954
1680888063121 0.9888501070631194 955
1680888065400 0.9897009437842191 956
1680888067687 0.990036217397987 957
1680888069972 0.989623093152486 958
1680888072283 0.9900837928380944 959
1680888074561 0.9888732208390781 960
1680888076982 0.9886832501443852 961
1680888079324 0.988579875544585 962
1680888081634 0.9884507161542384 963
1680888083913 0.9885002840873257 964
1680888086219 0.988659767629989 965
1680888088519 0.9889443801384624 966
1680888090842 0.9894155168215284 967
1680888093164 0.989468216118721 968
1680888095526 0.9894496628037123 969
1680888097823 0.9895954642684068 970
1680888100134 0.989050388955585 971
1680888102416 0.9889714538765269 972
1680888104700 0.988802765772535 973
1680888107006 0.9885174915771254 974
1680888109310 0.9872499684832955 975
1680888111585 0.9883756506249476 976
1680888113981 0.9890980760330578 977
1680888116256 0.9887814942175422 978
1680888118542 0.9890672867263114 979
1680888120837 0.990107063636743 980
1680888123120 0.9892729987418711 981
1680888125398 0.9892461716653429 982
1680888127708 0.988594542747376 983
1680888130015 0.9890016874380843 984
1680888132380 0.9894014258991065 985
1680888134651 0.9897976298624215 986
1680888136948 0.9905567342054628 987
1680888139223 0.9899973295154397 988
1680888141525 0.9903632638049985 989
1680888143810 0.9900994637802175 990
1680888146108 0.9896048662264719 991
1680888148483 0.9895801470160231 992
1680888150860 0.989629973673583 993
1680888153190 0.9896066486581075 994
1680888155480 0.9888249620816777 995
1680888157756 0.9878759274593624 996
1680888160043 0.9877309507255182 997
1680888162323 0.9876627088255442 998
1680888164625 0.98861450059824 999
1680888166992 0.9885972224748562 1000
1680888169271 0.9890127125022676 1001
1680888171576 0.9876629739405329 1002
1680888173869 0.9874724176383823 1003
1680888176163 0.9876554334386517 1004
1680888178437 0.9884333407777358 1005
1680888180744 0.988019921585627 1006
1680888183061 0.9881829897029917 1007
1680888185412 0.9888057034523964 1008
1680888187692 0.988792843222582 1009
1680888189968 0.9892903890777339 1010
1680888192323 0.9887393536065937 1011
1680888194604 0.9890186643129044 1012
1680888196886 0.9893112470073898 1013
1680888199185 0.9894975787560063 1014
1680888201479 0.9896246714659679 1015
1680888203827 0.9895790127502345 1016
1680888206136 0.9900958426161605 1017
1680888208423 0.9893414257831687 1018
1680888210715 0.9900203397031127 1019
1680888213015 0.9899723649535904 1020
1680888215307 0.9902524322756144 1021
1680888217595 0.9901979688798282 1022
1680888219905 0.9901475815937815 1023
