1680885833807 0.14476055322791367 0
1680885837656 0.1010447493498341 1
1680885840932 0.1129318959222107 2
1680885843575 0.04856512141280353 3
1680885846506 0.15318674831527004 4
1680885849788 0.2427830721477061 5
1680885857147 0.3818701281038725 6
1680885861678 0.2916786187916506 7
1680885865478 0.30199694025600415 8
1680885868282 0.5611225202469209 9
1680885870838 0.32842751270745435 10
1680885873382 0.6368638256115606 11
1680885875881 0.6752089999267813 12
1680885878417 0.44328808483168175 13
1680885880815 0.6643475584424144 14
1680885883284 0.7022048880669495 15
1680885885835 0.7280195468413376 16
1680885888266 0.6905649387088704 17
1680885890647 0.715811129039444 18
1680885893013 0.7585190726080743 19
1680885895415 0.719938783921033 20
1680885897864 0.7168519661363977 21
1680885900257 0.6637897083251078 22
1680885902725 0.7140572030931698 23
1680885905191 0.7139681167343136 24
1680885907542 0.7618883979927387 25
1680885909883 0.7669453876760293 26
1680885912237 0.8255672751304955 27
1680885914563 0.8046490016557128 28
1680885916913 0.7991564212600725 29
1680885919244 0.8238681093719338 30
1680885921717 0.7033030267852851 31
1680885924029 0.8603795809704161 32
1680885926350 0.8384224341580643 33
1680885928743 0.8548351844433522 34
1680885931107 0.8625805224522205 35
1680885933456 0.5377144026755168 36
1680885935794 0.624613913969391 37
1680885938117 0.8819856250671978 38
1680885940598 0.8334785494941573 39
1680885942942 0.8919597219855221 40
1680885945335 0.8451729834965221 41
1680885947652 0.7694513569511566 42
1680885950008 0.8751383349762998 43
1680885952335 0.9097662368875089 44
1680885954714 0.9144769544358035 45
1680885957190 0.8897704757384748 46
1680885959529 0.9167219085283929 47
1680885961863 0.9117810845103179 48
1680885964192 0.9174739156333133 49
1680885966521 0.9163347303269046 50
1680885968846 0.9027655714673483 51
1680885971168 0.9245976432130706 52
1680885973497 0.9095328282346227 53
1680885975907 0.9093104021561275 54
1680885978282 0.92396925962181 55
1680885980611 0.9236675151720931 56
1680885982934 0.9226474985434625 57
1680885985338 0.9241844663821192 58
1680885987686 0.9213695182671442 59
1680885990002 0.9360893722720922 60
1680885992292 0.9397015012168429 61
1680885994676 0.9433581495323246 62
1680885997005 0.9347197316660615 63
1680885999327 0.9333161299403524 64
1680886001693 0.9276453781690002 65
1680886004011 0.9284870395079473 66
1680886006380 0.9392588968473824 67
1680886008724 0.9455345164219016 68
1680886011020 0.9269402031803883 69
1680886013453 0.9372828208354015 70
1680886015800 0.9461717142820739 71
1680886018101 0.9372629247755525 72
1680886020487 0.9317299229907668 73
1680886022799 0.9370408517650755 74
1680886025110 0.9344057068244784 75
1680886027423 0.9394108846925233 76
1680886029723 0.9461880654033853 77
1680886032083 0.950897350347451 78
1680886034414 0.9453889830948894 79
1680886036702 0.9403900149015665 80
1680886038994 0.9459442513978056 81
1680886041291 0.9433759547388623 82
1680886043622 0.9350338664121143 83
1680886045930 0.9449726074687991 84
1680886048275 0.9335120129105112 85
1680886050651 0.9525148884366512 86
1680886052980 0.9513262538331824 87
1680886055285 0.9477059547581539 88
1680886057624 0.9474978252859367 89
1680886059927 0.9582000607053885 90
1680886062314 0.9570467898473701 91
1680886064679 0.9348861938581418 92
1680886066982 0.9508822483402287 93
1680886069373 0.9492375572329745 94
1680886071701 0.9484406220551852 95
1680886074108 0.951969137628102 96
1680886076406 0.9576677799171506 97
1680886078693 0.9460691631184016 98
1680886080994 0.955160880408089 99
1680886083292 0.9526579490162891 100
1680886085609 0.9594047801036595 101
1680886087996 0.9590037356134902 102
1680886090323 0.9625491729794149 103
1680886092684 0.96070128578988 104
1680886094972 0.9561883214429597 105
1680886097259 0.9644448500769055 106
1680886099558 0.9628170470731751 107
1680886101860 0.9625378041549565 108
1680886104207 0.9666506853670818 109
1680886106630 0.9601227427565724 110
1680886108920 0.9658599480749634 111
1680886111236 0.9677296537699273 112
1680886113554 0.9608597936450071 113
1680886115872 0.9472700981383569 114
1680886118186 0.9622294578078892 115
1680886120551 0.967565644633778 116
1680886122898 0.9572949089589565 117
1680886125277 0.9604750261284941 118
1680886127625 0.962889962300537 119
1680886129925 0.9544203896600415 120
1680886132252 0.9490233173126074 121
1680886134591 0.9650797160748109 122
1680886136890 0.9669177488161145 123
1680886139200 0.9607117706659646 124
1680886141567 0.9560168274797408 125
1680886143872 0.9510365103451816 126
1680886146199 0.9717835923238165 127
1680886148553 0.9679193982780778 128
1680886150845 0.970088637056037 129
1680886153153 0.9678487506081147 130
1680886155470 0.9620430974823919 131
1680886157768 0.9685849929210041 132
1680886160079 0.9723306458673656 133
1680886162430 0.964647031102702 134
1680886164748 0.9652218058619706 135
1680886167094 0.9767240937994587 136
1680886169396 0.9706381408961909 137
1680886171735 0.9732477852660205 138
1680886174059 0.9688635782097456 139
1680886176346 0.9656824054624032 140
1680886178823 0.9783967720960328 141
1680886181119 0.977543324035253 142
1680886183439 0.9741936488408011 143
1680886185730 0.9685002956577581 144
1680886188028 0.9692020696936559 145
1680886190338 0.9720794786212338 146
1680886192647 0.9681718315742586 147
1680886194944 0.973543539998691 148
1680886197319 0.9727063234966383 149
1680886199626 0.9694173158077147 150
1680886201943 0.9729133381657492 151
1680886204281 0.9664360336994752 152
1680886206632 0.9753256973772545 153
1680886208936 0.970519567530968 154
1680886211243 0.9742154895290941 155
1680886213624 0.9735611809409338 156
1680886215956 0.9711722543770392 157
1680886218241 0.976662716461615 158
1680886220538 0.9726002463447095 159
1680886222851 0.9716404378274198 160
1680886225139 0.9664308433872707 161
1680886227439 0.9643097635427935 162
1680886229792 0.9738897008573248 163
1680886232200 0.9781938744891213 164
1680886234516 0.9767077475627751 165
1680886236911 0.9729955138306913 166
1680886239216 0.9776966708633514 167
1680886241526 0.9806325020646963 168
1680886243829 0.9774690624998649 169
1680886246136 0.9766564095850082 170
1680886248507 0.9728385305875561 171
1680886250806 0.9777336090875761 172
1680886253090 0.9767987080714913 173
1680886255395 0.9722431738429854 174
1680886257717 0.974001199974372 175
1680886260011 0.9742602590159102 176
1680886262329 0.9709749012743973 177
1680886264648 0.9739426281435996 178
1680886267081 0.9734439568211347 179
1680886269424 0.9776166124765959 180
1680886271805 0.9662638454826485 181
1680886274119 0.9742145350272237 182
1680886276427 0.9802044308582641 183
1680886278724 0.9629906767461228 184
1680886281080 0.9733775910398904 185
1680886283456 0.9720075969187651 186
1680886285753 0.9821172048539409 187
1680886288068 0.9812219633928586 188
1680886290364 0.9734860508008657 189
1680886292649 0.9773861765307013 190
1680886294956 0.9756012158211815 191
1680886297247 0.9747243477253437 192
1680886299573 0.975167173299405 193
1680886301928 0.9723586984733207 194
1680886304257 0.9776318520296431 195
1680886306566 0.9730867791037906 196
1680886308850 0.9710916108335295 197
1680886311143 0.9763471916503228 198
1680886313448 0.9779554229651509 199
1680886315760 0.9708460840341924 200
1680886318063 0.9802664795729594 201
1680886320417 0.9733474111376622 202
1680886322736 0.9774292859612356 203
1680886325034 0.9816482361720978 204
1680886327394 0.9794320003343553 205
1680886329777 0.974923768213862 206
1680886332081 0.9687792926542992 207
1680886334384 0.9745634890963067 208
1680886336689 0.9743069991173835 209
1680886339090 0.9766935704113164 210
1680886341437 0.9644121409702874 211
1680886343722 0.9765812716391681 212
1680886346014 0.9755029373593266 213
1680886348302 0.971462697805508 214
1680886350594 0.967165126360578 215
1680886352899 0.9815372326360078 216
1680886355184 0.9766454126010718 217
1680886357578 0.9822409502777069 218
1680886359869 0.9798921458058286 219
1680886362171 0.9797880288886204 220
1680886364463 0.9770210218003793 221
1680886366750 0.975492891014554 222
1680886369078 0.9654998465631373 223
1680886371375 0.9756302158684848 224
1680886373662 0.9731606159772256 225
1680886376036 0.9691469731437712 226
1680886378341 0.9821767082642922 227
1680886380649 0.9802126265293033 228
1680886382931 0.9743302579047227 229
1680886385269 0.9813095343842074 230
1680886387576 0.9709111072588458 231
1680886389858 0.9781965032809777 232
1680886392142 0.9751011319839255 233
1680886394492 0.9784257556908059 234
1680886396818 0.9723452342896386 235
1680886399101 0.9773016725258171 236
1680886401382 0.9722540975628378 237
1680886403673 0.9764777854667188 238
1680886406039 0.9780938624150352 239
1680886408376 0.9786275800135217 240
1680886410740 0.975393817623417 241
1680886413105 0.9780104394639207 242
1680886415424 0.9831281553186719 243
1680886417713 0.9732228806909148 244
1680886420022 0.9762926759321374 245
1680886422339 0.9779304992495268 246
1680886424631 0.9834685600764476 247
1680886426920 0.9782129735798518 248
1680886429283 0.9778398762996456 249
1680886431641 0.9788911471958489 250
1680886433942 0.9755959842102989 251
1680886436275 0.9777829004263867 252
1680886438569 0.9771200419183019 253
1680886440868 0.9750742438189836 254
1680886443189 0.9803297724986281 255
1680886445548 0.9801906095621922 256
1680886447851 0.9802712479088873 257
1680886450212 0.9847868368670412 258
1680886452549 0.9845085494139497 259
1680886454826 0.9848332306320217 260
1680886457141 0.9789732794334437 261
1680886459423 0.9845484590717697 262
1680886461716 0.9818131370807387 263
1680886464027 0.9808917294179063 264
1680886466391 0.9490420878285403 265
1680886468761 0.9787024378469846 266
1680886471068 0.9788292086838797 267
1680886473369 0.980462217881734 268
1680886475713 0.981186760948432 269
1680886478026 0.9805739030838225 270
1680886480318 0.9824739850917231 271
1680886482606 0.9819173516649494 272
1680886484887 0.9797870684387262 273
1680886487246 0.9781221727984365 274
1680886489542 0.975578807370094 275
1680886491835 0.9758938920220182 276
1680886494148 0.979022883743836 277
1680886496461 0.9818808636198858 278
1680886498759 0.9796546789424526 279
1680886501045 0.9827766517112032 280
1680886503334 0.9812141447335968 281
1680886505693 0.9835277315474137 282
1680886508014 0.9721486627339031 283
1680886510340 0.9764419041227138 284
1680886512700 0.9781444876683113 285
1680886515033 0.9781208310805187 286
1680886517444 0.974960272553263 287
1680886519760 0.9825721887465674 288
1680886522127 0.9818591807635001 289
1680886524427 0.9854301581447485 290
1680886526746 0.9787398834403082 291
1680886529062 0.983479092970654 292
1680886531415 0.9809200285544432 293
1680886533706 0.9734249873588142 294
1680886535997 0.9764737000994673 295
1680886538289 0.9801034196590144 296
1680886540669 0.9802946826804307 297
1680886542970 0.9861012553826384 298
1680886545265 0.980203283559475 299
1680886547568 0.9832819566515828 300
1680886549855 0.9828468501931399 301
1680886552144 0.9862703017435179 302
1680886554511 0.9853284442717712 303
1680886556880 0.9822298146191676 304
1680886559253 0.9734959149486269 305
1680886561550 0.973368994762513 306
1680886563843 0.9803656466906756 307
1680886566136 0.9794395554329717 308
1680886568430 0.9837168877018301 309
1680886570721 0.9857869755057832 310
1680886573022 0.9805754891537211 311
1680886575305 0.9804181000762348 312
1680886577652 0.9794273067011301 313
1680886579963 0.9814848639003779 314
1680886582257 0.9858166727197569 315
1680886584545 0.9889785098084865 316
1680886586893 0.9846128924494925 317
1680886589194 0.9825405915774338 318
1680886591519 0.9829949423166756 319
1680886593811 0.9829000361105802 320
1680886596180 0.9837986479993477 321
1680886598468 0.9859780845261237 322
1680886600762 0.9830634607078168 323
1680886603066 0.9790777486065557 324
1680886605357 0.987789403685047 325
1680886607645 0.9867164698033964 326
1680886609974 0.9807096245312271 327
1680886612270 0.9813054191965258 328
1680886614637 0.9808093329487781 329
1680886616928 0.9838014424754308 330
1680886619246 0.9884786914443345 331
1680886621528 0.9841927353000338 332
1680886623869 0.9841158364728697 333
1680886626147 0.9846898479433773 334
1680886628471 0.9837034662965869 335
1680886630770 0.9849784244384111 336
1680886633144 0.9856855640214096 337
1680886635444 0.9798448163219575 338
1680886637749 0.9836346629130078 339
1680886640070 0.9833831756506259 340
1680886642396 0.9888721643592296 341
1680886644756 0.9857791911750716 342
1680886647056 0.9856004682053753 343
1680886649466 0.9857598321910638 344
1680886651742 0.9839411413289749 345
1680886654081 0.9739225580398451 346
1680886656365 0.9869390635489926 347
1680886658659 0.9877479909076428 348
1680886660959 0.9827372589522051 349
1680886663251 0.980387775545046 350
1680886665548 0.981159971381805 351
1680886667917 0.9818770575789962 352
1680886670221 0.9826050146969326 353
1680886672519 0.9835430402972869 354
1680886674847 0.9811834199287052 355
1680886677127 0.9798577481742138 356
1680886679456 0.9816720137826224 357
1680886681738 0.9788784981310329 358
1680886684038 0.9810422116585374 359
1680886686450 0.9774240851237925 360
1680886688754 0.9873917691419581 361
1680886691037 0.9837294778726396 362
1680886693346 0.9813251811993053 363
1680886695631 0.9837165864895315 364
1680886697922 0.9806099611988373 365
1680886700270 0.9885316733410671 366
1680886702564 0.9885364761168077 367
1680886704922 0.9780672363561639 368
1680886707202 0.984109656404789 369
1680886709539 0.9873442161938546 370
1680886711842 0.9847656280212989 371
1680886714144 0.9776583616981053 372
1680886716446 0.981701189216496 373
1680886718748 0.9820934719456061 374
1680886721155 0.9863563682915703 375
1680886723524 0.9846556880194614 376
1680886725831 0.9835401169472608 377
1680886728271 0.9873769360312258 378
1680886730717 0.9845122256599318 379
1680886733017 0.9809583891835914 380
1680886735302 0.9808533403268278 381
1680886737598 0.9856960274202162 382
1680886739982 0.9854681001698783 383
1680886742285 0.9806971124024012 384
1680886744600 0.9869741437903787 385
1680886746891 0.9831349755516583 386
1680886749203 0.9848062614358138 387
1680886751498 0.9817070931827813 388
1680886753827 0.9858399779881891 389
1680886756104 0.9864672987097342 390
1680886758469 0.9841911228470567 391
1680886760769 0.980729618959744 392
1680886763052 0.9861773726259516 393
1680886765417 0.9867164698033964 394
1680886767717 0.9865513214900998 395
1680886770046 0.9884828453200969 396
1680886772331 0.985098368274958 397
1680886774619 0.9856487768884078 398
1680886776984 0.9882213483341156 399
1680886779286 0.988781635708143 400
1680886781576 0.98823191038471 401
1680886783874 0.9848024117542904 402
1680886786164 0.9854194371873156 403
1680886788469 0.9863034814131586 404
1680886790808 0.9868041136705453 405
1680886793093 0.9844543786383241 406
1680886795471 0.986280498280803 407
1680886797758 0.9811918175735581 408
1680886800036 0.9845531779036688 409
1680886802377 0.9865884006949024 410
1680886804699 0.9869270672934881 411
1680886806977 0.9889780188741639 412
1680886809268 0.9867525738609885 413
1680886811565 0.9843880431408293 414
1680886813938 0.9860128534021708 415
1680886816236 0.9845286869667645 416
1680886818519 0.9852562582947586 417
1680886820852 0.9866991577748392 418
1680886823159 0.987597628817182 419
1680886825455 0.9864630571800689 420
1680886827769 0.9822713502599071 421
1680886830130 0.9826796591554733 422
1680886832439 0.9832578847822674 423
1680886834726 0.9829725334859875 424
1680886837028 0.9865666389018911 425
1680886839334 0.987557792165862 426
1680886841741 0.9876376636635124 427
1680886844071 0.986036938833806 428
1680886846368 0.9837376018282216 429
1680886848725 0.9865262679153366 430
1680886851028 0.9865729577836769 431
1680886853377 0.9847227668487846 432
1680886855716 0.9870666467315977 433
1680886858033 0.9838077504664403 434
1680886860336 0.9832118103756796 435
1680886862642 0.9858916784802303 436
1680886864945 0.986256860777397 437
1680886867303 0.985288421804465 438
1680886869649 0.9859516973425434 439
1680886871998 0.9847315580302287 440
1680886874283 0.9853873736653652 441
1680886876596 0.990254296861231 442
1680886878892 0.9869413057285318 443
1680886881177 0.9879119342434987 444
1680886883466 0.9886339308071582 445
1680886885817 0.9883834020975918 446
1680886888123 0.9869769112909402 447
1680886890428 0.9874743904387079 448
1680886892728 0.9875811557374806 449
1680886895089 0.9880451646041819 450
1680886897408 0.9873031743353488 451
1680886899730 0.986785811812295 452
1680886902019 0.9858644049037726 453
1680886904387 0.9819529275897635 454
1680886906679 0.9879411437065816 455
1680886909000 0.9872871485598528 456
1680886911302 0.9879859276596337 457
1680886913613 0.9859082043277184 458
1680886915915 0.9812593688989284 459
1680886918239 0.9835518882636091 460
1680886920568 0.9852049621951822 461
1680886922963 0.9872555053863742 462
1680886925278 0.9854872220884073 463
1680886927571 0.9857594407788434 464
1680886929899 0.9902249992213056 465
1680886932240 0.9892887814310845 466
1680886934554 0.9861327249727175 467
1680886936842 0.9857834501259556 468
1680886939209 0.9872141440204248 469
1680886941495 0.9883412800647379 470
1680886943828 0.9876412798267458 471
1680886946115 0.9846693893301771 472
1680886948393 0.9887234923764471 473
1680886950708 0.9894787495712176 474
1680886953001 0.9894579851876896 475
1680886955283 0.9905770511956699 476
1680886957702 0.9898893723577431 477
1680886960036 0.9892368830249554 478
1680886962331 0.9891349141153336 479
1680886964623 0.9871342711366302 480
1680886966912 0.9834067622750604 481
1680886969224 0.9859450747647996 482
1680886971517 0.9879536021548647 483
1680886973825 0.9856092915477902 484
1680886976183 0.9909878744968225 485
1680886978472 0.9871390854599297 486
1680886980778 0.9847625398847505 487
1680886983071 0.9849400595350083 488
1680886985354 0.9893559931007943 489
1680886987633 0.9864793708260811 490
1680886989924 0.9904395194590777 491
1680886992210 0.9880614000876727 492
1680886994573 0.9877072387970384 493
1680886996850 0.9916667866219041 494
1680886999148 0.9906834364776286 495
1680887001433 0.9803265914725335 496
1680887003715 0.9892907825286267 497
1680887006032 0.9855374552735613 498
1680887008387 0.988563873810334 499
1680887010672 0.9856541230409944 500
1680887013069 0.9863876978840981 501
1680887015361 0.9902417428724136 502
1680887017684 0.9901908377276918 503
1680887019997 0.989789134623416 504
1680887022287 0.9865601451517251 505
1680887024590 0.9881732484217377 506
1680887026938 0.9866023424999515 507
1680887029224 0.9903151701597542 508
1680887031638 0.9883720989424692 509
1680887034006 0.9884698723021957 510
1680887036300 0.9888675594842365 511
1680887038591 0.9882800139455171 512
1680887040897 0.9886015806489485 513
1680887043184 0.9838483497855179 514
1680887045532 0.987819052905606 515
1680887047889 0.9882232795068843 516
1680887050175 0.9852204514673817 517
1680887052489 0.9880139466335742 518
1680887054778 0.9879019240600884 519
1680887057063 0.9852064880484046 520
1680887059341 0.9867725112551847 521
1680887061636 0.9897152611950645 522
1680887063937 0.9891668989229285 523
1680887066316 0.9881637374521777 524
1680887068669 0.9893433602223269 525
1680887070974 0.9859633175956334 526
1680887073327 0.988058177042967 527
1680887075612 0.9902431927981615 528
1680887077925 0.9894352234060134 529
1680887080202 0.9863747574940517 530
1680887082509 0.9869390635489926 531
1680887084859 0.9905019938750552 532
1680887087145 0.9910947433787224 533
1680887089440 0.9879863195167903 534
1680887091733 0.9863363133529215 535
1680887094016 0.9911471224701677 536
1680887096426 0.9917164612854719 537
1680887098729 0.9884864465033681 538
1680887101033 0.9886346354098481 539
1680887103390 0.9891308371345873 540
1680887105697 0.9898090077075908 541
1680887108006 0.9894910556684956 542
1680887110302 0.9893406743079072 543
1680887112608 0.989802407404047 544
1680887114901 0.9905264581316153 545
1680887117212 0.9888413858321293 546
1680887119525 0.9889690264551961 547
1680887121880 0.9919664166620409 548
1680887124177 0.9881023061746058 549
1680887126477 0.9896726428564216 550
1680887128785 0.9889068997570315 551
1680887131126 0.9871731102863586 552
1680887133407 0.9862404634344727 553
1680887135718 0.9853450754830061 554
1680887138038 0.9878527669732148 555
1680887140399 0.9858353107896106 556
1680887142682 0.9845798180086941 557
1680887145007 0.9903517406983124 558
1680887147307 0.9884930200862726 559
1680887149590 0.9898952366020178 560
1680887151917 0.9900479161271915 561
1680887154202 0.9884102710678565 562
1680887156526 0.9874868758945766 563
1680887158941 0.9888862875440091 564
1680887161215 0.9885793342798269 565
1680887163508 0.9884272613636133 566
1680887165877 0.990038605123538 567
1680887168160 0.9903156298143504 568
1680887170448 0.9884689521654627 569
1680887172747 0.9906239855931486 570
1680887175060 0.9896322685640624 571
1680887177427 0.988482441862471 572
1680887179723 0.9888775183608313 573
1680887182061 0.9884930200862726 574
1680887184406 0.9870029330847099 575
1680887186688 0.9866679166166977 576
1680887188978 0.9882704263406764 577
1680887191273 0.9858661296673419 578
1680887193633 0.9875146001057186 579
1680887195937 0.9899255569488462 580
1680887198235 0.9879095176922306 581
1680887200524 0.9878519911669242 582
1680887202812 0.9895317973090791 583
1680887205111 0.9894034272391435 584
1680887207402 0.9879192377107313 585
1680887209710 0.9864739384404677 586
1680887212083 0.988106241243293 587
1680887214365 0.9881186863191417 588
1680887216720 0.9861030660004149 589
1680887219027 0.986640599792629 590
1680887221323 0.9864542114467755 591
1680887223614 0.9874569994473776 592
1680887225937 0.9868148652660302 593
1680887228236 0.9901832062559636 594
1680887230625 0.9916888313609737 595
1680887232916 0.9911559675027865 596
1680887235227 0.9925841811548429 597
1680887237539 0.9887143744758816 598
1680887239845 0.988952744707262 599
1680887242136 0.9883586009808575 600
1680887244425 0.9877986795297039 601
1680887246711 0.9916527324901151 602
1680887249086 0.9909989893613997 603
1680887251371 0.9918135071571168 604
1680887253700 0.9892775203988186 605
1680887256000 0.9893627314685345 606
1680887258342 0.9880575330118329 607
1680887260630 0.9894578022839617 608
1680887262940 0.9922724988004608 609
1680887265234 0.9924071970118197 610
1680887267587 0.9898994090641198 611
1680887269875 0.987263749091935 612
1680887272204 0.9887542312054588 613
1680887274483 0.9871112953260132 614
1680887276777 0.987345149703785 615
1680887279081 0.9880165984222044 616
1680887281405 0.9898864538341375 617
1680887283714 0.9856153672795752 618
1680887286122 0.9880514978861331 619
1680887288419 0.9903615813384464 620
1680887290707 0.9894668532922727 621
1680887293037 0.9900247470488002 622
1680887295345 0.9906371506011249 623
1680887297707 0.9881369134020987 624
1680887299988 0.9846865068971927 625
1680887302353 0.9899779004326672 626
1680887304659 0.9900648549888359 627
1680887306942 0.9893224196992619 628
1680887309298 0.98633482874322 629
1680887311577 0.9897590627060984 630
1680887313889 0.9910882336772576 631
1680887316179 0.9914429002505621 632
1680887318478 0.9914942830600283 633
1680887320881 0.9891043153531668 634
1680887323227 0.9892872848493254 635
1680887325520 0.9902245192361127 636
1680887327862 0.9901033660840772 637
1680887330138 0.9902207154390873 638
1680887332433 0.987642679950218 639
1680887334714 0.989474909257329 640
1680887337075 0.9895155185054927 641
1680887339369 0.9883251117516862 642
1680887341663 0.9904557400091402 643
1680887343944 0.9883816823697923 644
1680887346239 0.9894257343202715 645
1680887348532 0.9878960925735455 646
1680887350832 0.9880556548195596 647
1680887353133 0.9884345107833786 648
1680887355518 0.9891961569377282 649
1680887357811 0.9899230327595109 650
1680887360111 0.9903655648810391 651
1680887362396 0.9893741791000582 652
1680887364707 0.9874571233417195 653
1680887366987 0.9899281026947463 654
1680887369287 0.9889220064523698 655
1680887371570 0.9905723403583505 656
1680887373931 0.9908201498446254 657
1680887376216 0.9911988859059536 658
1680887378518 0.9898952366020178 659
1680887380820 0.9908483069800856 660
1680887383114 0.9907005256050363 661
1680887385412 0.9913900811474962 662
1680887387707 0.9859422745007724 663
1680887390013 0.9852313019788342 664
1680887392355 0.9881945563299092 665
1680887394643 0.9896726428564216 666
1680887396953 0.9904724492149043 667
1680887399259 0.9906515307428035 668
1680887401603 0.9916569055321977 669
1680887403929 0.992035263700274 670
1680887406231 0.9914192574955801 671
1680887408578 0.9906565235407626 672
1680887410928 0.9905229829924761 673
1680887413232 0.9906909085871761 674
1680887415532 0.9911583871851365 675
1680887417845 0.9896726428564216 676
1680887420144 0.9916045123779055 677
1680887422467 0.9913781077113747 678
1680887424824 0.9916138785312568 679
1680887427194 0.9905385692702241 680
1680887429525 0.9900556721366031 681
1680887431825 0.9884669434024299 682
1680887434125 0.9884930200862726 683
1680887436408 0.9882199783523538 684
1680887438688 0.9894708022498168 685
1680887440990 0.9925672281709437 686
1680887443305 0.99190269536796 687
1680887445680 0.9933782394271491 688
1680887447961 0.9914816433523953 689
1680887450242 0.9884586552547293 690
1680887452536 0.9877766624306469 691
1680887454827 0.9900126602553293 692
1680887457134 0.9900228923878244 693
1680887459416 0.9890602696279407 694
1680887461705 0.9917274775130195 695
1680887464055 0.9898817020962096 696
1680887466340 0.9894191464343778 697
1680887468636 0.9879852634035293 698
1680887470946 0.990976648820657 699
1680887473229 0.9924903397147915 700
1680887475508 0.9927695896052118 701
1680887477838 0.9914041420062619 702
1680887480138 0.9904949857501406 703
1680887482494 0.9907455767380724 704
1680887484781 0.9899662271040116 705
1680887487112 0.9898952366020178 706
1680887489458 0.9886950004601229 707
1680887491841 0.9896005420885686 708
1680887494123 0.9924498258544266 709
1680887496402 0.9940299340764667 710
1680887498781 0.9936829128052587 711
1680887501127 0.9938380075385664 712
1680887503405 0.9938124994593336 713
1680887505697 0.9930655624017571 714
1680887508055 0.991700842875863 715
1680887510354 0.9876502320094419 716
1680887512666 0.9872440383337405 717
1680887515039 0.9915243913358524 718
1680887517404 0.9908515605282363 719
1680887519728 0.9937206248469135 720
1680887522013 0.9935980387064948 721
1680887524370 0.9929474639531936 722
1680887526670 0.9911507293829344 723
1680887528956 0.99030038924688 724
1680887531272 0.99030038924688 725
1680887533553 0.9886290385551043 726
1680887535907 0.987247580616522 727
1680887538184 0.9910900801791357 728
1680887540522 0.992112609917505 729
1680887542886 0.9920010695189889 730
1680887545182 0.9925529458986798 731
1680887547481 0.9928514096550433 732
1680887549766 0.99402557400559 733
1680887552125 0.9918359964738417 734
1680887554409 0.991965341912778 735
1680887556697 0.9937878901558421 736
1680887559064 0.9948435542780012 737
1680887561351 0.9931084425034423 738
1680887563698 0.9935212125140597 739
1680887565976 0.9939551624144252 740
1680887568264 0.9934032860347343 741
1680887570660 0.9931877597740102 742
1680887572978 0.9927755396442759 743
1680887575265 0.9927755396442759 744
1680887577611 0.9938792924036578 745
1680887579891 0.9936753947977964 746
1680887582176 0.9943468316568144 747
1680887584458 0.9938792924036578 748
1680887586758 0.9923182051453243 749
1680887589097 0.9931048222783708 750
1680887591423 0.9928028253662043 751
1680887593759 0.992582308364339 752
1680887596133 0.993648957920196 753
1680887598432 0.9934750561928736 754
1680887600749 0.9919269075986774 755
1680887603029 0.9931431092655121 756
1680887605384 0.9927044465650012 757
1680887607674 0.9916158546686887 758
1680887609974 0.9930666026652873 759
1680887612267 0.9940153312711145 760
1680887614546 0.9925361959810296 761
1680887616836 0.9916115545946554 762
1680887619146 0.9912137520344305 763
1680887621439 0.9918493294974543 764
1680887623824 0.9919088276109385 765
1680887626114 0.9931647457687337 766
1680887628404 0.9931048222783708 767
1680887630695 0.9934086148424588 768
1680887632994 0.9919251995082216 769
1680887635320 0.9919251995082216 770
1680887637617 0.9903545936649776 771
1680887639979 0.9898426473258494 772
1680887642254 0.9914491931392978 773
1680887644541 0.9926614467714856 774
1680887646847 0.9925529458986798 775
1680887649171 0.9924770758879125 776
1680887651466 0.9892532095043357 777
1680887653800 0.9900671247798716 778
1680887656091 0.9908677932710611 779
1680887658441 0.9905229829924761 780
1680887660745 0.9903196252090806 781
1680887663037 0.9916533738615904 782
1680887665342 0.9896773695253271 783
1680887667631 0.9905783736574274 784
1680887669930 0.991074859372167 785
1680887672223 0.9905313340020371 786
1680887674512 0.9916267357518579 787
1680887676866 0.9931048222783708 788
1680887679148 0.9936892457371861 789
1680887681450 0.9938340404829894 790
1680887683737 0.9903271571392449 791
1680887686029 0.9905606161850468 792
1680887688327 0.9922995332753524 793
1680887690612 0.9935756642833122 794
1680887692946 0.9927409307003213 795
1680887695235 0.9926399802119046 796
1680887697602 0.9916459938354153 797
1680887699883 0.9905144104948262 798
1680887702223 0.9913733173106198 799
1680887704517 0.992621246664846 800
1680887706816 0.9917026057626254 801
1680887709154 0.9930826628947815 802
1680887711482 0.9931689808246721 803
1680887713764 0.9913990127203584 804
1680887716171 0.9917040699103564 805
1680887718467 0.9923106901213486 806
1680887720760 0.9920110724273239 807
1680887723056 0.9910346304863137 808
1680887725337 0.9917148526285087 809
1680887727651 0.9917595533627064 810
1680887729936 0.9898051920156724 811
1680887732231 0.988340267278589 812
1680887734600 0.9902495855338773 813
1680887736890 0.990701098302233 814
1680887739193 0.9910612595781183 815
1680887741486 0.9915789065031984 816
1680887743778 0.9920109053489964 817
1680887746111 0.9921174010442334 818
1680887748392 0.9922549208217508 819
1680887750667 0.9923154037239209 820
1680887753028 0.9935437469639767 821
1680887755368 0.991074859372167 822
1680887757660 0.9924770758879125 823
1680887759953 0.9916770630156039 824
1680887762238 0.9932346847623802 825
1680887764543 0.9931048222783708 826
1680887766830 0.9931048222783708 827
1680887769177 0.9931502674021114 828
1680887771456 0.9921899898008366 829
1680887773764 0.9923268371940455 830
1680887776077 0.9926440198631038 831
1680887778355 0.9917280264503213 832
1680887780634 0.9927933812574282 833
1680887782906 0.9931613359033884 834
1680887785192 0.9931086679813629 835
1680887787502 0.9921091524517051 836
1680887789868 0.992086990790643 837
1680887792204 0.9914595873625872 838
1680887794496 0.9905463004410713 839
1680887796784 0.9911956052434648 840
1680887799063 0.9936694408040355 841
1680887801404 0.9936441762264795 842
1680887803690 0.9931048222783708 843
1680887806003 0.9923391828928766 844
1680887808365 0.9928158500362104 845
1680887810652 0.9937051216224301 846
1680887812957 0.9886652545645225 847
1680887815326 0.9882287196042899 848
1680887817613 0.9892287702130426 849
1680887819939 0.9929735641501143 850
1680887822228 0.9905380344026082 851
1680887824618 0.9906845002556036 852
1680887826975 0.990415338877063 853
1680887829249 0.9932240589596816 854
1680887831533 0.9917176974990055 855
1680887833813 0.9922261974115192 856
1680887836127 0.9899489721999712 857
1680887838418 0.9915229242231322 858
1680887840702 0.9926836842622913 859
1680887843060 0.9926586956740601 860
1680887845377 0.9925013408211543 861
1680887847657 0.991820424258254 862
1680887849941 0.9918493294974543 863
1680887852242 0.9918493294974543 864
1680887854530 0.9924639128428548 865
1680887856807 0.9931517506363495 866
1680887859102 0.9917177944478821 867
1680887861480 0.9893950802001391 868
1680887863772 0.9890448964659635 869
1680887866058 0.9886612079842276 870
1680887868339 0.9903531408463198 871
1680887870634 0.990866332906189 872
1680887873009 0.9910671300089078 873
1680887875298 0.9924012058771452 874
1680887877583 0.9924012058771452 875
1680887879934 0.991310141924307 876
1680887882221 0.990682937969464 877
1680887884525 0.990938179417365 878
1680887886844 0.9919854964049123 879
1680887889157 0.9930289522676033 880
1680887891447 0.9930289522676033 881
1680887893810 0.9931445988062512 882
1680887896101 0.9924770758879125 883
1680887898467 0.9919251995082216 884
1680887900758 0.991074859372167 885
1680887903053 0.991074859372167 886
1680887905377 0.9909024286819618 887
1680887907668 0.991074859372167 888
1680887909958 0.9906860499771465 889
1680887912247 0.9909480105846039 890
1680887914584 0.991074859372167 891
1680887916940 0.9915982699036486 892
1680887919220 0.9917674994261071 893
1680887921560 0.9918471139038201 894
1680887923917 0.9919251995082216 895
1680887926218 0.9919251995082216 896
1680887928537 0.9915460216254263 897
1680887931087 0.9909225227438677 898
1680887933389 0.9913562963268845 899
1680887935753 0.9911874785324053 900
1680887938064 0.9911425898820744 901
1680887940437 0.9919251995082216 902
1680887942758 0.9909652002328584 903
1680887945113 0.9908205818435469 904
1680887947393 0.9920800176818035 905
1680887949682 0.9924770758879125 906
1680887952092 0.9919251995082216 907
1680887954488 0.9915802361890854 908
1680887956767 0.9912528453050786 909
1680887959040 0.9912387139274323 910
1680887961348 0.9914347371730937 911
1680887963680 0.9914070301750096 912
1680887965951 0.9917914129006622 913
1680887968308 0.9920889430713186 914
1680887970625 0.9918493294974543 915
1680887972970 0.9917809905357425 916
1680887975281 0.9911715444284847 917
1680887977559 0.9913813218550537 918
1680887979893 0.9908794174212417 919
1680887982179 0.9908593460153591 920
1680887984475 0.9924770758879125 921
1680887986833 0.9914242718238668 922
1680887989129 0.9918493294974543 923
1680887991408 0.9917949862929835 924
1680887993700 0.9918684804175711 925
1680887996000 0.9919251995082216 926
1680887998327 0.9913087576214039 927
1680888000617 0.9918139740537102 928
1680888002895 0.9918493294974543 929
1680888005270 0.9924770758879125 930
1680888007575 0.9924770758879125 931
1680888009888 0.9924770758879125 932
1680888012218 0.9924843919655362 933
1680888014497 0.992898805123201 934
1680888016804 0.9937716191315179 935
1680888019101 0.9936893741458533 936
1680888021438 0.9934723373102771 937
1680888023840 0.9919415750764734 938
1680888026130 0.9913733231285305 939
1680888028430 0.9918097142658047 940
1680888030707 0.9921368960426786 941
1680888033035 0.9924182882555413 942
1680888035324 0.9926272120328252 943
1680888037713 0.9926276127382286 944
1680888040113 0.9930289522676033 945
1680888042430 0.9930289522676033 946
1680888044728 0.9929740918374671 947
1680888047032 0.9924770758879125 948
1680888049319 0.9924770758879125 949
1680888051608 0.9924770758879125 950
1680888053889 0.9919251995082216 951
1680888056175 0.9923738590905912 952
1680888058547 0.9927696290764136 953
1680888060823 0.99294748364835 954
1680888063121 0.992610766780636 955
1680888065400 0.9919476373770112 956
1680888067687 0.9919096160221151 957
1680888069972 0.992316506368642 958
1680888072283 0.9919444459707004 959
1680888074561 0.9913733231285305 960
1680888076982 0.9924999258861308 961
1680888079324 0.9929318995275028 962
1680888081634 0.9925534519843765 963
1680888083913 0.9927286457251697 964
1680888086219 0.9926890476420479 965
1680888088519 0.9931048222783708 966
1680888090842 0.992767035932354 967
1680888093164 0.9919582178674852 968
1680888095526 0.9924770758879125 969
1680888097823 0.9921309810311111 970
1680888100134 0.9919457261137818 971
1680888102416 0.9920971069766376 972
1680888104700 0.9920671627043728 973
1680888107006 0.9922636977712074 974
1680888109310 0.9924770758879125 975
1680888111585 0.9924770758879125 976
1680888113981 0.9924770758879125 977
1680888116256 0.9921386960768396 978
1680888118542 0.9918493294974543 979
1680888120837 0.992346031186874 980
1680888123120 0.9924770758879125 981
1680888125398 0.9924770758879125 982
1680888127708 0.9924770758879125 983
1680888130015 0.992364485179996 984
1680888132380 0.9915062893464608 985
1680888134651 0.9908314824868429 986
1680888136948 0.9912242084563564 987
1680888139223 0.9916965758228078 988
1680888141525 0.9925275112567674 989
1680888143810 0.9930723670858713 990
1680888146108 0.9923501824288081 991
1680888148483 0.9924004330530103 992
1680888150860 0.9920593612373773 993
1680888153190 0.9922643026829036 994
1680888155480 0.992367934983719 995
1680888157756 0.9931048222783708 996
1680888160043 0.9931481439056576 997
1680888162323 0.9931807518550283 998
1680888164625 0.9930151898545679 999
1680888166992 0.9930747136422143 1000
1680888169271 0.9924500973633451 1001
1680888171576 0.9931048222783708 1002
1680888173869 0.9931056767015946 1003
1680888176163 0.9931048222783708 1004
1680888178437 0.9923366242318198 1005
1680888180744 0.9921637429692534 1006
1680888183061 0.9918803946243321 1007
1680888185412 0.9917238652654862 1008
1680888187692 0.9917004438474835 1009
1680888189968 0.991770719459169 1010
1680888192323 0.9918109428194376 1011
1680888194604 0.9917837050452446 1012
1680888196886 0.9911876021573288 1013
1680888199185 0.9917410928819298 1014
1680888201479 0.9917364593484073 1015
1680888203827 0.9917775418419498 1016
1680888206136 0.9918042380594864 1017
1680888208423 0.9918846062209599 1018
1680888210715 0.9919859666771563 1019
1680888213015 0.9919251995082216 1020
1680888215307 0.9919251995082216 1021
1680888217595 0.9919251995082216 1022
1680888219905 0.9913733231285305 1023
