1677851711710 0.20847578346729279 0
1677851715154 0.2441684454679489 1
1677851719184 0.2996349632740021 2
1677851723437 0.30546653270721436 3
1677851728354 0.3103276491165161 4
1677851730665 0.3137909471988678 5
1677851732839 0.32127848267555237 6
1677851734985 0.3285256326198578 7
1677851737175 0.32726138830184937 8
1677851739138 0.3340989947319031 9
1677851741093 0.33660078048706055 10
1677851744467 0.34734687209129333 11
1677851748695 0.35403311252593994 12
1677851751024 0.3615918755531311 13
1677851753932 0.3692307770252228 14
1677851756138 0.37213319540023804 15
1677851758183 0.3742254376411438 16
1677851760156 0.3767984211444855 17
1677851762581 0.37801817059516907 18
1677851764753 0.3802439570426941 19
1677851766667 0.38100069761276245 20
1677851768704 0.38108083605766296 21
1677851770567 0.37960290908813477 22
1677851773006 0.3832710087299347 23
1677851775568 0.38229167461395264 24
1677851778086 0.38538995385169983 25
1677851780085 0.39098113775253296 26
1677851781987 0.39037570357322693 27
1677851784344 0.3920762240886688 28
