1677851711710 2.2789318561553955 0
1677851715154 0.7903791069984436 1
1677851719184 0.20031805336475372 2
1677851723437 0.17743943631649017 3
1677851728354 0.15288951992988586 4
1677851730665 0.13608375191688538 5
1677851732839 0.11985473334789276 6
1677851734985 0.10781334340572357 7
1677851737175 0.09701105207204819 8
1677851739138 0.08897005021572113 9
1677851741093 0.08902432769536972 10
1677851744467 0.07680221647024155 11
1677851748695 0.0704495832324028 12
1677851751024 0.07041670382022858 13
1677851753932 0.058330271393060684 14
1677851756138 0.056793518364429474 15
1677851758183 0.05471128597855568 16
1677851760156 0.05198273807764053 17
1677851762581 0.05056438967585564 18
1677851764753 0.05278273671865463 19
1677851766667 0.05176582187414169 20
1677851768704 0.06300325691699982 21
1677851770567 0.048116184771060944 22
1677851773006 0.044337861239910126 23
1677851775568 0.04659289866685867 24
1677851778086 0.04660210385918617 25
1677851780085 0.03795719891786575 26
1677851781987 0.036874301731586456 27
1677851784344 0.036937639117240906 28
