1677851711710 0.6302844285964966 0
1677851715154 0.8001021146774292 1
1677851719184 0.9385320544242859 2
1677851723437 0.8839996457099915 3
1677851728354 0.9254475831985474 4
1677851730665 0.919025719165802 5
1677851732839 0.91864413022995 6
1677851734985 0.9078443050384521 7
1677851737175 0.9195025563240051 8
1677851739138 0.918194055557251 9
1677851741093 0.9198257923126221 10
1677851744467 0.9303311705589294 11
1677851748695 0.938237190246582 12
1677851751024 0.950201153755188 13
1677851753932 0.9531797170639038 14
1677851756138 0.9531983137130737 15
1677851758183 0.9562007188796997 16
1677851760156 0.9564436674118042 17
1677851762581 0.9588202238082886 18
1677851764753 0.9544304013252258 19
1677851766667 0.9603185057640076 20
1677851768704 0.9582424163818359 21
1677851770567 0.9564946889877319 22
1677851773006 0.9560477137565613 23
1677851775568 0.963509202003479 24
1677851778086 0.9601271152496338 25
1677851780085 0.9650636315345764 26
1677851781987 0.9637541174888611 27
1677851784344 0.9629161953926086 28
