1677851818112 0.20199429988861084 0
1677851820197 0.2240295559167862 1
1677851822853 0.2798343896865845 2
1677851825637 0.2916310429573059 3
1677851828870 0.3119034767150879 4
1677851831408 0.31446757912635803 5
1677851833681 0.32979878783226013 6
1677851835974 0.32991454005241394 7
1677851838207 0.3368144631385803 8
1677851840273 0.3524661660194397 9
1677851842804 0.3603988587856293 10
1677851845055 0.36582085490226746 11
1677851847338 0.3658386766910553 12
1677851849348 0.3736823499202728 13
1677851851452 0.37734153866767883 14
1677851854099 0.38033297657966614 15
1677851856606 0.37556979060173035 16
1677851858772 0.3797275722026825 17
1677851860829 0.37860578298568726 18
1677851862802 0.3829772174358368 19
1677851864909 0.3878650367259979 20
1677851866846 0.38746437430381775 21
1677851868822 0.3896545469760895 22
1677851870842 0.3854255676269531 23
1677851872743 0.3888799846172333 24
1677851874802 0.3860131800174713 25
1677851876741 0.3885505795478821 26
1677851878646 0.39034008979797363 27
1677851881429 0.39135506749153137 28
1677851883901 0.3890313506126404 29
1677851886102 0.39072293043136597 30
1677851888333 0.3949786424636841 31
1677851890158 0.39914530515670776 32
1677851891981 0.39647436141967773 33
1677851893907 0.3997596204280853 34
1677851895840 0.40332087874412537 35
1677851897842 0.4040064215660095 36
1677851899860 0.40374821424484253 37
1677851901902 0.39818376302719116 38
1677851903773 0.3994123935699463 39
1677851905638 0.40064993500709534 40
1677851907452 0.4054042100906372 41
1677851909503 0.4092058539390564 42
1677851911904 0.4048343896865845 43
1677851914311 0.4055466651916504 44
1677851916840 0.4094284176826477 45
1677851918991 0.4118322730064392 46
1677851921237 0.4122062027454376 47
1677851923757 0.4128917455673218 48
1677851926096 0.413221150636673 49
1677851928096 0.4133725166320801 50
1677851929991 0.40867164731025696 51
1677851931947 0.4072471559047699 52
1677851933707 0.4137108325958252 53
1677851935768 0.4127047657966614 54
1677851937587 0.4159633219242096 55
1677851939320 0.4161502718925476 56
1677851941153 0.41768163442611694 57
1677851943166 0.41771724820137024 58
1677851945611 0.40844908356666565 59
1677851947863 0.40698006749153137 60
1677851950581 0.41128918528556824 61
1677851952635 0.4168447256088257 62
1677851954575 0.41683581471443176 63
