1677851818112 0.10140937566757202 0
1677851820197 0.7986427545547485 1
1677851822853 0.8880769610404968 2
1677851825637 0.9501166939735413 3
1677851828870 0.9199918508529663 4
1677851831408 0.935354471206665 5
1677851833681 0.9500487446784973 6
1677851835974 0.9572768807411194 7
1677851838207 0.9540819525718689 8
1677851840273 0.9671107530593872 9
1677851842804 0.9684816598892212 10
1677851845055 0.9712460041046143 11
1677851847338 0.9755964875221252 12
1677851849348 0.9713026285171509 13
1677851851452 0.9790066480636597 14
1677851854099 0.9811818599700928 15
1677851856606 0.9769899845123291 16
1677851858772 0.9785534739494324 17
1677851860829 0.9796410799026489 18
1677851862802 0.9809779524803162 19
1677851864909 0.9850791692733765 20
1677851866846 0.9834930896759033 21
1677851868822 0.9819636344909668 22
1677851870842 0.9823601245880127 23
1677851872743 0.9852491617202759 24
1677851874802 0.986280083656311 25
1677851876741 0.9802302122116089 26
1677851878646 0.987503707408905 27
1677851881429 0.9819069504737854 28
1677851883901 0.9860535264015198 29
1677851886102 0.987311065196991 30
1677851888333 0.9847506284713745 31
1677851890158 0.9914010167121887 32
1677851891981 0.9881154894828796 33
1677851893907 0.9886366128921509 34
1677851895840 0.9922167062759399 35
1677851897842 0.9928058385848999 36
1677851899860 0.9913443326950073 37
1677851901902 0.990777850151062 38
1677851903773 0.9912537336349487 39
1677851905638 0.9894070029258728 40
1677851907452 0.9938028454780579 41
1677851909503 0.995468258857727 42
1677851911904 0.9926019310951233 43
1677851914311 0.9937574863433838 44
1677851916840 0.9953323006629944 45
1677851918991 0.9958760738372803 46
1677851921237 0.9945392608642578 47
1677851923757 0.9960800409317017 48
1677851926096 0.9964199066162109 49
1677851928096 0.9963972568511963 50
1677851929991 0.9930210709571838 51
1677851931947 0.9942106604576111 52
1677851933707 0.9956721663475037 53
1677851935768 0.9958760738372803 54
1677851937587 0.9972809553146362 55
1677851939320 0.996125340461731 56
1677851941153 0.9961820244789124 57
1677851943166 0.9977001547813416 58
1677851945611 0.9919674396514893 59
1677851947863 0.9937008619308472 60
1677851950581 0.9931230545043945 61
1677851952635 0.9959554076194763 62
1677851954575 0.9966578483581543 63
