1677772410567 0.7084678411483765 0
1677772413178 0.8063685894012451 1
1677772415263 0.8481234312057495 2
1677772417948 0.9145944714546204 3
1677772420421 0.9137123227119446 4
1677772422634 0.9166684746742249 5
1677772426222 0.9136497378349304 6
1677772428050 0.9228910207748413 7
1677772429745 0.9233876466751099 8
1677772431489 0.9304646849632263 9
1677772433190 0.9351502060890198 10
1677772434852 0.9418867230415344 11
1677772436567 0.9451158046722412 12
1677772438255 0.948418140411377 13
1677772439955 0.9526403546333313 14
1677772441699 0.955435574054718 15
1677772443465 0.9511973857879639 16
1677772445228 0.9528235793113708 17
1677772446954 0.9564669728279114 18
1677772448622 0.9571688175201416 19
1677772450303 0.9587303400039673 20
1677772451960 0.9598233699798584 21
1677772453644 0.9565994739532471 22
1677772455353 0.9611133337020874 23
1677772457033 0.9607687592506409 24
1677772458773 0.9572078585624695 25
1677772460462 0.9604910612106323 26
1677772462158 0.9612090587615967 27
1677772463837 0.9605535268783569 28
1677772465555 0.9623098969459534 29
1677772467221 0.9663065075874329 30
1677772468904 0.9619729518890381 31
1677772470601 0.9651176929473877 32
1677772472276 0.9655540585517883 33
1677772473989 0.9663612842559814 34
1677772475693 0.962848424911499 35
1677772477422 0.9632422924041748 36
1677772479082 0.9615954160690308 37
1677772480833 0.9643974304199219 38
1677772482548 0.9678868055343628 39
1677772484236 0.9700037240982056 40
1677772485939 0.9704709053039551 41
1677772487668 0.9705264568328857 42
1677772489358 0.9682501554489136 43
1677772491005 0.9720093607902527 44
1677772492701 0.9708148837089539 45
1677772494411 0.972274899482727 46
1677772496127 0.976532518863678 47
1677772497871 0.9722797274589539 48
1677772499623 0.9739041924476624 49
1677772501341 0.9742881059646606 50
1677772503032 0.9752877950668335 51
1677772504756 0.9770662188529968 52
1677772506574 0.9799349904060364 53
1677772508234 0.9789687395095825 54
1677772509921 0.9725267887115479 55
1677772511694 0.9701635241508484 56
1677772513461 0.9729379415512085 57
1677772515200 0.9718313217163086 58
1677772516912 0.9802295565605164 59
1677772518619 0.9819545149803162 60
1677772520274 0.9818655848503113 61
1677772521951 0.9833166599273682 62
1677772523681 0.984221339225769 63
