2 0.027344 0.460417 0.054688 0.129167
2 0.422266 0.473611 0.038281 0.086111
2 0.820703 0.436806 0.074219 0.193056
1 0.103516 0.472222 0.072656 0.088889
1 0.061328 0.469444 0.046094 0.088889
1 0.148828 0.470833 0.049219 0.091667
1 0.325391 0.470139 0.035156 0.093056
1 0.536719 0.463194 0.078125 0.104167
1 0.887500 0.426389 0.200000 0.255556
0 0.703906 0.427083 0.200000 0.270833
0 0.600391 0.461111 0.067969 0.122222
0 0.371094 0.450000 0.128125 0.172222
0 0.240625 0.451389 0.142188 0.183333
0 0.279297 0.452083 0.064844 0.156944
