1680883470923 0.0003309382651331836 0
1680883475189 0.00016271158615620916 1
1680883478452 0.00012612975073178915 2
1680883481725 0.0006239750830462344 3
1680883484756 0.0027890973975320094 4
1680883490134 0.0012308761823794504 5
1680883494240 0.004930711614626615 6
1680883497698 0.025484063102430888 7
1680883505913 0.022920225049603293 8
1680883508864 0.038787741077947836 9
1680883511933 0.08745998677159829 10
1680883514963 0.10414950518260206 11
1680883517552 0.19667618970649517 12
1680883520033 0.24727869643846034 13
1680883522497 0.09749227726100142 14
1680883524915 0.3013308531994699 15
1680883527434 0.28464782506487296 16
1680883529809 0.2721566444783258 17
1680883532193 0.2208694424415376 18
1680883534547 0.21548942596600637 19
1680883536900 0.26148209201833894 20
1680883539255 0.23360384058510397 21
1680883541596 0.33173938728398683 22
1680883544005 0.3628760793571011 23
1680883546457 0.26791785951348057 24
1680883548790 0.3624187923624886 25
1680883551173 0.4084385670467227 26
1680883553570 0.3922351258020933 27
1680883555907 0.4206980531964388 28
1680883558268 0.46563574722310164 29
1680883560645 0.5177682917556538 30
1680883563033 0.46889815135160573 31
1680883565425 0.4189074367332686 32
1680883567769 0.5249283511659241 33
1680883570161 0.581624544469329 34
1680883572551 0.4868871696394835 35
1680883574887 0.5238867878594576 36
1680883577203 0.5284095661830066 37
1680883579533 0.513501586693094 38
1680883581902 0.09825412808450971 39
1680883584218 0.5851103519680905 40
1680883586575 0.5727954664531548 41
1680883588876 0.5883737256924492 42
1680883591236 0.5818890606299475 43
1680883593586 0.6461544003908398 44
1680883595952 0.5744572044532209 45
1680883598299 0.5132338412854156 46
1680883600712 0.6402922846793905 47
1680883603023 0.6121865492309787 48
1680883605328 0.5468171073730029 49
1680883607641 0.41764940020999314 50
1680883609963 0.670406248262342 51
1680883612315 0.5957694359534079 52
1680883614642 0.6214329908542413 53
1680883616950 0.5016809684475919 54
1680883619348 0.5857948887173101 55
1680883621692 0.4248879896849405 56
1680883624004 0.17368813742918723 57
1680883626314 0.6356427176289127 58
1680883628623 0.6311795204283127 59
1680883630921 0.6209443353493035 60
1680883633232 0.6370095673210256 61
1680883635610 0.6542385762612691 62
1680883637928 0.6074854558183546 63
1680883640236 0.6795830350160936 64
1680883642584 0.6980374692277769 65
1680883644958 0.705088084163143 66
1680883647318 0.6098549727348802 67
1680883649645 0.7158649408259442 68
1680883651993 0.7109947407595153 69
1680883654381 0.7078267451904253 70
1680883656689 0.6932020539126061 71
1680883659009 0.7297634818107245 72
1680883661372 0.6780327497438569 73
1680883663676 0.6799992198298853 74
1680883666026 0.7058048216690324 75
1680883668328 0.6899945878717508 76
1680883670645 0.706557380695512 77
1680883673014 0.6889741134053828 78
1680883675355 0.7239639170408956 79
1680883677653 0.6704189485930865 80
1680883679968 0.7126149550513552 81
1680883682254 0.7183208861796748 82
1680883684558 0.7128917364111778 83
1680883686870 0.6859573097285468 84
1680883689202 0.7172219638917081 85
1680883691565 0.7049011649780965 86
1680883693880 0.6813991830367706 87
1680883696173 0.6490306668808467 88
1680883698497 0.5988204374460865 89
1680883700810 0.740882271063041 90
1680883703164 0.7359162760099704 91
1680883705479 0.7446334573115759 92
1680883707953 0.7295285792481305 93
1680883710261 0.7393739440991576 94
1680883712583 0.7200922745330359 95
1680883714885 0.7159433380109165 96
1680883717201 0.7014836261665538 97
1680883719533 0.7382717948139145 98
1680883721844 0.7548621889909278 99
1680883724195 0.7180202270266762 100
1680883726570 0.7539150386942911 101
1680883728891 0.7500154013512651 102
1680883731208 0.7401390260696793 103
1680883733535 0.7031686478102698 104
1680883735829 0.734863332507041 105
1680883738137 0.7531119059012163 106
1680883740447 0.7590535221943225 107
1680883742796 0.7522094176978622 108
1680883745198 0.7722173394579745 109
1680883747552 0.7588743281816295 110
1680883749862 0.7618824221507389 111
1680883752168 0.7680130731528432 112
1680883754487 0.7716066101810721 113
1680883756797 0.6923973400529092 114
1680883759157 0.7716867168024303 115
1680883761553 0.7289745116418301 116
1680883763850 0.752465538872977 117
1680883766157 0.738579957785241 118
1680883768488 0.753780617903321 119
1680883770776 0.7399667852037086 120
1680883773066 0.7505407011850401 121
1680883775364 0.7745354919211245 122
1680883777726 0.7756882262671351 123
1680883780134 0.7831787891673775 124
1680883782486 0.7783155702904511 125
1680883784788 0.7769617825331873 126
1680883787091 0.7644298148935945 127
1680883789388 0.7444460318748778 128
1680883791736 0.7539112691204033 129
1680883794022 0.7386561204264849 130
1680883796321 0.7805301532849285 131
1680883798687 0.7686394992801134 132
1680883800979 0.7861526884387323 133
1680883803334 0.7552724392499163 134
1680883805637 0.77581243021418 135
1680883807929 0.7350032385319146 136
1680883810233 0.7624991823620068 137
1680883812534 0.7898038812818452 138
1680883814957 0.7768158542821538 139
1680883817248 0.7867527184602922 140
1680883819537 0.7835053712016382 141
1680883821840 0.7668794796320251 142
1680883824159 0.7760395009994662 143
1680883826468 0.7326345970301533 144
1680883828764 0.7780250193307711 145
1680883831071 0.7882207873789532 146
1680883833373 0.7986047365821198 147
1680883835793 0.7899027659867196 148
1680883838093 0.7928527294452623 149
1680883840413 0.7820199357086669 150
1680883842703 0.7826879575062043 151
1680883844998 0.7871997983983552 152
1680883847309 0.7766900811748894 153
1680883849612 0.7860315371761445 154
1680883851924 0.7891283059853426 155
1680883854312 0.7885496308389968 156
1680883856621 0.7942775364052418 157
1680883858924 0.8096980500041426 158
1680883861286 0.8048429998337734 159
1680883863578 0.8048399847434867 160
1680883865897 0.8092336047247338 161
1680883868175 0.805415020088308 162
1680883870487 0.7976217819596015 163
1680883872868 0.7841058546027995 164
1680883875171 0.815373316614481 165
1680883877557 0.7663011935774224 166
1680883879883 0.8079075079477841 167
1680883882185 0.79621521903892 168
1680883884476 0.7800804222413351 169
1680883886780 0.8067691979117552 170
1680883889101 0.8001738596364879 171
1680883891470 0.7915649607961982 172
1680883893754 0.7991700015899058 173
1680883896035 0.8071696452104001 174
1680883898334 0.8113451841266596 175
1680883900627 0.8092872120990857 176
1680883902939 0.810187041953883 177
1680883905236 0.787194626649561 178
1680883907533 0.8125119658806511 179
1680883909909 0.8019920369267725 180
1680883912210 0.7921561412923844 181
1680883914518 0.8064386492284671 182
1680883916824 0.8109098473468196 183
1680883919113 0.8168459054437894 184
1680883921470 0.816490794485088 185
1680883923758 0.8152175062616157 186
1680883926057 0.8146689273500479 187
1680883928410 0.8197128259535806 188
1680883930741 0.8216776877244106 189
1680883933077 0.8003035505268837 190
1680883935380 0.8028106461914044 191
1680883937692 0.8138224186132575 192
1680883940033 0.7980002176310226 193
1680883942322 0.8190352294587354 194
1680883944708 0.8209162090526757 195
1680883947018 0.8158860647358269 196
1680883949333 0.8237839810761193 197
1680883951699 0.7959887444713846 198
1680883953999 0.8149432847455119 199
1680883956292 0.802466356209146 200
1680883958588 0.8228798312627292 201
1680883960886 0.8094740248402887 202
1680883963250 0.8162865195965744 203
1680883965560 0.825586834736519 204
1680883967919 0.8214949220536468 205
1680883970254 0.7866553013636622 206
1680883972558 0.8152189113199636 207
1680883974902 0.8168517402209327 208
1680883977191 0.8309924127924848 209
1680883979526 0.8081250242900557 210
1680883981914 0.8154689206041678 211
1680883984196 0.8070100378924887 212
1680883986518 0.8048486360533079 213
1680883988822 0.8205834409523421 214
1680883991139 0.8268459770283317 215
1680883993453 0.8178160843028275 216
1680883995739 0.8197519060637033 217
1680883998029 0.817841605843423 218
1680884000399 0.8267809540162387 219
1680884002688 0.8179082058495885 220
1680884004999 0.8250801223066367 221
1680884007319 0.8173055854060554 222
1680884009627 0.8224188406311249 223
1680884011922 0.8227925854011827 224
1680884014196 0.8142352061999144 225
1680884016493 0.8292302293944935 226
1680884018861 0.8244347726818093 227
1680884021181 0.8269543052211632 228
1680884023487 0.823664526210362 229
1680884025795 0.8304471104616348 230
1680884028120 0.8032646554597255 231
1680884030419 0.827654115882055 232
1680884032705 0.8209438837708264 233
1680884035009 0.8313359479058288 234
1680884037442 0.8211211964179399 235
1680884039751 0.8265748472526374 236
1680884042073 0.820682620038658 237
1680884044365 0.8377787672379907 238
1680884046701 0.8332610854343464 239
1680884048976 0.8294068231922024 240
1680884051254 0.8363761242248836 241
1680884053537 0.8340793215842291 242
1680884055960 0.8335125315821649 243
1680884058254 0.8371183093022537 244
1680884060556 0.8388678381913479 245
1680884062899 0.8303134948772106 246
1680884065194 0.8296589124296979 247
1680884067479 0.8200918449388785 248
1680884069791 0.8199638263500807 249
1680884072082 0.8374691373184953 250
1680884074459 0.8351342901997616 251
1680884076765 0.8350495157178882 252
1680884079053 0.8329511820612314 253
1680884081347 0.8304753961176358 254
1680884083645 0.834571512093253 255
1680884085923 0.8212293208103835 256
1680884088210 0.8409036874558998 257
1680884090567 0.8221629565760123 258
1680884092933 0.8384164961368413 259
1680884095206 0.827192570328798 260
1680884097508 0.8391019924539532 261
1680884099810 0.8332017177002825 262
1680884102104 0.8367516767630524 263
1680884104395 0.8294685919695285 264
1680884106682 0.831226275910196 265
1680884108969 0.8415465381558631 266
1680884111385 0.8402165416050545 267
1680884113696 0.8373723216641707 268
1680884116018 0.838786936363018 269
1680884118324 0.8339191218736989 270
1680884120646 0.8357269100864535 271
1680884122934 0.8356545103558076 272
1680884125226 0.8339841403596839 273
1680884127531 0.8402107603187204 274
1680884129886 0.8342282239626577 275
1680884132175 0.8447313458643921 276
1680884134504 0.843071723107154 277
1680884136793 0.8315929929222062 278
1680884139095 0.8432565930118298 279
1680884141404 0.8423289050473312 280
1680884143731 0.8384569782227116 281
1680884146019 0.841712435569792 282
1680884148390 0.8453636463853685 283
1680884150727 0.8440799658988466 284
1680884153019 0.8397417921280019 285
1680884155328 0.8437762573250026 286
1680884157624 0.840513601055843 287
1680884159937 0.8415783407795839 288
1680884162216 0.8414810060325552 289
1680884164565 0.8507027457141133 290
1680884166917 0.8418313468229921 291
1680884169197 0.8440391949110312 292
1680884171498 0.8418046225657753 293
1680884173789 0.8436114074398272 294
1680884176073 0.8386394945059975 295
1680884178351 0.8474161252772495 296
1680884180645 0.8498516805453701 297
1680884182991 0.8497330473990643 298
1680884185278 0.8464799089392344 299
1680884187565 0.8365081550778241 300
1680884189844 0.8424460716981482 301
1680884192160 0.8447560595663496 302
1680884194472 0.8470874935895673 303
1680884196758 0.850552693288695 304
1680884199048 0.8478223874635894 305
1680884201438 0.8477296630126294 306
1680884203751 0.8466984208493088 307
1680884206063 0.8478590151215643 308
1680884208353 0.8474961789219843 309
1680884210642 0.8501663809948591 310
1680884212944 0.8444905447564933 311
1680884215255 0.8456987597928487 312
1680884217537 0.8542203518243875 313
1680884219956 0.8535458500992578 314
1680884222283 0.8511654749036213 315
1680884224582 0.8533938750548735 316
1680884226885 0.8493192894627924 317
1680884229171 0.8434815120089002 318
1680884231473 0.8474163956186684 319
1680884233755 0.8488558933040058 320
1680884236118 0.8510544307798624 321
1680884238436 0.8443800654731021 322
1680884240748 0.8520458323501495 323
1680884243070 0.8551417280420598 324
1680884245405 0.8550059150058225 325
1680884247696 0.8486547883672545 326
1680884250006 0.8497731345445937 327
1680884252288 0.8525396897835286 328
1680884254647 0.854566424941679 329
1680884256928 0.8490435696279056 330
1680884259213 0.8461351883766565 331
1680884261489 0.8441182866292701 332
1680884263795 0.8472863244688792 333
1680884266089 0.8556322853302598 334
1680884268457 0.8527021344450919 335
1680884270744 0.849965887861002 336
1680884273134 0.8459037916963442 337
1680884275410 0.843540879369832 338
1680884277711 0.8527514150487763 339
1680884279999 0.8538108025488526 340
1680884282304 0.8524294448271359 341
1680884284599 0.8553734380111617 342
1680884286892 0.857796810004352 343
1680884289230 0.8483352019226732 344
1680884291580 0.8530568731721516 345
1680884293873 0.8530247738521073 346
1680884296170 0.8497482935117384 347
1680884298488 0.8541297368852252 348
1680884300769 0.8528022965479386 349
1680884303047 0.8563004489079727 350
1680884305345 0.8548567804270245 351
1680884307633 0.8567278051819595 352
1680884310005 0.8469205232244272 353
1680884312293 0.8556315284277628 354
1680884314602 0.8570565834504587 355
1680884316909 0.8527421052733054 356
1680884319267 0.8550635206902432 357
1680884321557 0.8491338126683949 358
1680884323893 0.8563378426457203 359
1680884326177 0.8512403658591791 360
1680884328536 0.8535516965244935 361
1680884330841 0.8582393740883753 362
1680884333188 0.8500043589817502 363
1680884335494 0.8542450560480085 364
1680884337780 0.8547137957007208 365
1680884340064 0.8573591661902191 366
1680884342374 0.8574354871825306 367
1680884344662 0.8615880742526284 368
1680884347076 0.86134172899997 369
1680884349358 0.855813782371993 370
1680884351653 0.8581454749281109 371
1680884353931 0.8594693990867341 372
1680884356209 0.8553126807073975 373
1680884358490 0.8599039505093066 374
1680884360802 0.8608341807675707 375
1680884363083 0.8576533033556913 376
1680884365462 0.8565164245580869 377
1680884367778 0.8504293120243879 378
1680884370061 0.85735620717661 379
1680884372344 0.8599695814665539 380
1680884374641 0.8599720040258353 381
1680884376922 0.8569009318471856 382
1680884379208 0.8610389398635387 383
1680884381553 0.8651451608712349 384
1680884383888 0.8635583472114682 385
1680884386216 0.8618125302034313 386
1680884388513 0.8591503902502851 387
1680884390799 0.8556747314154199 388
1680884393103 0.8549096094774815 389
1680884395394 0.864137879313598 390
1680884397679 0.8656846636495619 391
1680884400091 0.864766905772453 392
1680884402367 0.8683962090828509 393
1680884404708 0.8648361113633821 394
1680884406988 0.8649122829022039 395
1680884409268 0.8646931247951798 396
1680884411559 0.8649015013251983 397
1680884413835 0.8584837870411182 398
1680884416178 0.8620732322999393 399
1680884418541 0.8642931083285834 400
1680884420826 0.8612160137026392 401
1680884423122 0.8643806234154546 402
1680884425417 0.8617566769649413 403
1680884427705 0.8649768076397382 404
1680884430012 0.8673090804478499 405
1680884432317 0.8645633225912737 406
1680884434618 0.8665962473816436 407
1680884436974 0.8646663897651393 408
1680884439251 0.8655589458839971 409
1680884441552 0.8664880502604907 410
1680884443894 0.8655483979294035 411
1680884446172 0.8669657680103412 412
1680884448474 0.8681282508512328 413
1680884450776 0.870006413491796 414
1680884453098 0.8677726244685275 415
1680884455449 0.8654462342929475 416
1680884457735 0.864870207762677 417
1680884460049 0.8660727741329627 418
1680884462363 0.8694124894325105 419
1680884464663 0.8688129149368726 420
1680884466948 0.8709686809621667 421
1680884469287 0.8694444677790186 422
1680884471574 0.8701960690073589 423
1680884473924 0.8713030923720151 424
1680884476252 0.8718566813831968 425
1680884478589 0.8728916674487991 426
1680884480930 0.8682338707815571 427
1680884483216 0.8696166008688362 428
1680884485492 0.869256157844957 429
1680884487771 0.8693079266159619 430
1680884490059 0.8637917119347613 431
1680884492401 0.8707503549750809 432
1680884494683 0.8673333393312367 433
1680884496957 0.8676519073744972 434
1680884499255 0.870592667519431 435
1680884501534 0.8718297323514399 436
1680884503835 0.8714843032988702 437
1680884506117 0.8701790729131239 438
1680884508401 0.8697347696799135 439
1680884510748 0.8672796418890273 440
1680884513029 0.8723240096216541 441
1680884515311 0.8708140442112087 442
1680884517601 0.8695106571508769 443
1680884519885 0.8684930776732402 444
1680884522190 0.8713645400812782 445
1680884524475 0.8726203512943081 446
1680884526760 0.8740664737381628 447
1680884529156 0.8687354133705937 448
1680884531443 0.8722943297867972 449
1680884533724 0.8720533887167056 450
1680884536019 0.8736183283117224 451
1680884538305 0.8729454449024564 452
1680884540585 0.8714711228462778 453
1680884542871 0.8716637169294911 454
1680884545173 0.870077733323457 455
1680884547464 0.8719050053338168 456
1680884549812 0.870749858740306 457
1680884552092 0.8734334139378407 458
1680884554406 0.8725089108953314 459
1680884556689 0.8702541738523478 460
1680884558981 0.8694995887738903 461
1680884561292 0.8728589924736957 462
1680884563576 0.8725757460290199 463
1680884565856 0.8740230056505559 464
1680884568204 0.8704775235982517 465
1680884570492 0.8714785581472091 466
1680884572794 0.8737994858156476 467
1680884575079 0.8746602936219547 468
1680884577408 0.8752457692096343 469
1680884579743 0.8734889557720188 470
1680884582036 0.8726651763749889 471
1680884584402 0.8738641901896793 472
1680884586693 0.8754466292010866 473
1680884589015 0.8749912379283433 474
1680884591299 0.8750700299130137 475
1680884593582 0.8726549783240797 476
1680884595867 0.8743111056306742 477
1680884598154 0.872942164191624 478
1680884600501 0.8754642754366267 479
1680884602888 0.8748953414542154 480
1680884605179 0.873963204898731 481
1680884607475 0.8748365146416166 482
1680884609763 0.8742354145567196 483
1680884612042 0.8704483367794652 484
1680884614327 0.8739796383471621 485
1680884616612 0.8756281118018093 486
1680884618970 0.8758614603457003 487
1680884621385 0.8746528733287695 488
1680884623694 0.8730689129362871 489
1680884625991 0.8710581847280509 490
1680884628294 0.8743014188830968 491
1680884630591 0.8760529725053496 492
1680884632938 0.8772937964180266 493
1680884635293 0.8774331012452636 494
1680884637697 0.8773187910678982 495
1680884639984 0.8794028521449757 496
1680884642307 0.8768263402152859 497
1680884644595 0.8774371479657109 498
1680884646894 0.8770320529993293 499
1680884649177 0.8754790142674942 500
1680884651460 0.875558682868722 501
1680884653736 0.8771936700660611 502
1680884656108 0.8769424842710083 503
1680884658409 0.8776025472796909 504
1680884660684 0.8771100054919984 505
1680884662971 0.879146535583255 506
1680884665255 0.8768608459256916 507
1680884667540 0.8772083861185695 508
1680884669862 0.8775172834497461 509
1680884672208 0.8755652187651647 510
1680884674558 0.8763907311091428 511
