1680883470923 0.14476055322791367 0
1680883475189 0.1173863585169167 1
1680883478452 0.12030905077262694 2
1680883481725 0.19980287796140148 3
1680883484756 0.04415011037527594 4
1680883490134 0.018211920529801324 5
1680883494240 0.3644853540123973 6
1680883497698 0.08278145695364238 7
1680883505913 0.3340899768809747 8
1680883508864 0.36771385559829833 9
1680883511933 0.5712874597220193 10
1680883514963 0.5152755474974743 11
1680883517552 0.6352439904048733 12
1680883520033 0.7040258489996315 13
1680883522497 0.6609959977501628 14
1680883524915 0.7540509325542119 15
1680883527434 0.7407531701023035 16
1680883529809 0.7467271519680326 17
1680883532193 0.7166828630156243 18
1680883534547 0.8151350405591703 19
1680883536900 0.784390304181687 20
1680883539255 0.7882787323781985 21
1680883541596 0.799963254904486 22
1680883544005 0.7877550129566551 23
1680883546457 0.6934040604223423 24
1680883548790 0.7785892785952918 25
1680883551173 0.8206263365963428 26
1680883553570 0.7991068697717673 27
1680883555907 0.8048689137393912 28
1680883558268 0.8065088727400515 29
1680883560645 0.8429744879081826 30
1680883563033 0.8793763124536179 31
1680883565425 0.8284583404037914 32
1680883567769 0.8529643751590258 33
1680883570161 0.8903743325108291 34
1680883572551 0.8994844019061548 35
1680883574887 0.8861722806895811 36
1680883577203 0.8868182969689663 37
1680883579533 0.8584016540187579 38
1680883581902 0.26147876542816323 39
1680883584218 0.9111456766625494 40
1680883586575 0.8921108402952607 41
1680883588876 0.9160437779830005 42
1680883591236 0.8846000020203876 43
1680883593586 0.9320209409231213 44
1680883595952 0.9175816482345728 45
1680883598299 0.9261217724432248 46
1680883600712 0.9291577540762718 47
1680883603023 0.935820673413477 48
1680883605328 0.8997159262148791 49
1680883607641 0.7069024625023156 50
1680883609963 0.9178831558743864 51
1680883612315 0.9253373233858456 52
1680883614642 0.9328070310054425 53
1680883616950 0.8835417501137693 54
1680883619348 0.9246686843992978 55
1680883621692 0.6640522961315639 56
1680883624004 0.3363145772146301 57
1680883626314 0.9297994801057515 58
1680883628623 0.9371820202930886 59
1680883630921 0.9385988113897312 60
1680883633232 0.9487040672519242 61
1680883635610 0.9423299470322544 62
1680883637928 0.9424048969064978 63
1680883640236 0.9488234457019367 64
1680883642584 0.9480824603277241 65
1680883644958 0.9503508887584213 66
1680883647318 0.9379430929528745 67
1680883649645 0.9478453838824512 68
1680883651993 0.9484253128655826 69
1680883654381 0.9284325573881911 70
1680883656689 0.9460062128090446 71
1680883659009 0.9518264807705928 72
1680883661372 0.9418116639949949 73
1680883663676 0.9609496821265017 74
1680883666026 0.956909004856105 75
1680883668328 0.9459887206748326 76
1680883670645 0.9535050007139493 77
1680883673014 0.9506218787181546 78
1680883675355 0.9569980711509608 79
1680883677653 0.9498868029107054 80
1680883679968 0.9493841363001975 81
1680883682254 0.9552115460981027 82
1680883684558 0.9505384388244061 83
1680883686870 0.9426073725931515 84
1680883689202 0.9466855180866961 85
1680883691565 0.9517453262843159 86
1680883693880 0.947476878877843 87
1680883696173 0.9597167876414504 88
1680883698497 0.8937880083173493 89
1680883700810 0.9567746578428018 90
1680883703164 0.9557611162890428 91
1680883705479 0.9501908951801368 92
1680883707953 0.9545272851166681 93
1680883710261 0.9580495410795429 94
1680883712583 0.9576525807760786 95
1680883714885 0.9627459201088301 96
1680883717201 0.944837189796511 97
1680883719533 0.9522857387903866 98
1680883721844 0.9637991662910285 99
1680883724195 0.9659552578457831 100
1680883726570 0.964512327792352 101
1680883728891 0.9651488974839092 102
1680883731208 0.9600415085923766 103
1680883733535 0.9700642210752629 104
1680883735829 0.9602480899845913 105
1680883738137 0.9495590297833258 106
1680883740447 0.9506173086962176 107
1680883742796 0.9554166860742876 108
1680883745198 0.9639363015652576 109
1680883747552 0.9658616526225997 110
1680883749862 0.9546582981943068 111
1680883752168 0.9547358885545636 112
1680883754487 0.9598463183220972 113
1680883756797 0.9607614415470104 114
1680883759157 0.9623256799302246 115
1680883761553 0.9576132783472606 116
1680883763850 0.9560084562890018 117
1680883766157 0.9678301416215072 118
1680883768488 0.9728340989434012 119
1680883770776 0.9578852821820419 120
1680883773066 0.9638750363017957 121
1680883775364 0.9654089856423743 122
1680883777726 0.9644448544949294 123
1680883780134 0.9711753666682871 124
1680883782486 0.9588147379544493 125
1680883784788 0.9783087715093955 126
1680883787091 0.9664249891140569 127
1680883789388 0.9613560454904682 128
1680883791736 0.963000865459889 129
1680883794022 0.956754153863551 130
1680883796321 0.9650322829698442 131
1680883798687 0.9728671274528683 132
1680883800979 0.9701810719266909 133
1680883803334 0.9713898982655834 134
1680883805637 0.9699469290117034 135
1680883807929 0.9668429660310903 136
1680883810233 0.9723500768461039 137
1680883812534 0.9709202906482611 138
1680883814957 0.970715105556515 139
1680883817248 0.9658450454729404 140
1680883819537 0.9712267921312487 141
1680883821840 0.9662480003312336 142
1680883824159 0.9658127377123619 143
1680883826468 0.968624855527623 144
1680883828764 0.974166680370828 145
1680883831071 0.9771735859603945 146
1680883833373 0.969718716199921 147
1680883835793 0.9656816418024888 148
1680883838093 0.969813184998872 149
1680883840413 0.9658135965803186 150
1680883842703 0.9728214302308856 151
1680883844998 0.9682214267504352 152
1680883847309 0.9653278655003771 153
1680883849612 0.9743644480797783 154
1680883851924 0.9628221640546831 155
1680883854312 0.9657280506646714 156
1680883856621 0.9711640043976143 157
1680883858924 0.9781003958334743 158
1680883861286 0.9685561509713319 159
1680883863578 0.9753119824940173 160
1680883865897 0.9802666714230194 161
1680883868175 0.9752225542051841 162
1680883870487 0.9701927389551531 163
1680883872868 0.9647745265973162 164
1680883875171 0.9748974003422671 165
1680883877557 0.971909801947244 166
1680883879883 0.972109510696919 167
1680883882185 0.9710901461994568 168
1680883884476 0.9702555676753072 169
1680883886780 0.9690050568532959 170
1680883889101 0.9761830449624762 171
1680883891470 0.9748611895825778 172
1680883893754 0.9669856814668613 173
1680883896035 0.9682640645006765 174
1680883898334 0.9733642295226472 175
1680883900627 0.9774382183897802 176
1680883902939 0.9761557092365528 177
1680883905236 0.9755696431425177 178
1680883907533 0.969038714873585 179
1680883909909 0.9667811419350794 180
1680883912210 0.9691955303790564 181
1680883914518 0.9655219182437511 182
1680883916824 0.9709767494320122 183
1680883919113 0.9707027821633062 184
1680883921470 0.9625036386637817 185
1680883923758 0.9762502988956374 186
1680883926057 0.9794391661283202 187
1680883928410 0.9750625498113065 188
1680883930741 0.9741897354646555 189
1680883933077 0.9735037933308542 190
1680883935380 0.9680017568432308 191
1680883937692 0.9636489353667107 192
1680883940033 0.9675786481251171 193
1680883942322 0.9760761102811273 194
1680883944708 0.9726307214144837 195
1680883947018 0.9781008551072016 196
1680883949333 0.9745355459495997 197
1680883951699 0.9803801702147542 198
1680883953999 0.9749559131555579 199
1680883956292 0.9693428687350772 200
1680883958588 0.9754519209375104 201
1680883960886 0.9704357477820799 202
1680883963250 0.9771129325721245 203
1680883965560 0.9785874022099829 204
1680883967919 0.9798590530975066 205
1680883970254 0.9756395920339879 206
1680883972558 0.9777713679793706 207
1680883974902 0.9808747491142662 208
1680883977191 0.9761652899007226 209
1680883979526 0.9756770928581204 210
1680883981914 0.9853462031576458 211
1680883984196 0.9787088262959437 212
1680883986518 0.9802349402702265 213
1680883988822 0.9749722018058175 214
1680883991139 0.980577937004164 215
1680883993453 0.9762795083856309 216
1680883995739 0.9703802306653017 217
1680883998029 0.9766407701219401 218
1680884000399 0.9802960743100896 219
1680884002688 0.9744153951421732 220
1680884004999 0.9796652005607368 221
1680884007319 0.9801855651524458 222
1680884009627 0.977356859618555 223
1680884011922 0.9764857689749052 224
1680884014196 0.9715206548968377 225
1680884016493 0.9771303958140237 226
1680884018861 0.9781337557855729 227
1680884021181 0.9766168359472837 228
1680884023487 0.9833608654636014 229
1680884025795 0.9783191363425959 230
1680884028120 0.9627461421748499 231
1680884030419 0.9727742105522209 232
1680884032705 0.9767133790072071 233
1680884035009 0.9808671335832484 234
1680884037442 0.9778876066624579 235
1680884039751 0.9765554114565815 236
1680884042073 0.9713329155557234 237
1680884044365 0.9742517622505865 238
1680884046701 0.9776704080317602 239
1680884048976 0.9784810001296806 240
1680884051254 0.9758506862893012 241
1680884053537 0.974790104989502 242
1680884055960 0.9757668272751266 243
1680884058254 0.9847670028006478 244
1680884060556 0.9784720380394765 245
1680884062899 0.9796845094124595 246
1680884065194 0.980237341510675 247
1680884067479 0.9779871289976606 248
1680884069791 0.9777012269094915 249
1680884072082 0.9749228547595902 250
1680884074459 0.9769918448645382 251
1680884076765 0.9775184670135291 252
1680884079053 0.9799587998479969 253
1680884081347 0.9785816242321417 254
1680884083645 0.9786274370563132 255
1680884085923 0.977967974247894 256
1680884088210 0.9831282989362147 257
1680884090567 0.9737755939310487 258
1680884092933 0.9742914442065537 259
1680884095206 0.9796343245483761 260
1680884097508 0.9796245009271964 261
1680884099810 0.97902876223386 262
1680884102104 0.9791261427995698 263
1680884104395 0.981139778522586 264
1680884106682 0.9800492934229766 265
1680884108969 0.9796787471936637 266
1680884111385 0.9799864274021416 267
1680884113696 0.9790628272570193 268
1680884116018 0.9789642447368796 269
1680884118324 0.9823382578112501 270
1680884120646 0.9811375577862383 271
1680884122934 0.9813403421755197 272
1680884125226 0.9787445924709015 273
1680884127531 0.9814578780478224 274
1680884129886 0.9761287716938445 275
1680884132175 0.9837105364824348 276
1680884134504 0.9724734815133415 277
1680884136793 0.9743849523446398 278
1680884139095 0.9793807154082508 279
1680884141404 0.9851412912803897 280
1680884143731 0.9801736632524252 281
1680884146019 0.981102587453709 282
1680884148390 0.982083037403448 283
1680884150727 0.9813498202968418 284
1680884153019 0.9764526809940913 285
1680884155328 0.9835827541378107 286
1680884157624 0.9845610331073013 287
1680884159937 0.9817940191422815 288
1680884162216 0.9793921587166207 289
1680884164565 0.9780828525540719 290
1680884166917 0.9824493381808922 291
1680884169197 0.9848314151743937 292
1680884171498 0.9844282915254485 293
1680884173789 0.980402358007391 294
1680884176073 0.9816496944055553 295
1680884178351 0.9795426825148518 296
1680884180645 0.9827194966695517 297
1680884182991 0.9818719921921785 298
1680884185278 0.9817247626770298 299
1680884187565 0.9785207481678145 300
1680884189844 0.9827409262795085 301
1680884192160 0.9816902989978371 302
1680884194472 0.9834651825810449 303
1680884196758 0.9829183520183822 304
1680884199048 0.9818620190159336 305
1680884201438 0.978493507498627 306
1680884203751 0.9782872670211346 307
1680884206063 0.9766798453244054 308
1680884208353 0.9766353502996954 309
1680884210642 0.9783706405259158 310
1680884212944 0.9785114511683094 311
1680884215255 0.9798186311520073 312
1680884217537 0.980523118422072 313
1680884219956 0.9814769212208398 314
1680884222283 0.9821070916157292 315
1680884224582 0.9856045411593121 316
1680884226885 0.980540393482105 317
1680884229171 0.9758261613771224 318
1680884231473 0.9782175454101733 319
1680884233755 0.9792338619551483 320
1680884236118 0.9827574073723134 321
1680884238436 0.985647310703342 322
1680884240748 0.9830581404557687 323
1680884243070 0.9802425280090099 324
1680884245405 0.9813850114537369 325
1680884247696 0.9762373726382835 326
1680884250006 0.9849433612180865 327
1680884252288 0.9827946450874703 328
1680884254647 0.9815138088927569 329
1680884256928 0.9835175683710905 330
1680884259213 0.9839001953034662 331
1680884261489 0.9847528465573542 332
1680884263795 0.9834387907286679 333
1680884266089 0.9865696339503879 334
1680884268457 0.9783247777400484 335
1680884270744 0.9848799084914402 336
1680884273134 0.9805007293585509 337
1680884275410 0.9812543274752437 338
1680884277711 0.9896505190953957 339
1680884279999 0.9768046773913115 340
1680884282304 0.9790119425391053 341
1680884284599 0.9849923750348348 342
1680884286892 0.9768504422951793 343
1680884289230 0.980439428362306 344
1680884291580 0.9834451816127593 345
1680884293873 0.9818645874787895 346
1680884296170 0.9782657482378975 347
1680884298488 0.9819856308007883 348
1680884300769 0.9827411969825822 349
1680884303047 0.9871666735812944 350
1680884305345 0.9881981678226287 351
1680884307633 0.9841130087215936 352
1680884310005 0.981882073865702 353
1680884312293 0.9825633440011048 354
1680884314602 0.9877507654749449 355
1680884316909 0.9856572349793046 356
1680884319267 0.9819719001117501 357
1680884321557 0.9794777771923676 358
1680884323893 0.9869490351330062 359
1680884326177 0.9868370922993321 360
1680884328536 0.9839117026149075 361
1680884330841 0.9824863345890104 362
1680884333188 0.9804541668480756 363
1680884335494 0.980207263724223 364
1680884337780 0.9784228497132924 365
1680884340064 0.9794992903237604 366
1680884342374 0.9819679244532323 367
1680884344662 0.9867966815748946 368
1680884347076 0.9848036771408951 369
1680884349358 0.978045917453814 370
1680884351653 0.976374157648543 371
1680884353931 0.9828394040261927 372
1680884356209 0.9870395203046279 373
1680884358490 0.9860001716322994 374
1680884360802 0.9905988530032435 375
1680884363083 0.9855232637244212 376
1680884365462 0.987642679950218 377
1680884367778 0.9848918334216731 378
1680884370061 0.9837013534304754 379
1680884372344 0.9803511692246243 380
1680884374641 0.9836041412481101 381
1680884376922 0.9828791377365853 382
1680884379208 0.9849378868958358 383
1680884381553 0.9864996339219436 384
1680884383888 0.9767569493241314 385
1680884386216 0.9844639131515965 386
1680884388513 0.9847426333312225 387
1680884390799 0.9830628933244889 388
1680884393103 0.9774856314945524 389
1680884395394 0.9862437006312571 390
1680884397679 0.9870667711115974 391
1680884400091 0.9857835397777813 392
1680884402367 0.987054942642492 393
1680884404708 0.9815447996593676 394
1680884406988 0.9813107639544486 395
1680884409268 0.988665127814207 396
1680884411559 0.9845792567899426 397
1680884413835 0.9858051144300001 398
1680884416178 0.9816826516899401 399
1680884418541 0.9884930200862726 400
1680884420826 0.9773411253976653 401
1680884423122 0.9791470738171258 402
1680884425417 0.9788215183176753 403
1680884427705 0.978596618178582 404
1680884430012 0.9798521109594983 405
1680884432317 0.9812998960270001 406
1680884434618 0.9816669688311858 407
1680884436974 0.9811304040319925 408
1680884439251 0.9814664912327796 409
1680884441552 0.9803895612063162 410
1680884443894 0.9861178098733149 411
1680884446172 0.982740035092318 412
1680884448474 0.9803167142777512 413
1680884450776 0.9891408260104108 414
1680884453098 0.9797667745226349 415
1680884455449 0.9880035716174086 416
1680884457735 0.9846167721416935 417
1680884460049 0.98666638712194 418
1680884462363 0.9891608086208264 419
1680884464663 0.9853084769438559 420
1680884466948 0.984496747980106 421
1680884469287 0.9864483861284336 422
1680884471574 0.980925044841149 423
1680884473924 0.9857043017765158 424
1680884476252 0.9838590647791973 425
1680884478589 0.9810765523623992 426
1680884480930 0.9839378418470455 427
1680884483216 0.9853974420682586 428
1680884485492 0.9845990786012463 429
1680884487771 0.987642679950218 430
1680884490059 0.9865389271908361 431
1680884492401 0.9888104943260494 432
1680884494683 0.9901937003583813 433
1680884496957 0.9875597537984672 434
1680884499255 0.9880639132958424 435
1680884501534 0.9885377167872669 436
1680884503835 0.987840941787767 437
1680884506117 0.9894718531586658 438
1680884508401 0.9851181604973099 439
1680884510748 0.9887767656726151 440
1680884513029 0.9857358481012147 441
1680884515311 0.9884930200862726 442
1680884517601 0.9892760329467007 443
1680884519885 0.9887251551622817 444
1680884522190 0.9855060281555158 445
1680884524475 0.9848227753274629 446
1680884526760 0.9831612455989429 447
1680884529156 0.9854157881829795 448
1680884531443 0.9831380004354887 449
1680884533724 0.9864113067660663 450
1680884536019 0.9861402133992541 451
1680884538305 0.983924732846666 452
1680884540585 0.9846365564588943 453
1680884542871 0.9866837783047449 454
1680884545173 0.9866850276003807 455
1680884547464 0.9855521114724141 456
1680884549812 0.9823413202126238 457
1680884552092 0.9856760410655884 458
1680884554406 0.9873669922460095 459
1680884556689 0.9880878674414104 460
1680884558981 0.9859153429290602 461
1680884561292 0.9872602305030123 462
1680884563576 0.9873851294576883 463
1680884565856 0.9866377770863246 464
1680884568204 0.9873443117940389 465
1680884570492 0.9881570699580647 466
1680884572794 0.9847103108505572 467
1680884575079 0.9879294675867082 468
1680884577408 0.9874985540584351 469
1680884579743 0.9849514842192124 470
1680884582036 0.9840294620161613 471
1680884584402 0.9859395925837146 472
1680884586693 0.9827123118201327 473
1680884589015 0.9856072646513101 474
1680884591299 0.9843734754146433 475
1680884593582 0.9871405581175784 476
1680884595867 0.9858426902616019 477
1680884598154 0.986342032374678 478
1680884600501 0.9868211450518386 479
1680884602888 0.9851383965938002 480
1680884605179 0.9836532808823626 481
1680884607475 0.98320842037068 482
1680884609763 0.9828791377365853 483
1680884612042 0.9847963448623874 484
1680884614327 0.9844330942738653 485
1680884616612 0.9852834344099196 486
1680884618970 0.9882041428730536 487
1680884621385 0.9869733857546253 488
1680884623694 0.9836670562626649 489
1680884625991 0.9877081138378939 490
1680884628294 0.9817376253744677 491
1680884630591 0.9820287976005307 492
1680884632938 0.985928381034808 493
1680884635293 0.9860902761581049 494
1680884637697 0.9859237206827447 495
1680884639984 0.9800552352753445 496
1680884642307 0.9825594230605348 497
1680884644595 0.9835449503261037 498
1680884646894 0.9842214663857929 499
1680884649177 0.9910323703016749 500
1680884651460 0.9851522469554137 501
1680884653736 0.9853856905216745 502
1680884656108 0.9858186357203192 503
1680884658409 0.9833622464683734 504
1680884660684 0.9836249369197385 505
1680884662971 0.9836587193473575 506
1680884665255 0.9887568163563031 507
1680884667540 0.9835811757989802 508
1680884669862 0.9834958203943018 509
1680884672208 0.9843880431408293 510
1680884674558 0.9845990850919725 511
