1678094639624 0.21484152972698212 0
1678094643294 0.27861467003822327 1
1678094646784 0.3180110454559326 2
1678094650054 0.3170851171016693 3
1678094653309 0.32175925374031067 4
1678094656545 0.3356659412384033 5
1678094659831 0.35105055570602417 6
1678094663039 0.3557069003582001 7
1678094666286 0.3625979423522949 8
1678094669535 0.36863425374031067 9
1678094673175 0.3728187382221222 10
1678094676571 0.3727385997772217 11
1678094679924 0.3733440041542053 12
1678094683178 0.38569265604019165 13
1678094689875 0.38953882455825806 14
1678094695512 0.38217592239379883 15
1678094700960 0.39123040437698364 16
1678094707421 0.3962785005569458 17
1678094710842 0.3993055522441864 18
1678094714292 0.3919426500797272 19
1678094717699 0.3954594135284424 20
1678094721365 0.3920316994190216 21
1678094724767 0.3948628902435303 22
1678094728093 0.40007123351097107 23
1678094731467 0.3918002247810364 24
1678094734862 0.4046207368373871 25
1678094738092 0.4071670174598694 26
1678094741391 0.4049234390258789 27
1678094744696 0.4082888066768646 28
1678094748248 0.4098023474216461 29
1678094751526 0.4078347682952881 30
1678094754820 0.4107905924320221 31
1678094758217 0.41087964177131653 32
1678094761519 0.41125357151031494 33
1678094764862 0.40379273891448975 34
1678094768203 0.41070157289505005 35
1678094771672 0.41469907760620117 36
1678094775087 0.41306981444358826 37
1678094778413 0.41047897934913635 38
1678094781630 0.40856480598449707 39
1678094784899 0.4020655155181885 40
1678094788179 0.4112090468406677 41
1678094791790 0.4139423072338104 42
1678094795536 0.4163728654384613 43
1678094798924 0.4146723747253418 44
1678094802298 0.3844907283782959 45
1678094805568 0.39222756028175354 46
1678094808961 0.40150463581085205 47
1678094812380 0.4024038314819336 48
1678094815974 0.41022080183029175 49
1678094819289 0.41712072491645813 50
1678094823297 0.418117880821228 51
1678094826955 0.4182514250278473 52
1678094830497 0.4201478064060211 53
1678094836894 0.41143161058425903 54
1678094843072 0.4121527671813965 55
1678094849091 0.41952458024024963 56
1678094853286 0.420539528131485 57
1678094856710 0.4220530688762665 58
1678094859827 0.42219552397727966 59
1678094862982 0.41956907510757446 60
1678094866173 0.42053061723709106 61
1678094869496 0.42185720801353455 62
1678094872643 0.42297008633613586 63
