1678094639624 0.43046021461486816 0
1678094643294 0.9689574837684631 1
1678094646784 0.9504339098930359 2
1678094650054 0.9388439655303955 3
1678094653309 0.9474316239356995 4
1678094656545 0.9565064907073975 5
1678094659831 0.9523599147796631 6
1678094663039 0.9604490995407104 7
1678094666286 0.9640291929244995 8
1678094669535 0.9676772356033325 9
1678094673175 0.9750526547431946 10
1678094676571 0.9692407250404358 11
1678094679924 0.9671674370765686 12
1678094683178 0.978836715221405 13
1678094689875 0.9828699827194214 14
1678094695512 0.9801169037818909 15
1678094700960 0.9820882081985474 16
1678094707421 0.9853964447975159 17
1678094710842 0.9872204661369324 18
1678094714292 0.9840255379676819 19
1678094717699 0.9889991879463196 20
1678094721365 0.9831191897392273 21
1678094724767 0.9855663776397705 22
1678094728093 0.9896675944328308 23
1678094731467 0.9868465662002563 24
1678094734862 0.9902114272117615 25
1678094738092 0.9929531216621399 26
1678094741391 0.9911064505577087 27
1678094744696 0.9931570291519165 28
1678094748248 0.9921600818634033 29
1678094751526 0.9931796789169312 30
1678094754820 0.9936668872833252 31
1678094758217 0.992885172367096 32
1678094761519 0.9954115748405457 33
1678094764862 0.9915369749069214 34
1678094768203 0.9940974116325378 35
1678094771672 0.9953096508979797 36
1678094775087 0.9938934445381165 37
1678094778413 0.9933836460113525 38
1678094781630 0.9920694231987 39
1678094784899 0.9899395108222961 40
1678094788179 0.992737889289856 41
1678094791790 0.9955475330352783 42
1678094795536 0.9965558648109436 43
1678094798924 0.9956042170524597 44
1678094802298 0.9861894845962524 45
1678094805568 0.987209141254425 46
1678094808961 0.9884213805198669 47
1678094812380 0.9914916157722473 48
1678094815974 0.9930323958396912 49
1678094819289 0.9964765310287476 50
1678094823297 0.9969524145126343 51
1678094826955 0.9957854747772217 52
1678094830497 0.9969524145126343 53
1678094836894 0.9948791265487671 54
1678094843072 0.9934289455413818 55
1678094849091 0.996533215045929 56
1678094853286 0.9973602294921875 57
1678094856710 0.9979040622711182 58
1678094859827 0.9979947209358215 59
1678094862982 0.9972696304321289 60
1678094866173 0.996941089630127 61
1678094869496 0.9975188374519348 62
1678094872643 0.9981306791305542 63
