1679945793981 0.1986057311296463 0
1679945797828 0.11473508179187775 1
1679945801514 0.09971167892217636 2
1679945805215 0.0843864157795906 3
1679945809359 0.07258214801549911 4
1679945813444 0.06662251055240631 5
1679945817596 0.06151534616947174 6
1679945821276 0.05426579713821411 7
1679945825003 0.06117173656821251 8
1679945828470 0.05219060182571411 9
1679945832240 0.04811003804206848 10
1679945835914 0.04967755824327469 11
1679945839722 0.04599418118596077 12
1679945843319 0.041872091591358185 13
1679945846926 0.043458521366119385 14
1679945850491 0.04303080961108208 15
1679945854028 0.03858761489391327 16
1679945857685 0.03254884481430054 17
1679945861191 0.030291449278593063 18
1679945864792 0.03776611387729645 19
1679945868477 0.033422403037548065 20
1679945872167 0.029009433463215828 21
1679945875716 0.026282694190740585 22
1679945879282 0.024949708953499794 23
1679945882855 0.023838486522436142 24
1679945886525 0.022081203758716583 25
1679945890045 0.02804584428668022 26
1679945893619 0.02215506136417389 27
1679945897231 0.02199736423790455 28
1679945900846 0.026161672547459602 29
1679945904413 0.0201313104480505 30
1679945907929 0.017318814992904663 31
1679945911469 0.01693715713918209 32
1679945915082 0.015818312764167786 33
1679945918664 0.015627894550561905 34
1679945922206 0.018099412322044373 35
1679945925737 0.03255511075258255 36
1679945929206 0.02463493123650551 37
1679945932791 0.02004091441631317 38
1679945936318 0.016016587615013123 39
1679945939754 0.01571449637413025 40
1679945943405 0.017364470288157463 41
1679945947015 0.01643459126353264 42
1679945950487 0.023853059858083725 43
1679945953951 0.015886399894952774 44
1679945957482 0.01393398828804493 45
1679945961044 0.013887707144021988 46
1679945964589 0.01777902990579605 47
1679945968123 0.01285543479025364 48
1679945971745 0.013166818767786026 49
1679945975405 0.021746423095464706 50
1679945979144 0.02288084290921688 51
1679945982692 0.01586092635989189 52
1679945986312 0.013062982819974422 53
1679945989868 0.013209967873990536 54
1679945993573 0.011652199551463127 55
1679945997225 0.013430296443402767 56
1679946000844 0.014144981279969215 57
1679946004378 0.011302445083856583 58
1679946007991 0.012522976845502853 59
1679946011543 0.012903985567390919 60
1679946015485 0.012073229067027569 61
1679946019152 0.009729981422424316 62
1679946022786 0.011003058403730392 63
1679946026367 0.011066827923059464 64
1679946029850 0.012851848267018795 65
1679946033437 0.009975374676287174 66
1679946037061 0.008798245340585709 67
1679946040487 0.010037842206656933 68
1679946043942 0.008645056746900082 69
1679946047532 0.007780360523611307 70
1679946051157 0.008997523225843906 71
1679946054769 0.009054559282958508 72
1679946058285 0.008190371096134186 73
1679946061975 0.015969090163707733 74
1679946065740 0.014712700620293617 75
1679946069367 0.010427530854940414 76
1679946072854 0.009248057380318642 77
1679946076361 0.009117165580391884 78
1679946080063 0.008298510685563087 79
1679946083927 0.007198704406619072 80
1679946087463 0.007270983420312405 81
1679946091010 0.008002446964383125 82
1679946094521 0.007385303266346455 83
1679946098531 0.00712291756644845 84
1679946102151 0.0061631109565496445 85
1679946105648 0.006542482879012823 86
1679946109376 0.007587026804685593 87
1679946113070 0.00679818307980895 88
1679946116590 0.006238817702978849 89
1679946120150 0.008427370339632034 90
1679946123822 0.007625857833772898 91
1679946127643 0.0070580546744167805 92
1679946131416 0.007230078801512718 93
1679946135168 0.005578226875513792 94
1679946139180 0.0058203027583658695 95
1679946143104 0.006171917077153921 96
1679946146629 0.006917153485119343 97
1679946150202 0.005515296012163162 98
1679946153760 0.006005134433507919 99
1679946157340 0.005643141455948353 100
1679946160925 0.0172699224203825 101
1679946164530 0.01651638187468052 102
1679946168355 0.012168362736701965 103
1679946172345 0.009534583427011967 104
1679946176096 0.0069310483522713184 105
1679946179817 0.005786698777228594 106
1679946183523 0.005288728512823582 107
1679946187193 0.004921098239719868 108
1679946190868 0.0054494584910571575 109
1679946194484 0.0059418147429823875 110
1679946198118 0.006389596965163946 111
1679946201760 0.007609956432133913 112
1679946205448 0.006914531346410513 113
1679946208948 0.005463824141770601 114
1679946212716 0.00496294442564249 115
1679946216299 0.004577052779495716 116
1679946219894 0.004660570528358221 117
1679946224068 0.0043541318736970425 118
1679946229289 0.004088648594915867 119
1679946236432 0.004878994543105364 120
1679946240466 0.007303111720830202 121
1679946244200 0.006724416743963957 122
1679946247929 0.005619443021714687 123
1679946251606 0.004536784719675779 124
1679946255063 0.004336150363087654 125
1679946258464 0.003949843812733889 126
1679946262861 0.00408567301928997 127
1679946268526 0.004029081203043461 128
1679946272851 0.004466000944375992 129
1679946278336 0.0038754267152398825 130
1679946282926 0.003825597930699587 131
1679946286917 0.005473015829920769 132
1679946291816 0.005607628263533115 133
1679946297479 0.004564026370644569 134
1679946301141 0.0043432991951704025 135
1679946305978 0.004085991531610489 136
1679946311820 0.003854303387925029 137
1679946315538 0.003481511026620865 138
1679946319045 0.00392700731754303 139
1679946322435 0.004006636794656515 140
1679946325849 0.003707371884956956 141
1679946329354 0.0035612110514193773 142
1679946334656 0.0032624711748212576 143
1679946338178 0.003223060630261898 144
1679946341587 0.0033482045400887728 145
1679946345538 0.0031888019293546677 146
1679946349188 0.00309346173889935 147
1679946352730 0.0032413301523774862 148
1679946356245 0.005318726412951946 149
1679946359709 0.007698094937950373 150
1679946363381 0.008048650808632374 151
1679946366938 0.009874332696199417 152
1679946371211 0.010264034382998943 153
1679946376079 0.007443360984325409 154
1679946382581 0.0055450997315347195 155
1679946390477 0.004734422545880079 156
1679946396000 0.005102959461510181 157
1679946402226 0.005678823683410883 158
1679946406356 0.006990090943872929 159
1679946409875 0.017963863909244537 160
1679946413411 0.009702025912702084 161
1679946416926 0.008054129779338837 162
1679946420423 0.005731319542974234 163
1679946423959 0.0047529954463243484 164
1679946427354 0.004048568196594715 165
1679946430830 0.0036234285216778517 166
1679946434322 0.003391993697732687 167
1679946437813 0.0030885348096489906 168
1679946441350 0.0030210092663764954 169
1679946445423 0.003288047155365348 170
1679946451735 0.0036227325908839703 171
1679946455631 0.00410853698849678 172
1679946459233 0.004457619972527027 173
1679946462686 0.003816925222054124 174
1679946467376 0.003692362690344453 175
1679946473365 0.003252003574743867 176
1679946480419 0.004016348626464605 177
1679946487394 0.004279713146388531 178
1679946493196 0.004629853181540966 179
1679946499393 0.003534687217324972 180
1679946504935 0.003015049733221531 181
1679946508968 0.003085216274484992 182
1679946512756 0.0023906801361590624 183
1679946516463 0.002723755082115531 184
1679946520049 0.002481335774064064 185
1679946523909 0.002183702541515231 186
1679946527984 0.0025287724565714598 187
1679946531886 0.0023097528610378504 188
1679946535854 0.0025015564169734716 189
1679946540772 0.0044841100461781025 190
1679946545898 0.0048547484911978245 191
1679946549868 0.004123100079596043 192
1679946553421 0.0034540477208793163 193
1679946557457 0.0029636723920702934 194
1679946561796 0.0029299554880708456 195
1679946565290 0.0025370747316628695 196
1679946568878 0.0024800398387014866 197
1679946575063 0.0021572622936218977 198
1679946580607 0.002163482829928398 199
1679946586425 0.004611223004758358 200
1679946594036 0.004476734437048435 201
1679946600863 0.005530785769224167 202
1679946604719 0.004767457488924265 203
1679946608623 0.004868247080594301 204
1679946613084 0.003399526933208108 205
1679946618383 0.0025751274079084396 206
1679946622991 0.0025054998695850372 207
1679946626733 0.0026224057655781507 208
1679946632657 0.002572311321273446 209
1679946639246 0.002270577009767294 210
1679946645755 0.002328595845028758 211
1679946651402 0.0024697070475667715 212
1679946655866 0.0023579902481287718 213
1679946661700 0.002435468602925539 214
1679946666930 0.00231782509945333 215
1679946673539 0.002148583298549056 216
1679946679992 0.0021761993411928415 217
1679946684820 0.0021182671189308167 218
1679946690345 0.0019451287807896733 219
1679946695078 0.0018331255996599793 220
1679946701699 0.002332167001441121 221
1679946707557 0.002436866983771324 222
1679946712313 0.00266647688113153 223
1679946715829 0.003839370794594288 224
1679946720089 0.0033335143234580755 225
1679946724214 0.002182139316573739 226
1679946728282 0.002734683919698 227
1679946733745 0.0027071558870375156 228
1679946739982 0.002256915904581547 229
1679946746848 0.0021241793874651194 230
1679946751993 0.0022203365806490183 231
1679946758562 0.0020159350242465734 232
1679946763465 0.001970297656953335 233
1679946768027 0.0026857967022806406 234
1679946773439 0.0022819784935563803 235
1679946780384 0.002122180536389351 236
1679946787344 0.0020785050000995398 237
1679946792799 0.001982120331376791 238
1679946797943 0.002337278565391898 239
1679946802406 0.0020798840560019016 240
1679946809171 0.0021468980703502893 241
1679946815434 0.00192167516797781 242
1679946820777 0.001781202619895339 243
1679946826604 0.0017785726813599467 244
1679946833616 0.0020333142019808292 245
1679946839393 0.0019393456168472767 246
1679946844727 0.0019507466349750757 247
1679946849172 0.0020374013110995293 248
1679946854958 0.0027109626680612564 249
1679946859019 0.0027219895273447037 250
1679946865606 0.01252442505210638 251
1679946869133 0.01022252906113863 252
1679946872762 0.005507807247340679 253
1679946876978 0.0037203284446150064 254
1679946880923 0.0033517624251544476 255
