1679945793981 0.136799618601799 0
1679945797828 0.5282526016235352 1
1679945801514 0.6051994562149048 2
1679945805215 0.7287670373916626 3
1679945809359 0.8012028932571411 4
1679945813444 0.8278648257255554 5
1679945817596 0.8483697175979614 6
1679945821276 0.8639996647834778 7
1679945825003 0.8490740656852722 8
1679945828470 0.8736229538917542 9
1679945832240 0.8818376064300537 10
1679945835914 0.8828268647193909 11
1679945839722 0.8907486796379089 12
1679945843319 0.9006410241127014 13
1679945846926 0.8987891674041748 14
1679945850491 0.8990582227706909 15
1679945854028 0.9140233993530273 16
1679945857685 0.9297087788581848 17
1679945861191 0.9349240064620972 18
1679945864792 0.9174897074699402 19
1679945868477 0.9293051362037659 20
1679945872167 0.9388018250465393 21
1679945875716 0.944966733455658 22
1679945879282 0.9479660987854004 23
1679945882855 0.9509971737861633 24
1679945886525 0.9556030631065369 25
1679945890045 0.9417141675949097 26
1679945893619 0.9549145102500916 27
1679945897231 0.955072820186615 28
1679945900846 0.945552408695221 29
1679945904413 0.9589585065841675 30
1679945907929 0.9649097919464111 31
1679945911469 0.9662630558013916 32
1679945915082 0.9687559604644775 33
1679945918664 0.9682890176773071 34
1679945922206 0.9633982181549072 35
1679945925737 0.9339348077774048 36
1679945929206 0.9525403380393982 37
1679945932791 0.9601930975914001 38
1679945936318 0.9691199660301208 39
1679945939754 0.9688667058944702 40
1679945943405 0.9661997556686401 41
1679945947015 0.9689695835113525 42
1679945950487 0.9528568983078003 43
1679945953951 0.9688904881477356 44
1679945957482 0.9729265570640564 45
1679945961044 0.9732589721679688 46
1679945964589 0.9659227728843689 47
1679945968123 0.9758546948432922 48
1679945971745 0.975269079208374 49
1679945975405 0.9586498737335205 50
1679945979144 0.9551677703857422 51
1679945982692 0.968898355960846 52
1679945986312 0.9751266241073608 53
1679945989868 0.9745647311210632 54
1679945993573 0.9780151844024658 55
1679945997225 0.9746755361557007 56
1679946000844 0.9733301401138306 57
1679946004378 0.9787907600402832 58
1679946007991 0.9761949777603149 59
1679946011543 0.9762266278266907 60
1679946015485 0.9771921634674072 61
1679946019152 0.9818692803382874 62
1679946022786 0.9787591099739075 63
1679946026367 0.9792577028274536 64
1679946029850 0.9757755398750305 65
1679946033437 0.9814023375511169 66
1679946037061 0.9834758043289185 67
1679946040487 0.9816951751708984 68
1679946043942 0.9840218424797058 69
1679946047532 0.985715389251709 70
1679946051157 0.9831196665763855 71
1679946054769 0.9831196665763855 72
1679946058285 0.9846707582473755 73
1679946061975 0.9700063467025757 74
1679946065740 0.9724438190460205 75
1679946069367 0.9806505441665649 76
1679946072854 0.9827714562416077 77
1679946076361 0.983182966709137 78
1679946080063 0.9845837354660034 79
1679946083927 0.9867521524429321 80
1679946087463 0.986301064491272 81
1679946091010 0.9847261905670166 82
1679946094521 0.9862931370735168 83
1679946098531 0.9870449304580688 84
1679946102151 0.9887622594833374 85
1679946105648 0.9879392385482788 86
1679946109376 0.9858341217041016 87
1679946113070 0.9875514507293701 88
1679946116590 0.988477349281311 89
1679946120150 0.9841405749320984 90
1679946123822 0.9858341217041016 91
1679946127643 0.9868946075439453 92
1679946131416 0.9864118099212646 93
1679946135168 0.9897040128707886 94
1679946139180 0.989324152469635 95
1679946143104 0.9883270263671875 96
1679946146629 0.9879313111305237 97
1679946150202 0.9899652004241943 98
1679946153760 0.9887939095497131 99
1679946157340 0.989680290222168 100
1679946160925 0.9698163866996765 101
1679946164530 0.9693652987480164 102
1679946168355 0.9767647981643677 103
1679946172345 0.9819642305374146 104
1679946176096 0.9872428178787231 105
1679946179817 0.9893953800201416 106
1679946183523 0.9900680780410767 107
1679946187193 0.9910335540771484 108
1679946190868 0.9900364279747009 109
1679946194484 0.9894507527351379 110
1679946198118 0.9881212115287781 111
1679946201760 0.9859212040901184 112
1679946205448 0.9877651333808899 113
1679946208948 0.9899493455886841 114
1679946212716 0.9909860491752625 115
1679946216299 0.9917536973953247 116
1679946219894 0.9912868142127991 117
1679946224068 0.9920781850814819 118
1679946229289 0.9924976229667664 119
1679946236432 0.990970253944397 120
1679946240466 0.9868312478065491 121
1679946244200 0.9878284335136414 122
1679946247929 0.9896960854530334 123
1679946251606 0.991642951965332 124
1679946255063 0.9922047853469849 125
1679946258464 0.9928695559501648 126
1679946262861 0.9925925731658936 127
1679946268526 0.9925847053527832 128
1679946272851 0.9916824698448181 129
1679946278336 0.9929407835006714 130
1679946282926 0.9929249882698059 131
1679946286917 0.9896090626716614 132
1679946291816 0.9894112348556519 133
1679946297479 0.991722047328949 134
1679946301141 0.9918249249458313 135
1679946305978 0.9926242232322693 136
1679946311820 0.9929249882698059 137
1679946315538 0.9934473037719727 138
1679946319045 0.9928537607192993 139
1679946322435 0.993012011051178 140
1679946325849 0.9933364987373352 141
1679946329354 0.9937242865562439 142
1679946334656 0.9939300417900085 143
1679946338178 0.9940487742424011 144
1679946341587 0.993811309337616 145
1679946345538 0.9941200017929077 146
1679946349188 0.994396984577179 147
1679946352730 0.9938825368881226 148
1679946356245 0.9901155233383179 149
1679946359709 0.9854146838188171 150
1679946363381 0.9851852059364319 151
1679946366938 0.9819958806037903 152
1679946371211 0.9812598824501038 153
1679946376079 0.9860319495201111 154
1679946382581 0.98976731300354 155
1679946390477 0.991231381893158 156
1679946396000 0.9903212785720825 157
1679946402226 0.990123450756073 158
1679946406356 0.986744225025177 159
1679946409875 0.966595470905304 160
1679946413411 0.9820038080215454 161
1679946416926 0.9851614236831665 162
1679946420423 0.9895615577697754 163
1679946423959 0.991460919380188 164
1679946427354 0.9928300380706787 165
1679946430830 0.9934393763542175 166
1679946434322 0.9937796592712402 167
1679946437813 0.9944286346435547 168
1679946441350 0.9943415522575378 169
1679946445423 0.9938350915908813 170
1679946451735 0.993502676486969 171
1679946455631 0.9926005005836487 172
1679946459233 0.9917774796485901 173
1679946462686 0.9929249882698059 174
1679946467376 0.993059515953064 175
1679946473365 0.9942070245742798 176
1679946480419 0.9924659729003906 177
1679946487394 0.9924263954162598 178
1679946493196 0.9914846420288086 179
1679946499393 0.9934789538383484 180
1679946504935 0.9942307472229004 181
1679946508968 0.9944523572921753 182
1679946512756 0.9954890608787537 183
1679946516463 0.9950854778289795 184
1679946520049 0.9953624606132507 185
1679946523909 0.9958847761154175 186
1679946527984 0.9952200055122375 187
1679946531886 0.9957581758499146 188
1679946535854 0.9953703880310059 189
1679946540772 0.9918407797813416 190
1679946545898 0.9910176992416382 191
1679946549868 0.9922839403152466 192
1679946553421 0.9935106039047241 193
1679946557457 0.9944919347763062 194
1679946561796 0.9946501851081848 195
1679946565290 0.9952595829963684 196
1679946568878 0.9954969882965088 197
1679946575063 0.9959560036659241 198
1679946580607 0.9960351586341858 199
1679946586425 0.9913896918296814 200
1679946594036 0.9920940399169922 201
1679946600863 0.9896011352539062 202
1679946604719 0.9910968542098999 203
1679946608623 0.9910889267921448 204
1679946613084 0.9936688542366028 205
1679946618383 0.9952437281608582 206
1679946622991 0.995330810546875 207
1679946626733 0.9950538277626038 208
1679946632657 0.9952595829963684 209
1679946639246 0.9957106709480286 210
1679946645755 0.9955998659133911 211
1679946651402 0.9954257607460022 212
1679946655866 0.9955761432647705 213
1679946661700 0.9955444931983948 214
1679946666930 0.9955998659133911 215
1679946673539 0.9959955811500549 216
1679946679992 0.9960035085678101 217
1679946684820 0.9961538314819336 218
1679946690345 0.9962804913520813 219
1679946695078 0.996620774269104 220
1679946701699 0.9953624606132507 221
1679946707557 0.995591938495636 222
1679946712313 0.9948955178260803 223
1679946715829 0.9931307435035706 224
1679946720089 0.993858814239502 225
1679946724214 0.9959322810173035 226
1679946728282 0.9949350953102112 227
1679946733745 0.9951962828636169 228
1679946739982 0.9957423210144043 229
1679946746848 0.9960509538650513 230
1679946751993 0.9958372712135315 231
1679946758562 0.9962962865829468 232
1679946763465 0.9964229464530945 233
1679946768027 0.9950459003448486 234
1679946773439 0.9958451986312866 235
1679946780384 0.9960588812828064 236
1679946787344 0.9961142539978027 237
1679946792799 0.9962804913520813 238
1679946797943 0.995726466178894 239
1679946802406 0.9962488412857056 240
1679946809171 0.995948076248169 241
1679946815434 0.9964070916175842 242
1679946820777 0.99666827917099 243
1679946826604 0.9965970516204834 244
1679946833616 0.9960984587669373 245
1679946839393 0.9964308142662048 246
1679946844727 0.9964783191680908 247
1679946849172 0.9962171316146851 248
1679946854958 0.9952120780944824 249
1679946859019 0.9949667453765869 250
1679946865606 0.9774691462516785 251
1679946869133 0.9809828996658325 252
1679946872762 0.9892845749855042 253
1679946876978 0.9930674433708191 254
1679946880923 0.9935897588729858 255
