1680883470923 0.040521059185266495 0
1680883475189 0.03873201459646225 1
1680883478452 0.038282349705696106 2
1680883481725 0.036821670830249786 3
1680883484756 0.03536399453878403 4
1680883490134 0.03273417055606842 5
1680883494240 0.031125342473387718 6
1680883497698 0.02797096036374569 7
1680883505913 0.02497665397822857 8
1680883508864 0.023010382428765297 9
1680883511933 0.022313160821795464 10
1680883514963 0.021487494930624962 11
1680883517552 0.021235916763544083 12
1680883520033 0.02019345946609974 13
1680883522497 0.020041273906826973 14
1680883524915 0.019768884405493736 15
1680883527434 0.019710136577486992 16
1680883529809 0.02019726298749447 17
1680883532193 0.020058853551745415 18
1680883534547 0.01983053795993328 19
1680883536900 0.01933901198208332 20
1680883539255 0.019107051193714142 21
1680883541596 0.018908649682998657 22
1680883544005 0.01914350502192974 23
1680883546457 0.018496807664632797 24
1680883548790 0.018869351595640182 25
1680883551173 0.01806562952697277 26
1680883553570 0.017681945115327835 27
1680883555907 0.0173188466578722 28
1680883558268 0.016759207472205162 29
1680883560645 0.016060255467891693 30
1680883563033 0.014789466746151447 31
1680883565425 0.013719143345952034 32
1680883567769 0.013190241530537605 33
1680883570161 0.011197765357792377 34
1680883572551 0.010253923945128918 35
1680883574887 0.010363250970840454 36
1680883577203 0.009058951400220394 37
1680883579533 0.00853858795017004 38
1680883581902 0.008265345357358456 39
1680883584218 0.007858163677155972 40
1680883586575 0.008083461783826351 41
1680883588876 0.007862976752221584 42
1680883591236 0.00724833132699132 43
1680883593586 0.00686485692858696 44
1680883595952 0.0067406450398266315 45
1680883598299 0.007069409359246492 46
1680883600712 0.006916010286659002 47
1680883603023 0.006924019195139408 48
1680883605328 0.007264910265803337 49
1680883607641 0.006516982335597277 50
1680883609963 0.006550799589604139 51
1680883612315 0.006273627281188965 52
1680883614642 0.005922133568674326 53
1680883616950 0.006685679312795401 54
1680883619348 0.005751086864620447 55
1680883621692 0.0060844398103654385 56
1680883624004 0.006268402561545372 57
1680883626314 0.006455844268202782 58
1680883628623 0.005986674223095179 59
1680883630921 0.006239520851522684 60
1680883633232 0.005946720018982887 61
1680883635610 0.0062945690006017685 62
1680883637928 0.005625269375741482 63
1680883640236 0.005766083020716906 64
1680883642584 0.00564792612567544 65
1680883644958 0.005300132092088461 66
1680883647318 0.005462355446070433 67
1680883649645 0.005801526363939047 68
1680883651993 0.005188305862247944 69
1680883654381 0.005206774454563856 70
1680883656689 0.005098722409456968 71
1680883659009 0.0053100851364433765 72
1680883661372 0.005274249240756035 73
1680883663676 0.005330963991582394 74
1680883666026 0.005300100427120924 75
1680883668328 0.0051761590875685215 76
1680883670645 0.005128324031829834 77
1680883673014 0.00528296222910285 78
1680883675355 0.005525036249309778 79
1680883677653 0.005552931223064661 80
1680883679968 0.0054213204421103 81
1680883682254 0.0057905022986233234 82
1680883684558 0.00515720434486866 83
1680883686870 0.004749293439090252 84
1680883689202 0.005034735891968012 85
1680883691565 0.004907081834971905 86
1680883693880 0.005094489548355341 87
1680883696173 0.004704935010522604 88
1680883698497 0.0051383874379098415 89
1680883700810 0.005178696475923061 90
1680883703164 0.004929231479763985 91
1680883705479 0.004928038455545902 92
1680883707953 0.0051019382663071156 93
1680883710261 0.00541104469448328 94
1680883712583 0.00486223679035902 95
1680883714885 0.004567285999655724 96
1680883717201 0.004985583480447531 97
1680883719533 0.004963657818734646 98
1680883721844 0.004807909484952688 99
1680883724195 0.004943549167364836 100
1680883726570 0.004910113289952278 101
1680883728891 0.0042229462414979935 102
1680883731208 0.0045281145721673965 103
1680883733535 0.004830447491258383 104
1680883735829 0.004843827802687883 105
1680883738137 0.004594797268509865 106
1680883740447 0.004389704670757055 107
1680883742796 0.004359853453934193 108
1680883745198 0.004823184572160244 109
1680883747552 0.0045244162902235985 110
1680883749862 0.004307107999920845 111
1680883752168 0.005571671761572361 112
1680883754487 0.0046479529701173306 113
1680883756797 0.00476869335398078 114
1680883759157 0.004037785343825817 115
1680883761553 0.004717562813311815 116
1680883763850 0.004618107806891203 117
1680883766157 0.0043904948979616165 118
1680883768488 0.004593592137098312 119
1680883770776 0.004135346505790949 120
1680883773066 0.004360893741250038 121
1680883775364 0.004697514232248068 122
1680883777726 0.004367639776319265 123
1680883780134 0.004568673670291901 124
1680883782486 0.004407299216836691 125
1680883784788 0.003959823399782181 126
1680883787091 0.004377343691885471 127
1680883789388 0.004282722715288401 128
1680883791736 0.0041020531207323074 129
1680883794022 0.004504571668803692 130
1680883796321 0.004416630137711763 131
1680883798687 0.004410136956721544 132
1680883800979 0.004496294539421797 133
1680883803334 0.004203941207379103 134
1680883805637 0.0043264939449727535 135
1680883807929 0.0047068106941878796 136
1680883810233 0.0045807878486812115 137
1680883812534 0.004174494184553623 138
1680883814957 0.0039773606695234776 139
1680883817248 0.004203567747026682 140
1680883819537 0.00441916985437274 141
1680883821840 0.004364377353340387 142
1680883824159 0.004121812991797924 143
1680883826468 0.004311461467295885 144
1680883828764 0.003905194578692317 145
1680883831071 0.004179732408374548 146
1680883833373 0.003943969029933214 147
1680883835793 0.003984904382377863 148
1680883838093 0.004420050885528326 149
1680883840413 0.0037120901979506016 150
1680883842703 0.0041765132918953896 151
1680883844998 0.003994244150817394 152
1680883847309 0.004201285541057587 153
1680883849612 0.0039462679997086525 154
1680883851924 0.004028697032481432 155
1680883854312 0.003907609730958939 156
1680883856621 0.00405217707157135 157
1680883858924 0.0038420818746089935 158
1680883861286 0.0037702491972595453 159
1680883863578 0.00405466090887785 160
1680883865897 0.003986011724919081 161
1680883868175 0.004041947424411774 162
1680883870487 0.004045857582241297 163
1680883872868 0.0041109430603682995 164
1680883875171 0.0036728468257933855 165
1680883877557 0.0033976903650909662 166
1680883879883 0.003859868971630931 167
1680883882185 0.003908841870725155 168
1680883884476 0.0037289001047611237 169
1680883886780 0.003590719075873494 170
1680883889101 0.0036435003858059645 171
1680883891470 0.004039721563458443 172
1680883893754 0.004226811695843935 173
1680883896035 0.004034823272377253 174
1680883898334 0.003669235622510314 175
1680883900627 0.00374997197650373 176
1680883902939 0.004101566504687071 177
1680883905236 0.003678941633552313 178
1680883907533 0.003781263716518879 179
1680883909909 0.003865832695737481 180
1680883912210 0.0038778611924499273 181
1680883914518 0.003934256732463837 182
1680883916824 0.003351764287799597 183
1680883919113 0.003526687854900956 184
1680883921470 0.0037394403479993343 185
1680883923758 0.0035044788382947445 186
1680883926057 0.003980350214987993 187
1680883928410 0.003922507632523775 188
1680883930741 0.003877950832247734 189
1680883933077 0.003949461039155722 190
1680883935380 0.0041374028660357 191
1680883937692 0.0037504099309444427 192
1680883940033 0.003652929561212659 193
1680883942322 0.00416933698579669 194
1680883944708 0.004121894016861916 195
1680883947018 0.003876767586916685 196
1680883949333 0.003615048946812749 197
1680883951699 0.00401776609942317 198
1680883953999 0.0037001813761889935 199
1680883956292 0.0038270647637546062 200
1680883958588 0.003581584896892309 201
1680883960886 0.003380443435162306 202
1680883963250 0.0038434164598584175 203
1680883965560 0.0038706110790371895 204
1680883967919 0.004177211318165064 205
1680883970254 0.0036571836099028587 206
1680883972558 0.0035294126719236374 207
1680883974902 0.0037838451098650694 208
1680883977191 0.00355840683914721 209
1680883979526 0.003696436993777752 210
1680883981914 0.003657114924862981 211
1680883984196 0.004016177728772163 212
1680883986518 0.0037462941836565733 213
1680883988822 0.003325527301058173 214
1680883991139 0.0037599103525280952 215
1680883993453 0.003536955686286092 216
1680883995739 0.0035518647637218237 217
1680883998029 0.003428086871281266 218
1680884000399 0.0034140630159527063 219
1680884002688 0.0034075742587447166 220
1680884004999 0.0035963410045951605 221
1680884007319 0.0038072969764471054 222
1680884009627 0.0038513927720487118 223
1680884011922 0.003446166403591633 224
1680884014196 0.003633492160588503 225
1680884016493 0.0034225773997604847 226
1680884018861 0.0036449485924094915 227
1680884021181 0.003542151302099228 228
1680884023487 0.003204328240826726 229
1680884025795 0.0036144214682281017 230
1680884028120 0.0037412485107779503 231
1680884030419 0.003552385838702321 232
1680884032705 0.0034006712958216667 233
1680884035009 0.003401227295398712 234
1680884037442 0.0034914922434836626 235
1680884039751 0.003573716850951314 236
1680884042073 0.003281251061707735 237
1680884044365 0.0034063118509948254 238
1680884046701 0.003805085550993681 239
1680884048976 0.0036463935393840075 240
1680884051254 0.0033812725450843573 241
1680884053537 0.003142306813970208 242
1680884055960 0.003367079421877861 243
1680884058254 0.003443841589614749 244
1680884060556 0.0032349196262657642 245
1680884062899 0.003176449565216899 246
1680884065194 0.0031601046212017536 247
1680884067479 0.0038316133432090282 248
1680884069791 0.003498423844575882 249
1680884072082 0.0035150060430169106 250
1680884074459 0.0031400290317833424 251
1680884076765 0.0035376299638301134 252
1680884079053 0.003138098632916808 253
1680884081347 0.0032788559328764677 254
1680884083645 0.0035550903994590044 255
1680884085923 0.003424551337957382 256
1680884088210 0.003571680746972561 257
1680884090567 0.003541463753208518 258
1680884092933 0.0033018162939697504 259
1680884095206 0.0033505104947835207 260
1680884097508 0.0033282050862908363 261
1680884099810 0.00332845700904727 262
1680884102104 0.0034454725682735443 263
1680884104395 0.0033840325195342302 264
1680884106682 0.0033713418524712324 265
1680884108969 0.00355803151614964 266
1680884111385 0.0034754788503050804 267
1680884113696 0.003565771272405982 268
1680884116018 0.0032175981905311346 269
1680884118324 0.003231379669159651 270
1680884120646 0.0030223424546420574 271
1680884122934 0.0032402281649410725 272
1680884125226 0.003654928645119071 273
1680884127531 0.003660948481410742 274
1680884129886 0.003615333465859294 275
1680884132175 0.003373226383700967 276
1680884134504 0.003413912607356906 277
1680884136793 0.003251174231991172 278
1680884139095 0.003291846951469779 279
1680884141404 0.003404944436624646 280
1680884143731 0.00366851850412786 281
1680884146019 0.003164997324347496 282
1680884148390 0.003352551953867078 283
1680884150727 0.003366563469171524 284
1680884153019 0.0034519191831350327 285
1680884155328 0.0032957596704363823 286
1680884157624 0.003714408725500107 287
1680884159937 0.003346707671880722 288
1680884162216 0.003247050801292062 289
1680884164565 0.0036101106088608503 290
1680884166917 0.003290693974122405 291
1680884169197 0.0035625745076686144 292
1680884171498 0.003272977191954851 293
1680884173789 0.003362373448908329 294
1680884176073 0.0034153747837990522 295
1680884178351 0.0032882713712751865 296
1680884180645 0.0033616875298321247 297
1680884182991 0.002997661242261529 298
1680884185278 0.003170731943100691 299
1680884187565 0.003268606262281537 300
1680884189844 0.003254166804254055 301
1680884192160 0.0028968891128897667 302
1680884194472 0.0032644509337842464 303
1680884196758 0.0033028784673660994 304
1680884199048 0.0032335487194359303 305
1680884201438 0.003070512553676963 306
1680884203751 0.003005931619554758 307
1680884206063 0.00338980695232749 308
1680884208353 0.0030751037411391735 309
1680884210642 0.0032336388248950243 310
1680884212944 0.0032153252977877855 311
1680884215255 0.00313212675973773 312
1680884217537 0.0030584153719246387 313
1680884219956 0.0033842604607343674 314
1680884222283 0.0033020973205566406 315
1680884224582 0.003490001894533634 316
1680884226885 0.0028114409651607275 317
1680884229171 0.0030049884226173162 318
1680884231473 0.002994406269863248 319
1680884233755 0.0033120193984359503 320
1680884236118 0.0032447301782667637 321
1680884238436 0.003285262268036604 322
1680884240748 0.003153542522341013 323
1680884243070 0.0032626050524413586 324
1680884245405 0.003095592837780714 325
1680884247696 0.002924499334767461 326
1680884250006 0.0031908643431961536 327
1680884252288 0.003681550035253167 328
1680884254647 0.003477642545476556 329
1680884256928 0.002921374049037695 330
1680884259213 0.0032519239466637373 331
1680884261489 0.002895904006436467 332
1680884263795 0.003545670537278056 333
1680884266089 0.0031260072719305754 334
1680884268457 0.0035199185367673635 335
1680884270744 0.003233989467844367 336
1680884273134 0.002876003971323371 337
1680884275410 0.0034528449177742004 338
1680884277711 0.002899785293266177 339
1680884279999 0.0031498302705585957 340
1680884282304 0.0032291978131979704 341
1680884284599 0.002939809113740921 342
1680884286892 0.0032955361530184746 343
1680884289230 0.003173255827277899 344
1680884291580 0.0029984707944095135 345
1680884293873 0.002929294016212225 346
1680884296170 0.0030465044546872377 347
1680884298488 0.00294066802598536 348
1680884300769 0.002856374252587557 349
1680884303047 0.003317436436191201 350
1680884305345 0.0028039871249347925 351
1680884307633 0.0030067015904933214 352
1680884310005 0.0032189381308853626 353
1680884312293 0.003048009006306529 354
1680884314602 0.0031624629627913237 355
1680884316909 0.0029600905254483223 356
1680884319267 0.00286837387830019 357
1680884321557 0.00331738474778831 358
1680884323893 0.0028770649805665016 359
1680884326177 0.003158542327582836 360
1680884328536 0.0032186510507017374 361
1680884330841 0.0028931722044944763 362
1680884333188 0.003355081658810377 363
1680884335494 0.003372840117663145 364
1680884337780 0.003062759293243289 365
1680884340064 0.0029867254197597504 366
1680884342374 0.0032696907874196768 367
1680884344662 0.0031241695396602154 368
1680884347076 0.00264939502812922 369
1680884349358 0.003155686426907778 370
1680884351653 0.002915114164352417 371
1680884353931 0.002967217704281211 372
1680884356209 0.0029250129591673613 373
1680884358490 0.003125564195215702 374
1680884360802 0.002959973644465208 375
1680884363083 0.0029356207232922316 376
1680884365462 0.0028173343744128942 377
1680884367778 0.0029973103664815426 378
1680884370061 0.002688023028895259 379
1680884372344 0.002937592566013336 380
1680884374641 0.0028868659865111113 381
1680884376922 0.002938845893368125 382
1680884379208 0.0032411133870482445 383
1680884381553 0.0027154036797583103 384
1680884383888 0.0030747700948268175 385
1680884386216 0.003257346572354436 386
1680884388513 0.003040481358766556 387
1680884390799 0.0028397957794368267 388
1680884393103 0.002820489229634404 389
1680884395394 0.0030237138271331787 390
1680884397679 0.0029083089902997017 391
1680884400091 0.0030007068999111652 392
1680884402367 0.0033657087478786707 393
1680884404708 0.0030026931781321764 394
1680884406988 0.003295056987553835 395
1680884409268 0.0031384851317852736 396
1680884411559 0.0028050735127180815 397
1680884413835 0.0026856213808059692 398
1680884416178 0.002958300057798624 399
1680884418541 0.003277007257565856 400
1680884420826 0.0027972462121397257 401
1680884423122 0.003308838000521064 402
1680884425417 0.0032372598070651293 403
1680884427705 0.0027885930612683296 404
1680884430012 0.0031628357246518135 405
1680884432317 0.003123342292383313 406
1680884434618 0.0029773679561913013 407
1680884436974 0.002817196771502495 408
1680884439251 0.003212087322026491 409
1680884441552 0.0027545492630451918 410
1680884443894 0.0026781149208545685 411
1680884446172 0.0031906976364552975 412
1680884448474 0.002954469295218587 413
1680884450776 0.0029271647799760103 414
1680884453098 0.0029614996165037155 415
1680884455449 0.0032045741099864244 416
1680884457735 0.002863222500309348 417
1680884460049 0.0030085945036262274 418
1680884462363 0.0030648771207779646 419
1680884464663 0.003190236398950219 420
1680884466948 0.0028813164681196213 421
1680884469287 0.002946434309706092 422
1680884471574 0.002889566356316209 423
1680884473924 0.0028014415875077248 424
1680884476252 0.0030748869758099318 425
1680884478589 0.002907446352764964 426
1680884480930 0.0031418323051184416 427
1680884483216 0.0028452586848288774 428
1680884485492 0.0028868350200355053 429
1680884487771 0.002923073712736368 430
1680884490059 0.002823024522513151 431
1680884492401 0.0029315613210201263 432
1680884494683 0.0027416252996772528 433
1680884496957 0.0031379687134176493 434
1680884499255 0.0033222276251763105 435
1680884501534 0.003183528780937195 436
1680884503835 0.002709351945668459 437
1680884506117 0.002856700448319316 438
1680884508401 0.0027693319134414196 439
1680884510748 0.0028466731309890747 440
1680884513029 0.003028028877452016 441
1680884515311 0.0028670032043009996 442
1680884517601 0.0029780524782836437 443
1680884519885 0.0028575160540640354 444
1680884522190 0.0026158690452575684 445
1680884524475 0.002802554052323103 446
1680884526760 0.003004693891853094 447
1680884529156 0.0030178995802998543 448
1680884531443 0.003226066939532757 449
1680884533724 0.0029036279302090406 450
1680884536019 0.0029557105153799057 451
1680884538305 0.0029705571942031384 452
1680884540585 0.0030174553394317627 453
1680884542871 0.0027633793652057648 454
1680884545173 0.002672939794138074 455
1680884547464 0.0028281707782298326 456
1680884549812 0.002874879166483879 457
1680884552092 0.0025592150632292032 458
1680884554406 0.0031041253823786974 459
1680884556689 0.002700538607314229 460
1680884558981 0.0030267080292105675 461
1680884561292 0.00301716523244977 462
1680884563576 0.0026679434813559055 463
1680884565856 0.002909122034907341 464
1680884568204 0.0027319665532559156 465
1680884570492 0.0033150583039969206 466
1680884572794 0.0026169666089117527 467
1680884575079 0.002752718050032854 468
1680884577408 0.0028695682995021343 469
1680884579743 0.0026152185164391994 470
1680884582036 0.0029644372407346964 471
1680884584402 0.002720030490309 472
1680884586693 0.0026068384759128094 473
1680884589015 0.0027908608317375183 474
1680884591299 0.002865866757929325 475
1680884593582 0.002789062215015292 476
1680884595867 0.0030057376716285944 477
1680884598154 0.002894354285672307 478
1680884600501 0.002805457916110754 479
1680884602888 0.0027313295286148787 480
1680884605179 0.0029685746412724257 481
1680884607475 0.0028208771254867315 482
1680884609763 0.0025124945677816868 483
1680884612042 0.0029753725975751877 484
1680884614327 0.0026484294794499874 485
1680884616612 0.0029156773816794157 486
1680884618970 0.0025571072474122047 487
1680884621385 0.00247943215072155 488
1680884623694 0.002933632116764784 489
1680884625991 0.0025970174465328455 490
1680884628294 0.0026443421375006437 491
1680884630591 0.0028752314392477274 492
1680884632938 0.003000784432515502 493
1680884635293 0.0029327061492949724 494
1680884637697 0.002996172523126006 495
1680884639984 0.002787231933325529 496
1680884642307 0.0027583520859479904 497
1680884644595 0.0033294011373072863 498
1680884646894 0.002784885698929429 499
1680884649177 0.0027858943212777376 500
1680884651460 0.0028228696901351213 501
1680884653736 0.0027622561901807785 502
1680884656108 0.0028147955890744925 503
1680884658409 0.002671518363058567 504
1680884660684 0.0026024847757071257 505
1680884662971 0.002601149259135127 506
1680884665255 0.002705373102799058 507
1680884667540 0.0027920703869313 508
1680884669862 0.0026925886049866676 509
1680884672208 0.0029381720814853907 510
1680884674558 0.00290058390237391 511
