1680883470923 0.05439455062150955 0
1680883475189 0.06417391449213028 1
1680883478452 0.06702248752117157 2
1680883481725 0.07136653363704681 3
1680883484756 0.06649333983659744 4
1680883490134 0.06060083582997322 5
1680883494240 0.05941186472773552 6
1680883497698 0.05509243905544281 7
1680883505913 0.052479758858680725 8
1680883508864 0.052702922374010086 9
1680883511933 0.04908168688416481 10
1680883514963 0.04798856005072594 11
1680883517552 0.04666651040315628 12
1680883520033 0.04562873765826225 13
1680883522497 0.04294135048985481 14
1680883524915 0.043103884905576706 15
1680883527434 0.04304392263293266 16
1680883529809 0.040680594742298126 17
1680883532193 0.041727881878614426 18
1680883534547 0.04218018054962158 19
1680883536900 0.03937884420156479 20
1680883539255 0.040648479014635086 21
1680883541596 0.04208052530884743 22
1680883544005 0.03993598371744156 23
1680883546457 0.04074743762612343 24
1680883548790 0.04066275432705879 25
1680883551173 0.03601478040218353 26
1680883553570 0.03792634978890419 27
1680883555907 0.037343867123126984 28
1680883558268 0.03740385174751282 29
1680883560645 0.03641919791698456 30
1680883563033 0.03814665600657463 31
1680883565425 0.037956248968839645 32
1680883567769 0.035318925976753235 33
1680883570161 0.036615874618291855 34
1680883572551 0.03814137354493141 35
1680883574887 0.035080838948488235 36
1680883577203 0.03483029454946518 37
1680883579533 0.03559679165482521 38
1680883581902 0.035047635436058044 39
1680883584218 0.033604271709918976 40
1680883586575 0.032931771129369736 41
1680883588876 0.032866884022951126 42
1680883591236 0.03408230096101761 43
1680883593586 0.03452269360423088 44
1680883595952 0.031911786645650864 45
1680883598299 0.03322900831699371 46
1680883600712 0.034303732216358185 47
1680883603023 0.03347819671034813 48
1680883605328 0.034167543053627014 49
1680883607641 0.03171593323349953 50
1680883609963 0.031303390860557556 51
1680883612315 0.030935250222682953 52
1680883614642 0.032268326729536057 53
1680883616950 0.03357616439461708 54
1680883619348 0.03000418283045292 55
1680883621692 0.03242182731628418 56
1680883624004 0.030917277559638023 57
1680883626314 0.030979253351688385 58
1680883628623 0.031091267243027687 59
1680883630921 0.02986007370054722 60
1680883633232 0.030845100060105324 61
1680883635610 0.033048443496227264 62
1680883637928 0.03093336708843708 63
1680883640236 0.030755629763007164 64
1680883642584 0.03078441135585308 65
1680883644958 0.03069176897406578 66
1680883647318 0.02890576235949993 67
1680883649645 0.03007100522518158 68
1680883651993 0.03170683607459068 69
1680883654381 0.02918330393731594 70
1680883656689 0.028630729764699936 71
1680883659009 0.02939704991877079 72
1680883661372 0.030290931463241577 73
1680883663676 0.030879804864525795 74
1680883666026 0.03163941949605942 75
1680883668328 0.030837401747703552 76
1680883670645 0.029396893456578255 77
1680883673014 0.02886972576379776 78
1680883675355 0.030896080657839775 79
1680883677653 0.028879523277282715 80
1680883679968 0.029036344960331917 81
1680883682254 0.026937350630760193 82
1680883684558 0.02825307287275791 83
1680883686870 0.029729528352618217 84
1680883689202 0.027961410582065582 85
1680883691565 0.02980417013168335 86
1680883693880 0.02966897003352642 87
1680883696173 0.028686298057436943 88
1680883698497 0.030206818133592606 89
1680883700810 0.027541331946849823 90
1680883703164 0.03004361502826214 91
1680883705479 0.026233596727252007 92
1680883707953 0.028632359579205513 93
1680883710261 0.028328772634267807 94
1680883712583 0.028690101578831673 95
1680883714885 0.028271974995732307 96
1680883717201 0.02806219458580017 97
1680883719533 0.026835979893803596 98
1680883721844 0.029684629291296005 99
1680883724195 0.026735719293355942 100
1680883726570 0.027989652007818222 101
1680883728891 0.025650616735219955 102
1680883731208 0.026159700006246567 103
1680883733535 0.027550412341952324 104
1680883735829 0.028098175302147865 105
1680883738137 0.027633141726255417 106
1680883740447 0.02799179032444954 107
1680883742796 0.0296708382666111 108
1680883745198 0.028593527153134346 109
1680883747552 0.026758180931210518 110
1680883749862 0.028459398075938225 111
1680883752168 0.02721482515335083 112
1680883754487 0.027233876287937164 113
1680883756797 0.02701587602496147 114
1680883759157 0.025660917162895203 115
1680883761553 0.02830825001001358 116
1680883763850 0.026091579347848892 117
1680883766157 0.026094455271959305 118
1680883768488 0.026455393061041832 119
1680883770776 0.026723358780145645 120
1680883773066 0.026875773444771767 121
1680883775364 0.02803487330675125 122
1680883777726 0.025123905390501022 123
1680883780134 0.02887418493628502 124
1680883782486 0.028140980750322342 125
1680883784788 0.02538224682211876 126
1680883787091 0.026129649952054024 127
1680883789388 0.026143265888094902 128
1680883791736 0.026112446561455727 129
1680883794022 0.025953354313969612 130
1680883796321 0.02680255100131035 131
1680883798687 0.026852412149310112 132
1680883800979 0.027769917622208595 133
1680883803334 0.02712227776646614 134
1680883805637 0.026478802785277367 135
1680883807929 0.026632215827703476 136
1680883810233 0.02583949826657772 137
1680883812534 0.027384623885154724 138
1680883814957 0.02521469257771969 139
1680883817248 0.02522258274257183 140
1680883819537 0.026210514828562737 141
1680883821840 0.02568477764725685 142
1680883824159 0.0258580781519413 143
1680883826468 0.026997217908501625 144
1680883828764 0.026050519198179245 145
1680883831071 0.026862528175115585 146
1680883833373 0.024509558454155922 147
1680883835793 0.025341004133224487 148
1680883838093 0.02515132538974285 149
1680883840413 0.02583344653248787 150
1680883842703 0.02567460760474205 151
1680883844998 0.023339351639151573 152
1680883847309 0.026154858991503716 153
1680883849612 0.02640591748058796 154
1680883851924 0.02532469853758812 155
1680883854312 0.024364957585930824 156
1680883856621 0.02477976493537426 157
1680883858924 0.025508761405944824 158
1680883861286 0.024996744468808174 159
1680883863578 0.0259690023958683 160
1680883865897 0.02506246790289879 161
1680883868175 0.02660202980041504 162
1680883870487 0.02488463558256626 163
1680883872868 0.024352706968784332 164
1680883875171 0.024608440697193146 165
1680883877557 0.02371789701282978 166
1680883879883 0.024658402428030968 167
1680883882185 0.025500260293483734 168
1680883884476 0.0251400675624609 169
1680883886780 0.02474517934024334 170
1680883889101 0.023006049916148186 171
1680883891470 0.02351052314043045 172
1680883893754 0.024050487205386162 173
1680883896035 0.02627485990524292 174
1680883898334 0.02736554481089115 175
1680883900627 0.02380886673927307 176
1680883902939 0.025180118158459663 177
1680883905236 0.024984857067465782 178
1680883907533 0.02497834898531437 179
1680883909909 0.026930229738354683 180
1680883912210 0.024315059185028076 181
1680883914518 0.0253670085221529 182
1680883916824 0.024797359481453896 183
1680883919113 0.024839947000145912 184
1680883921470 0.025041956454515457 185
1680883923758 0.02341320924460888 186
1680883926057 0.02448909915983677 187
1680883928410 0.02630714885890484 188
1680883930741 0.025101346895098686 189
1680883933077 0.02482760325074196 190
1680883935380 0.024581223726272583 191
1680883937692 0.024059856310486794 192
1680883940033 0.024211252108216286 193
1680883942322 0.023383740335702896 194
1680883944708 0.024407632648944855 195
1680883947018 0.02598763443529606 196
1680883949333 0.023471176624298096 197
1680883951699 0.024297287687659264 198
1680883953999 0.025727316737174988 199
1680883956292 0.02467338927090168 200
1680883958588 0.020545652136206627 201
1680883960886 0.02250242605805397 202
1680883963250 0.025004595518112183 203
1680883965560 0.023700620979070663 204
1680883967919 0.025293366983532906 205
1680883970254 0.02431982383131981 206
1680883972558 0.02465420588850975 207
1680883974902 0.025028681382536888 208
1680883977191 0.025416480377316475 209
1680883979526 0.02395055443048477 210
1680883981914 0.02419990673661232 211
1680883984196 0.02327347919344902 212
1680883986518 0.023463217541575432 213
1680883988822 0.023653937503695488 214
1680883991139 0.022662052884697914 215
1680883993453 0.0241041649132967 216
1680883995739 0.022373255342245102 217
1680883998029 0.022644607350230217 218
1680884000399 0.02381325513124466 219
1680884002688 0.023508107289671898 220
1680884004999 0.024754948914051056 221
1680884007319 0.023144220933318138 222
1680884009627 0.02353781647980213 223
1680884011922 0.02340352162718773 224
1680884014196 0.02315371297299862 225
1680884016493 0.024187693372368813 226
1680884018861 0.022872287780046463 227
1680884021181 0.025528183206915855 228
1680884023487 0.02350892499089241 229
1680884025795 0.02402217499911785 230
1680884028120 0.02427271381020546 231
1680884030419 0.025014914572238922 232
1680884032705 0.022613806650042534 233
1680884035009 0.0230276957154274 234
1680884037442 0.02645954117178917 235
1680884039751 0.025194654241204262 236
1680884042073 0.022321125492453575 237
1680884044365 0.02315690740942955 238
1680884046701 0.02274428866803646 239
1680884048976 0.024055656045675278 240
1680884051254 0.022577907890081406 241
1680884053537 0.02219713106751442 242
1680884055960 0.02306964062154293 243
1680884058254 0.023706046864390373 244
1680884060556 0.02443215250968933 245
1680884062899 0.02319934405386448 246
1680884065194 0.02380727231502533 247
1680884067479 0.02242490090429783 248
1680884069791 0.022366344928741455 249
1680884072082 0.02356441505253315 250
1680884074459 0.02295183576643467 251
1680884076765 0.023544134572148323 252
1680884079053 0.02246781252324581 253
1680884081347 0.02198689430952072 254
1680884083645 0.02389989048242569 255
1680884085923 0.022309282794594765 256
1680884088210 0.023324651643633842 257
1680884090567 0.024349229410290718 258
1680884092933 0.022569285705685616 259
1680884095206 0.02333367057144642 260
1680884097508 0.0225160364061594 261
1680884099810 0.022977521643042564 262
1680884102104 0.023962678387761116 263
1680884104395 0.022153737023472786 264
1680884106682 0.02267402410507202 265
1680884108969 0.024821054190397263 266
1680884111385 0.021579956635832787 267
1680884113696 0.02350020781159401 268
1680884116018 0.023174041882157326 269
1680884118324 0.021642979234457016 270
1680884120646 0.02133098989725113 271
1680884122934 0.0236348956823349 272
1680884125226 0.024140965193510056 273
1680884127531 0.02207094430923462 274
1680884129886 0.02445296011865139 275
1680884132175 0.022966375574469566 276
1680884134504 0.023933852091431618 277
1680884136793 0.023979688063263893 278
1680884139095 0.02355196885764599 279
1680884141404 0.0231181588023901 280
1680884143731 0.021892040967941284 281
1680884146019 0.023288369178771973 282
1680884148390 0.023750877007842064 283
1680884150727 0.023175405338406563 284
1680884153019 0.02250230312347412 285
1680884155328 0.023174220696091652 286
1680884157624 0.023483728989958763 287
1680884159937 0.022000256925821304 288
1680884162216 0.02430933713912964 289
1680884164565 0.024836650118231773 290
1680884166917 0.023274974897503853 291
1680884169197 0.021326467394828796 292
1680884171498 0.022290531545877457 293
1680884173789 0.022733623161911964 294
1680884176073 0.022555258125066757 295
1680884178351 0.022725926712155342 296
1680884180645 0.021516740322113037 297
1680884182991 0.021227048709988594 298
1680884185278 0.02281835488975048 299
1680884187565 0.022116083651781082 300
1680884189844 0.021187206730246544 301
1680884192160 0.021627996116876602 302
1680884194472 0.02303914912045002 303
1680884196758 0.02276342362165451 304
1680884199048 0.02172839269042015 305
1680884201438 0.023651480674743652 306
1680884203751 0.021860504522919655 307
1680884206063 0.02068113349378109 308
1680884208353 0.021024217829108238 309
1680884210642 0.022551583126187325 310
1680884212944 0.02166847139596939 311
1680884215255 0.02249358594417572 312
1680884217537 0.022392544895410538 313
1680884219956 0.02233664132654667 314
1680884222283 0.02298652194440365 315
1680884224582 0.023163819685578346 316
1680884226885 0.021462485194206238 317
1680884229171 0.022299572825431824 318
1680884231473 0.022645289078354836 319
1680884233755 0.022198662161827087 320
1680884236118 0.02169797755777836 321
1680884238436 0.02297167479991913 322
1680884240748 0.02212623693048954 323
1680884243070 0.021333714947104454 324
1680884245405 0.022480567917227745 325
1680884247696 0.020825624465942383 326
1680884250006 0.021568836644291878 327
1680884252288 0.022360006347298622 328
1680884254647 0.021886734291911125 329
1680884256928 0.021168136969208717 330
1680884259213 0.02228684164583683 331
1680884261489 0.021456975489854813 332
1680884263795 0.021408721804618835 333
1680884266089 0.020492631942033768 334
1680884268457 0.021458568051457405 335
1680884270744 0.02202439494431019 336
1680884273134 0.0225825272500515 337
1680884275410 0.023585762828588486 338
1680884277711 0.020985113456845284 339
1680884279999 0.021187594160437584 340
1680884282304 0.02352147549390793 341
1680884284599 0.021958841010928154 342
1680884286892 0.021263813599944115 343
1680884289230 0.02115359716117382 344
1680884291580 0.02225239761173725 345
1680884293873 0.021427616477012634 346
1680884296170 0.021968118846416473 347
1680884298488 0.022374996915459633 348
1680884300769 0.02252250537276268 349
1680884303047 0.0223294235765934 350
1680884305345 0.021558890119194984 351
1680884307633 0.02132560685276985 352
1680884310005 0.02045261301100254 353
1680884312293 0.020872725173830986 354
1680884314602 0.02169562689960003 355
1680884316909 0.02084142342209816 356
1680884319267 0.020906323567032814 357
1680884321557 0.021379396319389343 358
1680884323893 0.020684268325567245 359
1680884326177 0.02220880053937435 360
1680884328536 0.021299252286553383 361
1680884330841 0.01996106281876564 362
1680884333188 0.021107982844114304 363
1680884335494 0.020008409395813942 364
1680884337780 0.020754750818014145 365
1680884340064 0.02196020819246769 366
1680884342374 0.021694092079997063 367
1680884344662 0.020192813128232956 368
1680884347076 0.02134091779589653 369
1680884349358 0.020323678851127625 370
1680884351653 0.021400921046733856 371
1680884353931 0.02123008482158184 372
1680884356209 0.02212578058242798 373
1680884358490 0.021683309227228165 374
1680884360802 0.021079029887914658 375
1680884363083 0.020210593938827515 376
1680884365462 0.021136155351996422 377
1680884367778 0.02227824367582798 378
1680884370061 0.021223049610853195 379
1680884372344 0.022280702367424965 380
1680884374641 0.02007468231022358 381
1680884376922 0.020729415118694305 382
1680884379208 0.020262114703655243 383
1680884381553 0.02155095338821411 384
1680884383888 0.021240420639514923 385
1680884386216 0.021219249814748764 386
1680884388513 0.019126038998365402 387
1680884390799 0.01977754384279251 388
1680884393103 0.021078582853078842 389
1680884395394 0.02073425054550171 390
1680884397679 0.020977206528186798 391
1680884400091 0.021442491561174393 392
1680884402367 0.021009139716625214 393
1680884404708 0.021294839680194855 394
1680884406988 0.0228427741676569 395
1680884409268 0.020967507734894753 396
1680884411559 0.019443223252892494 397
1680884413835 0.021525656804442406 398
1680884416178 0.019890934228897095 399
1680884418541 0.02005412057042122 400
1680884420826 0.02049601450562477 401
1680884423122 0.020694086328148842 402
1680884425417 0.022345706820487976 403
1680884427705 0.020858868956565857 404
1680884430012 0.02043471485376358 405
1680884432317 0.02207653410732746 406
1680884434618 0.020178215578198433 407
1680884436974 0.020878851413726807 408
1680884439251 0.02029833197593689 409
1680884441552 0.01934189349412918 410
1680884443894 0.020948275923728943 411
1680884446172 0.02035648748278618 412
1680884448474 0.021283118054270744 413
1680884450776 0.021889664232730865 414
1680884453098 0.0209568552672863 415
1680884455449 0.02127419039607048 416
1680884457735 0.02176038734614849 417
1680884460049 0.0216679610311985 418
1680884462363 0.019116414710879326 419
1680884464663 0.02049788273870945 420
1680884466948 0.021129561588168144 421
1680884469287 0.020969560369849205 422
1680884471574 0.02075454592704773 423
1680884473924 0.021513480693101883 424
1680884476252 0.01982847973704338 425
1680884478589 0.020136049017310143 426
1680884480930 0.018899181857705116 427
1680884483216 0.020366348326206207 428
1680884485492 0.0206325501203537 429
1680884487771 0.02034906856715679 430
1680884490059 0.021122993901371956 431
1680884492401 0.020325468853116035 432
1680884494683 0.020131604745984077 433
1680884496957 0.021150732412934303 434
1680884499255 0.021700041368603706 435
1680884501534 0.02102942392230034 436
1680884503835 0.021195465698838234 437
1680884506117 0.02218436263501644 438
1680884508401 0.019831201061606407 439
1680884510748 0.021917816251516342 440
1680884513029 0.02074473164975643 441
1680884515311 0.02016032114624977 442
1680884517601 0.020208094269037247 443
1680884519885 0.020063817501068115 444
1680884522190 0.01895696297287941 445
1680884524475 0.020579082891345024 446
1680884526760 0.02115764655172825 447
1680884529156 0.019756965339183807 448
1680884531443 0.02094961330294609 449
1680884533724 0.019811414182186127 450
1680884536019 0.019586961716413498 451
1680884538305 0.0205121710896492 452
1680884540585 0.021615389734506607 453
1680884542871 0.021077973768115044 454
1680884545173 0.019790368154644966 455
1680884547464 0.019878549501299858 456
1680884549812 0.018927108496427536 457
1680884552092 0.019763657823204994 458
1680884554406 0.020737459883093834 459
1680884556689 0.021090347319841385 460
1680884558981 0.02200489491224289 461
1680884561292 0.02023707889020443 462
1680884563576 0.021078016608953476 463
1680884565856 0.020444298163056374 464
1680884568204 0.020990954712033272 465
1680884570492 0.021528169512748718 466
1680884572794 0.020001405850052834 467
1680884575079 0.020987804979085922 468
1680884577408 0.020562659949064255 469
1680884579743 0.02018861658871174 470
1680884582036 0.02057855762541294 471
1680884584402 0.019387630745768547 472
1680884586693 0.01923300139605999 473
1680884589015 0.02025320567190647 474
1680884591299 0.022189855575561523 475
1680884593582 0.019850781187415123 476
1680884595867 0.019668838009238243 477
1680884598154 0.02090167999267578 478
1680884600501 0.02008013240993023 479
1680884602888 0.01999506540596485 480
1680884605179 0.020863661542534828 481
1680884607475 0.02139134146273136 482
1680884609763 0.019884832203388214 483
1680884612042 0.02111460454761982 484
1680884614327 0.019613852724432945 485
1680884616612 0.021109070628881454 486
1680884618970 0.019909115508198738 487
1680884621385 0.020518047735095024 488
1680884623694 0.02018974907696247 489
1680884625991 0.019799917936325073 490
1680884628294 0.019686564803123474 491
1680884630591 0.02120812050998211 492
1680884632938 0.02062203548848629 493
1680884635293 0.020136086270213127 494
1680884637697 0.019918035715818405 495
1680884639984 0.01970064267516136 496
1680884642307 0.019854698330163956 497
1680884644595 0.021580692380666733 498
1680884646894 0.020212991163134575 499
1680884649177 0.02030433528125286 500
1680884651460 0.021549660712480545 501
1680884653736 0.01859946735203266 502
1680884656108 0.019999371841549873 503
1680884658409 0.019655639305710793 504
1680884660684 0.019175084307789803 505
1680884662971 0.020973533391952515 506
1680884665255 0.020251957699656487 507
1680884667540 0.020455727353692055 508
1680884669862 0.018183628097176552 509
1680884672208 0.020455529913306236 510
1680884674558 0.019059807062149048 511
