0
0
0
0
0
0
0
0
0
0
0
0
0
0
0
0
0
3.3520076274871826
0
0
0
0
0
0
0
3.4016692638397217
1.1733193397521973
1.1929584741592407
1.1854649782180786
1.205680251121521
1.208875298500061
1.210220217704773
1.217134952545166
1.2095056772232056
1.219197154045105
1.2506992816925049
1.2505738735198975
1.2716479301452637
1.2853116989135742
1.306977391242981
1.3029003143310547
1.325035572052002
1.3129291534423828
1.3121494054794312
1.2640955448150635
1.2378392219543457
1.1994813680648804
1.1825482845306396
1.1342904567718506
1.1371445655822754
1.0834834575653076
1.0722591876983643
1.0512737035751343
1.028462290763855
1.015376329421997
0.998461127281189
0.961093544960022
0.9674463272094727
0.9484806656837463
0.9309187531471252
0.9219843745231628
0.3877831995487213
0.39738860726356506
0.39929521083831787
0.3962564468383789
0.3991003632545471
0.4114002287387848
0.43095821142196655
0.4398733973503113
0.44160470366477966
0.46191754937171936
0.48169559240341187
0.49276283383369446
0.48130786418914795
0.5367175340652466
0.5518668293952942
0.547752320766449
0.5770725011825562
0.6019588708877563
0.32475745677948
0.3074185252189636
0.3166930377483368
0.30615317821502686
0.33017536997795105
0.3423595428466797
0.37161099910736084
0.3891887366771698
0.44684138894081116
0.45395031571388245
0.5064393281936646
0.5473123788833618
0.6203385591506958
0.6897908449172974
0.6893352270126343
0.6961470246315002
0.6838411688804626
0.7028604745864868
0.6825361847877502
0.702101469039917
0.6853599548339844
0.6919436454772949
0.6847734451293945
0.6958386898040771
0.706289529800415
0.6871915459632874
0.6855936646461487
0.7072473764419556
0.6810564398765564
0.7106482982635498
0.6777160167694092
0.6908612251281738
0.7067369222640991
0.7095258831977844
0.7138944864273071
0.7104974985122681
0.7387956976890564
0.7180056571960449
0.7247540354728699
0.7210806012153625
0.7366085052490234
0.7482774257659912
0.7304182052612305
0.7563536167144775
0.751711905002594
0.7574105262756348
0.7681512236595154
0.7596682906150818
0.7650802731513977
0.7950952053070068
0.8008165955543518
0.7984243035316467
0.816039502620697
0.8114578127861023
0.8227908611297607
0.8458080887794495
0.8395883440971375
0.862163245677948
0.8871283531188965
0.8795443773269653
0.8875515460968018
0.914110541343689
0.9177766442298889
0.9260138869285583
0.9305789470672607
0.9632152318954468
0.9663340449333191
0.9779418706893921
1.0097211599349976
1.0150911808013916
1.0368831157684326
1.0115368366241455
1.0003706216812134
0.995809018611908
0.9682430028915405
0.9639303684234619
0.9553709626197815
0.9377196431159973
0.942026674747467
0.924633264541626
0.908268928527832
0.8943425416946411
0.9044533371925354
0.887606143951416
0.8747420310974121
0.8859389424324036
0.8568213582038879
0.8484254479408264
0.8487151265144348
0.8367213010787964
0.847769021987915
0.9161102175712585
1.8753259181976318
1.852439045906067
1.8335022926330566
1.8307716846466064
1.829318881034851
1.8207186460494995
1.8243709802627563
1.8029180765151978
1.8089929819107056
1.8060587644577026
0
0
0
0
0
0
0
0
0
0
0
0
0
0
0
0
0
0
0
0
0
0
0
0
0
0
3.442915916442871
3.2484381198883057
3.0985851287841797
2.932361125946045
2.8014984130859375
2.6853294372558594
2.6960062980651855
2.5239641666412354
2.4383232593536377
2.349844455718994
2.2587287425994873
2.1888153553009033
2.1091830730438232
2.0465829372406006
1.980608344078064
1.9343804121017456
1.8987879753112793
1.8346463441848755
1.8079015016555786
1.7526118755340576
1.7024402618408203
1.6720774173736572
1.614741563796997
1.5990606546401978
1.5674456357955933
1.543480634689331
1.4995399713516235
1.4755020141601562
1.452246904373169
1.424137830734253
1.4155288934707642
1.375493049621582
1.3684813976287842
1.3295645713806152
1.3144358396530151
1.2927296161651611
1.297279953956604
1.2671023607254028
1.2583346366882324
1.2337989807128906
1.2264317274093628
1.224373698234558
1.1900697946548462
1.1675488948822021
1.1894961595535278
1.165146827697754
1.1304858922958374
1.134398102760315
1.129085898399353
1.123769760131836
1.1308242082595825
1.1157358884811401
1.1045705080032349
1.0973390340805054
1.077812671661377
1.0816751718521118
1.0789068937301636
1.057321310043335
1.0581114292144775
1.056389570236206
1.0742818117141724
1.0299800634384155
1.0413880348205566
1.048572063446045
1.0395150184631348
1.0237386226654053
1.016758918762207
1.0385299921035767
1.0270582437515259
1.046591877937317
1.0407711267471313
1.0184482336044312
1.0261162519454956
1.0136429071426392
1.0215482711791992
1.0430200099945068
1.0334593057632446
1.0328593254089355
1.024078130722046
1.0299875736236572
1.0464051961898804
1.0306264162063599
1.04534113407135
1.0439348220825195
1.0404932498931885
1.052491307258606
1.0362827777862549
1.0551141500473022
1.0641229152679443
1.0697604417800903
1.07985520362854
1.0572540760040283
1.1047385931015015
1.0837864875793457
1.105783462524414
1.1277623176574707
1.1216331720352173
1.1374505758285522
1.133735179901123
1.1217275857925415
1.1547342538833618
1.1520464420318604
1.1865278482437134
1.194399118423462
1.3931703567504883
1.3452709913253784
1.3195332288742065
1.2868058681488037
1.2593164443969727
1.2661105394363403
1.2933191061019897
1.2911790609359741
1.3374489545822144
1.3219140768051147
1.3558781147003174
1.384940505027771
1.4022051095962524
1.4282056093215942
1.443176507949829
1.4816393852233887
1.5135414600372314
1.5529850721359253
1.5645432472229004
1.590470314025879
1.6323078870773315
1.675237774848938
1.6879416704177856
1.7451226711273193
1.808073878288269
1.8413931131362915
1.8873618841171265
1.9403358697891235
1.9982415437698364
2.083103656768799
2.1190593242645264
2.202744245529175
2.2769386768341064
2.3671233654022217
2.4206130504608154
2.572310209274292
2.643117666244507
2.762248992919922
2.8955013751983643
3.048297166824341
3.1884870529174805
3.3450987339019775
0
0
0
0
0
0
0
