3.128857374191284
3.0750505924224854
3.0517704486846924
3.040470838546753
3.07051420211792
3.128664255142212
0
0
0
0
0
0
0
0
0
0
0
2.2104454040527344
2.1544506549835205
2.148951768875122
2.1316139698028564
2.1423282623291016
2.1365573406219482
2.1894426345825195
1.1317334175109863
1.0935025215148926
1.0875641107559204
1.0923497676849365
1.0606638193130493
1.0708937644958496
1.0556086301803589
1.0485607385635376
1.062768578529358
1.0742536783218384
1.061314344406128
1.0682780742645264
1.0928384065628052
1.1023609638214111
1.1505402326583862
3.267671585083008
3.2615365982055664
3.293552875518799
3.3978044986724854
0
0
0
0
0
0
0
0
0
0
0
0
0
0
0
0
0
0
0
0
0
0
0
0
0
0
2.2678632736206055
2.2023046016693115
2.2051398754119873
2.1907613277435303
2.203991174697876
2.2077014446258545
2.2433011531829834
2.292619466781616
0
0
0
0
0
0
0
0
0
0
0
0
0
0
0
0
0
0
0
0
0
0
0
0
0
3.088175058364868
2.9721181392669678
2.9380698204040527
2.9291622638702393
2.9453163146972656
2.975053548812866
0
0
0
0
0
0
0.7894560098648071
0.7558531165122986
0.7341511845588684
0.7222208380699158
0.7077380418777466
0.698405385017395
0.693562924861908
0.6939567923545837
0.6795523762702942
0.6803438663482666
0.6561875343322754
0.6826595067977905
0.6619184613227844
0.6968526840209961
0.6804050803184509
0.6774138808250427
0.6955180764198303
0.7065001726150513
0.7151728272438049
0.711920440196991
0.7497382164001465
0.7821424007415771
0
0
0
0
0
0
0
0
0
0
0
0
0
0
0
0
0
0
0
0
0
0
0
0
0
0
0
0
0
0
0
0
0
0
0
0
0
0
1.4173290729522705
1.3872833251953125
1.3734910488128662
1.365579605102539
1.3553500175476074
1.369823932647705
1.359900951385498
1.3800616264343262
1.3763048648834229
1.3963677883148193
1.4186553955078125
1.501083493232727
0
0
0
0
0
0
0
0
0
0
0
0
0
0
0
0
0
0
0
0
0
0
0
0
0
0
0
0
0
0
0
0
0
0
0
0
0
0
0
0
0
0
0
0
0
0
0
0
0
0
0
0
0
0
0
0
0
0
0
0
0
1.196808099746704
1.1708588600158691
1.1368972063064575
1.1584810018539429
1.1234488487243652
1.1132659912109375
1.122708797454834
1.1108307838439941
1.14039146900177
1.138369083404541
1.1704447269439697
1.1411806344985962
1.1658565998077393
1.1726534366607666
0
0
0
0
0
0
0
0
0
0
0
0
0
0
0
0
0
0
0
0
0
0
0
0
0
0
0
0
0
2.3023183345794678
2.278099775314331
2.2643847465515137
2.239222764968872
2.25368070602417
2.269319772720337
2.3009393215179443
0
0
0
0
0
0
0
0
0
0
0
0
0
0
0
0
0
0
0
0
0
0
0
0
1.8647269010543823
1.7629048824310303
1.7361646890640259
1.7149842977523804
1.6988778114318848
1.6962921619415283
1.6926069259643555
1.7041757106781006
1.7382967472076416
1.7607859373092651
1.8255685567855835
0
0
0
0
0
0
0
0
2.760028839111328
2.705009937286377
2.694877862930298
2.6885809898376465
2.7095835208892822
2.6985907554626465
2.7858059406280518
0
0
0
0
0
0
0
0
0
0
0
0
3.1666345596313477
