2.236102819442749
3.2882602214813232
3.2032415866851807
3.195517063140869
3.1787431240081787
3.195922374725342
3.287752151489258
0
0
0
0
0
0
0
0
0
0
0
0
0
0
0
0
0
0
0
2.7862961292266846
2.753660202026367
2.7617440223693848
1.9530478715896606
1.8922728300094604
1.8592469692230225
1.8479689359664917
1.848164677619934
1.8331332206726074
1.855642557144165
1.8745840787887573
1.9029040336608887
1.961974024772644
3.3364579677581787
3.237386465072632
3.1820783615112305
3.19866943359375
3.2312328815460205
3.2682857513427734
0
0
0
0.7184056043624878
0.7088121175765991
0.6945916414260864
0.6704590320587158
0.6540281772613525
0.6430304050445557
0.6459030508995056
0.6328401565551758
0.6298518180847168
0.6278933882713318
0.642180860042572
0.6452734470367432
0.6263744831085205
0.6284390091896057
0.62803053855896
0.6489881277084351
0.6426271796226501
0.6577664017677307
0.6677748560905457
0.6670951247215271
0.7050405144691467
0.6807543635368347
0.7058778405189514
0
0
0
0
0
0
0
0
0
0
0
0
0
0
2.092634439468384
2.077740430831909
0
0
0
0
0
0
0
0
0
0
0
0
0
0
0
0
0
0
0
0
0
0
0
0
0
0
0.42742180824279785
0.42061203718185425
0.4133768677711487
0.38764917850494385
0.374703973531723
0.36181190609931946
0.36920636892318726
0.33937913179397583
0.36228930950164795
0.37329667806625366
0.35401245951652527
0.3514680564403534
0.35023951530456543
0.3299199938774109
0.3565022945404053
0.32359474897384644
0.3520541191101074
0.34285154938697815
0.30818602442741394
0.31810176372528076
0.33476659655570984
0.3367888331413269
0.3380946218967438
0.3316047787666321
0.33545228838920593
0.32663312554359436
0.35485485196113586
0.3397156000137329
0.36467263102531433
0.3544899523258209
0.3726797103881836
0.35302212834358215
0.3567750155925751
0.3900807499885559
0.38257402181625366
0.4074394106864929
0.417582631111145
0.43581897020339966
0
0
0
0
0
0
0
0
0
0
0
0
0
0
0
0
0
0
0
0
0
0
0
0
0
0
0
0
0
0
0
0
0
0
0
0
0
0
0
0
0
0
0
0
0
0
0
0
0
0
0
0
0
0
0
0
0
0
0
0
0
0
0
0
0
0
0
0
0
0
0
0
0
0
0
0
0
0
0
0
0
0
0
0
0
0
0
0
0
0
0
0
0
0
0
0
0
0
0
0
0
0
0
0
0
0
0
0
0
0
0
0
0
0.9894605875015259
0.9477414488792419
0.9388042092323303
0.9172326922416687
0.9257636666297913
0.9085673093795776
0.9020453095436096
0.9031187295913696
0.9052940011024475
0.9023900032043457
0.9072713255882263
0.8981267213821411
0.9107125401496887
0.9011474251747131
0.9436602592468262
0.967181921005249
0.9832581281661987
2.6869335174560547
2.705958127975464
2.688568592071533
2.7200608253479004
2.7434914112091064
0
0
0
0
0
0
0
0
0
0
0
0
0
0
0
0
0
0
0
0
0
0
2.8716819286346436
2.8422844409942627
2.808271884918213
2.8110921382904053
2.8290765285491943
2.879986524581909
0
2.062814235687256
2.0173094272613525
1.9924683570861816
1.9676870107650757
1.993121862411499
1.9999237060546875
2.0083084106445312
2.0379698276519775
2.0984811782836914
3.2917697429656982
3.2661173343658447
3.2741565704345703
3.3333261013031006
0
0
0
0
0
0
1.3872764110565186
1.3587485551834106
1.3342312574386597
1.323399543762207
1.321258544921875
1.3061281442642212
1.3107794523239136
1.3201020956039429
1.3300824165344238
1.3171807527542114
1.3471121788024902
1.3745650053024292
1.4228450059890747
0
0
0
0
0
2.19102144241333
2.166860818862915
2.154362678527832
2.1402080059051514
2.129223585128784
2.1201133728027344
2.1669211387634277
2.2049052715301514
