0
0
0
0
1.4375971555709839
1.4023350477218628
1.3665881156921387
1.3520153760910034
1.3590936660766602
1.3415582180023193
1.3476766347885132
1.3507596254348755
1.3725972175598145
1.385435700416565
1.4102119207382202
1.4649499654769897
0
0
0
0
0
0
0
0
0
0
1.4669723510742188
1.3639483451843262
1.3392767906188965
1.3290389776229858
1.313238263130188
1.2986857891082764
1.2929853200912476
1.3092093467712402
1.3230304718017578
1.3188663721084595
1.3252804279327393
1.339585781097412
1.3956506252288818
0
0
0
0
0
0
0
0
0
1.7467265129089355
1.680443286895752
1.658623456954956
1.6154063940048218
1.6429336071014404
1.638733148574829
1.6498918533325195
1.663060188293457
1.6644437313079834
1.7020103931427002
1.7735878229141235
0
0
0
0
2.09476375579834
2.047975540161133
2.0232365131378174
2.01763916015625
2.007730484008789
2.0029685497283936
2.022214412689209
2.047551155090332
0
0
0
0
2.4322938919067383
2.397447347640991
2.366563081741333
2.365476369857788
2.368093967437744
2.407257318496704
2.4454505443573
0
0
0
0
0
0
0
0
0
0
0
0
0
0
0
0
0
0
0
0
0
0
0
0
0
0
0
0
0
0
0.6326557397842407
0.6177812814712524
0.5792618989944458
0.5657275915145874
0.5839029550552368
0.5481140613555908
0.5459190607070923
0.5639201998710632
0.5540156364440918
0.5187558531761169
0.5381738543510437
0.5282888412475586
0.5368618965148926
0.546673595905304
0.5190042853355408
0.5322840809822083
0.5222778916358948
0.5426346063613892
0.5532218813896179
0.5363418459892273
0.5232652425765991
0.5577390789985657
0.5747140645980835
0.5841808319091797
0.5793354511260986
0.599442720413208
0.6222962141036987
1.037803053855896
1.0288147926330566
1.0478042364120483
1.0218091011047363
1.0466817617416382
1.036089301109314
1.0502269268035889
1.052427887916565
1.0854696035385132
1.1445881128311157
0
0
0
0
0
0
0.4455920457839966
0.42027053236961365
0.396936297416687
0.3934061825275421
0.37125229835510254
0.37888821959495544
0.3499724268913269
0.34528258442878723
0.34121260046958923
0.34650781750679016
0.3443450331687927
0.3613414168357849
0.34620583057403564
0.34141096472740173
0.32814353704452515
0.3477899134159088
0.35785263776779175
0.34235838055610657
0.3377348482608795
0.34144264459609985
0.340435653924942
0.32278209924697876
0.34896764159202576
0.3297683000564575
0.31895560026168823
0.33442965149879456
0.3287125527858734
0.35546207427978516
0.3449515402317047
0.3506143093109131
0.3602038323879242
0.34725236892700195
0.3693343698978424
0.3694610595703125
0.39633604884147644
0.4017082750797272
0.42694762349128723
0.4535861611366272
0.831547737121582
0.8056401610374451
0.7877811789512634
0.7884829640388489
0.7719500064849854
0.7858406901359558
0.7745060920715332
0.750499427318573
0.7709426879882812
0.7660513520240784
0.7599269151687622
0.7769483923912048
0.7942826747894287
0.7957660555839539
0.7934067845344543
0.8378434181213379
0.851489245891571
2.9086155891418457
0
2.518171548843384
2.480412483215332
2.4789891242980957
2.4306466579437256
2.463334321975708
2.463991403579712
2.5128908157348633
2.9305083751678467
2.891195297241211
2.8927063941955566
2.8787102699279785
2.958770513534546
0
0
0
0
0
0
0
0
0
0
0
0
0
0
0
0
0
0
0
0
0
0
0
0
0
0
0
0
0
0
0
0
0
0
2.4082088470458984
2.3767268657684326
2.3250348567962646
2.3282387256622314
2.305281162261963
2.340834617614746
2.3745806217193604
0
2.8847832679748535
2.858771562576294
2.8253228664398193
2.8187901973724365
2.8132638931274414
2.3501322269439697
2.2785141468048096
2.231423854827881
2.2408735752105713
2.21026349067688
2.225938320159912
2.268824815750122
2.3070666790008545
2.7173495292663574
2.7248001098632812
2.7521820068359375
2.768531560897827
0
0
0
0
0
0
0
0
0
0
0
0
0
0
0
0
0
0
0
0
0
0
0
0
0
0
0
0
0
0
0
3.2883737087249756
3.154303550720215
3.1282827854156494
3.1240005493164062
3.1415092945098877
3.189429759979248
0
0
0
3.4988555908203125
3.440809965133667
3.461850166320801
3.4751622676849365
0
0
0
0
0
0
0
0
0
0
0
0
0
0
0
0
0
0
0
1.764992356300354
1.7145017385482788
1.6932382583618164
1.6730600595474243
1.6759402751922607
1.6668615341186523
1.664552927017212
1.6737775802612305
1.7027513980865479
1.7362321615219116
0
0
0
0
