0
0
1.6025264263153076
1.5963770151138306
1.5650604963302612
1.5367707014083862
1.5314197540283203
1.5195674896240234
1.5272128582000732
1.5589029788970947
1.5760847330093384
1.5700886249542236
1.631575345993042
0
0
0
0
0
0
0
0
0
0.7806546688079834
0.7700884342193604
0.7435632348060608
0.7369906902313232
0.71815025806427
0.7152988910675049
0.6863816380500793
0.664779007434845
0.6566092371940613
0.6836317777633667
0.6492900252342224
0.6480667591094971
0.6286899447441101
0.619510293006897
0.614072322845459
0.6024498343467712
0.5936461687088013
0.5922743678092957
0.5981528162956238
0.5862112045288086
0.5854259133338928
0.5809839367866516
0.5786358714103699
0.5556440353393555
0.5683411955833435
0.5593728423118591
0.5598840713500977
0.5648542046546936
0.5597705245018005
0.5476669669151306
0.5264538526535034
0.5171827077865601
0.5243884921073914
0.5228996872901917
0.5371755957603455
0.5247945785522461
0.528612494468689
0.5172519683837891
0.52101731300354
0.5241636037826538
0.5217254757881165
0.4959210157394409
0.516443133354187
0.5165102481842041
0.49563348293304443
0.5196400880813599
0.5212910771369934
0.526182234287262
0.5126511454582214
0.513943076133728
0.5024044513702393
0.5100952386856079
0.5130990147590637
0.5169252157211304
0.5213308930397034
0.5097784996032715
0.5194394588470459
0.5142468810081482
0.5119996070861816
0.5124973058700562
0.5438066124916077
0.517777681350708
0.5238047242164612
0.533572256565094
0.5356208086013794
0.5276411175727844
0.5500936508178711
0.554650068283081
0.5415472388267517
0.5456317067146301
0.5568106174468994
0.5400711297988892
0.550514280796051
0.5801369547843933
0.5743579268455505
0.5691294074058533
0.5737336874008179
0.5769494771957397
0.5936095118522644
0.6001752018928528
0.6106892228126526
0.603668749332428
0.6042980551719666
0.6206944584846497
0.639047384262085
0.6431571841239929
0.6501365303993225
3.0588467121124268
3.0610201358795166
3.0955731868743896
0
0
0
0
0
0
0
0
0
0
0
3.385190486907959
3.3549606800079346
3.3477320671081543
3.3746724128723145
3.4521262645721436
0
0
0
0
0
0
0
0
0
0
0
0
0
0
0
0
0
0
0.9806036949157715
0.9433373808860779
0.9070460200309753
0.9029155373573303
0.8994023203849792
0.8826545476913452
0.8872694373130798
0.860853374004364
0.886436402797699
0.8829500675201416
0.8791457414627075
0.8857889175415039
0.8967923521995544
0.8882539868354797
0.9091240763664246
0.9289504885673523
0.9456035494804382
0.9931371808052063
0
0
0
0
0
0
0
0
0
0
0
0
0
0
0
0
0
1.4780124425888062
1.0205820798873901
1.0059330463409424
1.025107979774475
1.0245440006256104
1.0098763704299927
1.0039474964141846
1.0327731370925903
1.0193278789520264
1.0270971059799194
1.0309267044067383
1.0307894945144653
1.037896990776062
1.0439372062683105
1.0428768396377563
0
0
0
0
0
0
0
0
0
0
0
0
0
0
0
0
0
0
0
0
0
0
0
0
0
0
0
0
0
0
0
0
0
0
0
0
0
0
0
0
0
0
0
0
0
0
0
0
0
0
0
0
0
0
0
0
0
0
0
0
0
0
0
0
0
0
0
0
0
0
0
0
0
0
0
0
0
0
0
0
0
0
0
0
0
0
0
0
0
0
0
0
0
0
0
0
0
0
0
0
0
0
0
0
0
0
0
0
0
0
0
0
0
0
0
0
0
0
0
0
0
0
0
0
0
0
0
0
0
0
0
0
0
0
0
0
0
0
0
0
0
0
0
0
0
0
0
0
0
0
0
0
0
0
0
0
0
0
0
0
0
0
0
0
