1.3759998083114624
1.372722864151001
1.3935744762420654
1.373970627784729
1.3698121309280396
1.357742190361023
1.361975908279419
1.367930293083191
1.3605661392211914
1.3674674034118652
1.3902013301849365
1.3677072525024414
1.3813902139663696
1.3767989873886108
1.3893687725067139
1.3833223581314087
1.3668214082717896
1.4055367708206177
1.3970681428909302
1.3897806406021118
1.4161370992660522
1.4062811136245728
1.4242608547210693
1.4312611818313599
1.4002197980880737
1.4527299404144287
1.4636492729187012
1.4695765972137451
1.4718717336654663
1.4769046306610107
1.4835331439971924
1.4965559244155884
1.5180400609970093
1.5177284479141235
1.542618751525879
1.5665844678878784
1.5844788551330566
1.6052579879760742
1.60679030418396
1.6233196258544922
1.6501743793487549
1.6653764247894287
1.678409218788147
1.706391453742981
1.7324804067611694
1.754774808883667
1.7902110815048218
1.811855435371399
1.8243181705474854
1.8670709133148193
1.8897825479507446
1.9169872999191284
1.976680874824524
1.9872685670852661
2.0386743545532227
2.046764373779297
2.1281962394714355
2.1667346954345703
2.2063395977020264
2.2622830867767334
2.300454616546631
2.362809658050537
2.4381396770477295
2.4711802005767822
2.554940938949585
2.648162841796875
2.719182252883911
2.7953848838806152
2.8919270038604736
2.9359560012817383
3.021017551422119
1.5819027423858643
1.559319257736206
1.54293692111969
1.534702181816101
1.5186853408813477
1.5223363637924194
1.5194679498672485
1.5273635387420654
1.5424683094024658
1.566232681274414
1.6111462116241455
0
0
0
0
0
0
0
0
0
0
0
0
0
0
0
0
0
0
0
0
0
0
0
0
0
0
0
0
0
0
0
0
0
0
0
0
0
0
0
0
0
0
0
0
0
0
0
0
0
0
0
2.659170389175415
2.616260051727295
2.6012496948242188
2.610107660293579
2.624957799911499
2.6619770526885986
0
0
0
2.9833874702453613
2.9309775829315186
2.9126644134521484
2.9169278144836426
2.9484758377075195
3.001004457473755
0
0
0
0
0
0
0
0
0
0
0
0
0
0
0
0
0
0
0
0.9155012965202332
0.8651779890060425
0.8355934619903564
0.8215633630752563
0.8079481720924377
0.8250355124473572
0.8002306818962097
0.7917884588241577
0.7842298746109009
0.7910915613174438
0.7875142693519592
0.7997682690620422
0.773983895778656
0.8029897212982178
0.799850583076477
0.8135804533958435
0.8231847286224365
0.8366270065307617
0.8653413653373718
0
0
0
0
0
0
0
0
0
0
0
0
0
0
0
0
0
0
0
0
0
0
0
0
0
0
0
0
0
0
0
0
0
0
0
0
0
0
0
0
0
0
0
0
0
0
0
0
0
0
0
0
0
0
0
0
0
0
0
0
0
0
0
0
0
0
0
0
0
0
0
0
0
0
0
0
0
0
0
0
0
0
0
0
0
0
0
0
0
0
0
0
1.3140345811843872
1.2753899097442627
1.2646042108535767
1.2398358583450317
1.2378045320510864
1.2360881567001343
1.2343887090682983
1.2366265058517456
1.2540274858474731
1.2570699453353882
1.2888950109481812
1.299377202987671
1.3451043367385864
0
0
0
0
0
0
0
0
0
3.3967742919921875
3.2725141048431396
3.1338725090026855
3.0507380962371826
2.9621193408966064
2.8467743396759033
2.7674789428710938
2.6777591705322266
2.623997926712036
2.5382063388824463
2.468766450881958
2.4089646339416504
2.3391356468200684
2.305992364883423
2.262949228286743
2.181286096572876
2.159480094909668
2.114349365234375
2.0715489387512207
2.0204949378967285
1.9818639755249023
1.9549188613891602
1.9081599712371826
1.898921012878418
1.8607721328735352
1.8273389339447021
1.7977852821350098
1.7885428667068481
1.7614823579788208
1.7282342910766602
1.7115569114685059
1.6795908212661743
1.6720974445343018
1.651045322418213
1.6470391750335693
1.619996190071106
1.6218321323394775
1.601898431777954
1.5603723526000977
1.5673397779464722
1.5331318378448486
1.5319987535476685
1.5372165441513062
1.5092546939849854
1.5338423252105713
1.6159827709197998
1.4494209289550781
1.448632001876831
1.446176290512085
1.415077805519104
1.4129122495651245
1.4027005434036255
1.4178540706634521
1.4030705690383911
1.385439157485962
1.3882168531417847
1.3854494094848633
1.3820518255233765
1.3860609531402588
1.3979390859603882
