1.5235047340393066
0
0
0
0
0
0
0
0
0
0
0
0
0
0
0
0
0
0
0
0
0
0
0
0
0
0
0
0
0
0
0
0
0
0
0
0
0
0
0
0
0
0
0
0
0
0
0
0
0
0
0
0
0
0
0
2.355936288833618
2.3060965538024902
2.268901824951172
2.246103286743164
2.2711069583892822
2.273613929748535
2.3103699684143066
2.3608639240264893
0
0.5387589931488037
0.4984908699989319
0.5024750232696533
0.49397221207618713
0.4551173448562622
0.46635159850120544
0.45887601375579834
0.46022558212280273
0.45156970620155334
0.4611292779445648
0.43500664830207825
0.4625590145587921
0.4412635564804077
0.43999794125556946
0.42713192105293274
0.4347843527793884
0.4469119608402252
0.44294536113739014
0.44980910420417786
0.43435725569725037
0.4507752060890198
0.45086830854415894
0.47785988450050354
0.4528087079524994
0.4546624720096588
0.48270753026008606
0.5105841159820557
0.49439629912376404
0.5114404559135437
0.5422915816307068
0
0
0
2.5973222255706787
2.5006446838378906
2.4701738357543945
2.457127809524536
2.458883762359619
2.482973575592041
2.5036354064941406
0
0
0
0
0
0
0
0
0
0
0
0
0
0
0
0
0
0
1.950944423675537
1.9054780006408691
1.859444499015808
1.847412347793579
1.8516533374786377
1.8484865427017212
1.8472702503204346
1.8791956901550293
1.9303532838821411
0
0
0
0
0
0
0
0
0
3.001081943511963
2.8944966793060303
2.887789011001587
2.8827977180480957
2.8777477741241455
2.9262712001800537
0
0
0
0
0
1.3153831958770752
1.2842342853546143
1.2815098762512207
1.2858566045761108
1.24836003780365
1.230951189994812
1.2421324253082275
1.2549772262573242
1.248971939086914
1.2655638456344604
1.2919068336486816
1.2904558181762695
1.3671716451644897
0
0
0
0
0
0
0
0
0
0
0
0
0
0
0
2.196470022201538
2.1646535396575928
2.1360480785369873
2.1295359134674072
2.1448886394500732
2.167318105697632
2.2072184085845947
0
0
0
0
0
0
0
0
0
0
0
0
0
0
0
0
0
0
0
0
0
2.765207052230835
2.6636626720428467
2.642465591430664
2.6419878005981445
2.6668102741241455
2.6661479473114014
2.730985641479492
0
0
0
0
0
0
0
0
0
0
0
0
0
0
0
0
0
0
0
0
0
0
0
0
0
0
0
0
0.8678179383277893
0.8173902034759521
0.8050140738487244
0.7945498824119568
0.7865931391716003
0.7850887775421143
0.7719786763191223
0.7687309384346008
0.7565737962722778
0.7523054480552673
0.7620099186897278
0.7379093170166016
0.7493981719017029
0.7646080851554871
0.7970786690711975
0.7989711761474609
0.791042149066925
0.8029534220695496
0.8231779336929321
0.8515188694000244
0
0
0
0
0
0
0
3.196225643157959
3.1617202758789062
3.139042615890503
3.122812032699585
3.151801586151123
3.223599672317505
0
0
0
0
0
0
0
0
0
0
0
0
0
0
0
0
0
0
0
0
0
2.453399896621704
2.405315637588501
2.360527515411377
2.348334789276123
2.344083786010742
2.3516271114349365
2.3741295337677
2.4401793479919434
0
0
0
0
0
0
0
0
0
0
0
0
0
0
0
0
0
0
0
0
0
0
0
0
0
0
0
0
0
0
0
0
0
0
0
0
0
0
0
0
0
0
0
0
1.5497653484344482
1.504978060722351
1.4839959144592285
1.4822520017623901
1.486621618270874
1.4647990465164185
1.476324439048767
1.466097116470337
1.4922186136245728
1.5027862787246704
1.51714026927948
