0
0
0
0
0
0
0
0
0
0
0
0
0
0
0
0
0
0
0
0
0
0
0
0
0
0
0
0
0
0
0
0
0
0
0
0
0
0
0
0
0
0
0
0
0
0
0
0
0
0
0
0
0
0
0
0
0
0
0
0
0
0
2.096261978149414
2.060718536376953
2.0205307006835938
2.022003650665283
2.0037031173706055
2.0184385776519775
2.027003049850464
2.0355706214904785
2.1026461124420166
0
0
0
0
0
0
0
0
0
0
0
0
0
0
0
0
0
0
0
0
3.2168493270874023
3.150212049484253
3.1225404739379883
3.1164798736572266
3.1191399097442627
3.1801037788391113
0
0
0
0
0
0
0
1.0272209644317627
0.9970346689224243
0.9690972566604614
0.9335819482803345
0.9340478181838989
0.9433543086051941
0.9203050136566162
0.9095429182052612
0.9318904876708984
0.9221869111061096
0.9336697459220886
0.9470411539077759
0.958894670009613
0.9530631303787231
0.9729313850402832
0.9907821416854858
1.0135003328323364
0
0
2.510990619659424
2.459738254547119
2.474698305130005
2.4541165828704834
2.442577838897705
2.4728879928588867
2.532778263092041
0
0
0
0
0
0
0
0
0
0
0
0
0
0
0
0
0
0
0
0
0
0
2.3585638999938965
2.3223536014556885
2.322213649749756
2.3209307193756104
2.337209939956665
2.3612008094787598
2.421827793121338
0
0
0
0
0
0
1.3214876651763916
1.2576113939285278
1.2169593572616577
1.213679313659668
1.2010598182678223
1.1958353519439697
1.1766530275344849
1.1809866428375244
1.178685188293457
1.1955597400665283
1.2010068893432617
1.2009711265563965
1.2508387565612793
1.295021891593933
3.063375234603882
3.0927183628082275
0
0
0
0
0
0
0
0
0
0
0
0
0
2.373865842819214
2.317293405532837
2.3237879276275635
2.3043808937072754
2.328024387359619
2.3409523963928223
2.36356782913208
0
0
0
0
0
0
0
0
0
0
0
0
0
0
0
0
0
0
0
0
0
0
0
0
0
0
0
0
0
0
0
0
0
0
0
0
0
0
0
0
0
0
0
0
0
0
0
0
0
0
0
0
0
0
0
0
0.9476282596588135
0.8981340527534485
0.8876053094863892
0.8634948134422302
0.8640835285186768
0.8478503227233887
0.8406208753585815
0.8360344767570496
0.8370001316070557
0.8454332947731018
0.8447112441062927
0.8396427631378174
0.85024094581604
0.8464969992637634
0.8669939637184143
0.8646103143692017
0.9059242606163025
0.9084884524345398
0
0
0
0
0
0
0
0
0
0
0
0
0
3.09576678276062
3.0406882762908936
3.023125410079956
3.030905246734619
3.0516114234924316
3.1064934730529785
0
0
0
0
0
0
0
0
0
0
0
0
0
0
0
0
0
0
0
0
0
0
0
0
0
0
0
0
0
0
0
0
0
0
0
0
0
0
0
0
0
0
0
0
0
0
0
0
0
0
3.3622422218322754
3.28531813621521
3.2674739360809326
3.262791395187378
3.2685797214508057
3.3248467445373535
0
0
0
0
0
0
0
0
0
0
