2.6869876384735107
2.753858804702759
0
0
0
0
0
0
0
0
0
0
0
0
0
0
1.50058114528656
1.428804874420166
1.4266302585601807
1.4017415046691895
1.3855363130569458
1.360581398010254
1.362360954284668
1.3692270517349243
1.387822151184082
1.3988680839538574
1.4096475839614868
1.445165753364563
1.4996534585952759
2.661604404449463
2.658595085144043
2.648655891418457
2.657372236251831
2.692873477935791
2.7633399963378906
0
0
0
0
0
0
0
0
0
0
0
0
0
0
0
0
0
0
0
0
0
0
0
1.3084877729415894
1.3151288032531738
1.3149259090423584
1.320321798324585
1.323387861251831
1.3359709978103638
1.3313719034194946
1.3426299095153809
1.3473299741744995
1.3545020818710327
1.376214623451233
1.3916248083114624
1.3897966146469116
1.413013219833374
1.3937758207321167
1.4292395114898682
1.3693948984146118
1.3271150588989258
1.3041236400604248
1.261370062828064
1.2378531694412231
1.179731011390686
1.1676501035690308
0.4708194136619568
0.44678986072540283
0.4617619216442108
0.46696966886520386
0.4801379442214966
0.4975656270980835
0.42475420236587524
0.42177706956863403
0.4059913754463196
0.43646684288978577
0.4440065026283264
0.44355645775794983
0.4408019781112671
0.4604124426841736
0.4711548686027527
0.4896179735660553
0.5012978315353394
0.5063897967338562
0.5234971642494202
0.5334008932113647
0.5431711673736572
0.5731455683708191
0.5831913352012634
0.6050284504890442
0.6231180429458618
0.6493847966194153
0.6211324334144592
0.6809491515159607
0.7030121684074402
0.7508869171142578
0.7532421946525574
0.7289321422576904
0.7258991599082947
0.7283975481987
0.7303515076637268
0.7020837068557739
0.7135528326034546
0.7230367660522461
0.7045256495475769
0.7125495076179504
0.7176627516746521
0.7026326060295105
0.6972188949584961
0.6840677857398987
0.6872475743293762
0.6954184174537659
0.6886422038078308
0.6869030594825745
0.7043558955192566
0.6802179217338562
0.6901453733444214
0.6825997233390808
0.6680794954299927
0.6838677525520325
0.6920205950737
0.671528697013855
0.6941508054733276
0.6809772849082947
0.7011743187904358
0.6915005445480347
0.6849949955940247
0.6700801849365234
0.6923099160194397
0.6881564855575562
0.6884587407112122
0.7000683546066284
0.6951830387115479
0.6943560838699341
0.6957786083221436
0.7147418856620789
0.7148146033287048
0.7265740633010864
0.6931677460670471
0.7302902936935425
0.7405094504356384
0.7489627003669739
0.7435727119445801
0.7409247159957886
0.7583204507827759
0.7716057896614075
0.7673045992851257
0.7599358558654785
0.7807572484016418
0.8027730584144592
0.7923519015312195
0.7920329570770264
0.8066477179527283
0.8164474368095398
0.8271436095237732
0.8319294452667236
0.8575305342674255
0.8665509223937988
0.8568910360336304
0.8939875364303589
0.8996697664260864
0.8674402832984924
0.8527849316596985
0.8543768525123596
0.8052912950515747
0.7976689338684082
0.7760842442512512
0.7895312905311584
0.7613102197647095
0.7623180150985718
0.7535625100135803
0.7174220085144043
0.7285150289535522
0.7017616629600525
0.7289751172065735
0.7020676136016846
0.6798871755599976
0.6737432479858398
0.6698665618896484
0.6878241300582886
0.6536462306976318
0.6563040614128113
0.6446122527122498
0.6474155783653259
0.7219903469085693
0.7138786315917969
0.7106359601020813
1.6846187114715576
1.6638166904449463
1.6308789253234863
1.6271213293075562
1.6225039958953857
1.631413459777832
1.6086369752883911
1.601024866104126
1.6021404266357422
1.5835407972335815
1.5790096521377563
1.588041067123413
1.5859146118164062
0
0
0
2.401632785797119
2.3435187339782715
2.3098340034484863
2.295574188232422
2.3092634677886963
2.302976608276367
2.334649085998535
2.420008897781372
0
0
0
0
0
0
0
2.42853045463562
2.3627374172210693
2.3248238563537598
2.320610761642456
2.32094669342041
2.3431925773620605
2.3740878105163574
2.4486021995544434
0
1.3368053436279297
1.2998921871185303
1.2841616868972778
1.2541710138320923
1.2661912441253662
1.2483783960342407
1.254455804824829
1.2535772323608398
1.2406282424926758
1.2522547245025635
1.285069227218628
1.2813595533370972
1.3479604721069336
0
0
0
0
0
0
0
3.067734956741333
3.032189130783081
3.0292420387268066
3.023789405822754
3.067378520965576
3.12803316116333
0
3.4261600971221924
0
0
0
0
0
0
0
0
3.5
3.4557669162750244
3.4101145267486572
3.3560736179351807
2.912400484085083
2.858325481414795
2.914924144744873
2.1390931606292725
2.1073575019836426
2.069566011428833
2.0333633422851562
2.0602753162384033
2.0429980754852295
2.0829105377197266
2.0835423469543457
2.1670749187469482
3.0137076377868652
2.9965388774871826
2.9596569538116455
2.9492576122283936
2.932175397872925
0.49321800470352173
0.444716215133667
0.450625479221344
0.4360298812389374
0.43234017491340637
0.43456903100013733
0.43104520440101624
0.4129467010498047
0.42946097254753113
0.39543455839157104
0.41447147727012634
0.3944646120071411
0.3809778094291687
0.39592501521110535
0.3985483944416046
0.3935951292514801
0.3955690562725067
0.40356436371803284
0.38536208868026733
0.3844849467277527
0.39466315507888794
0.3913390636444092
0.3973156213760376
0.405146986246109
0.3949086666107178
0.40017637610435486
0.4267759621143341
0.43409931659698486
0.4410473704338074
0.42640724778175354
0.4494890570640564
0.4622378349304199
0.45841309428215027
0.502453088760376
2.0253796577453613
2.0156660079956055
2.0355405807495117
2.046680212020874
2.0797152519226074
2.142483949661255
3.1034913063049316
3.1004891395568848
3.1415534019470215
3.171966314315796
3.142306327819824
3.0573744773864746
2.935960531234741
2.8674912452697754
0
0
0
0
0
0
0
2.7180235385894775
2.6787960529327393
2.6506502628326416
2.643639087677002
2.6399781703948975
2.687286615371704
