0
0
0
0
0
0
0
0
0
0
0
3.4584200382232666
3.391023874282837
3.3779959678649902
3.382270097732544
3.4105823040008545
0
0
0
0
0
0
0
0
0
0
0
0
0
0
1.0346412658691406
0.990584671497345
0.9768131375312805
0.956453263759613
0.9391846656799316
0.9459701180458069
0.9504425525665283
0.936732292175293
0.9391326904296875
0.9502245187759399
0.9544098377227783
0.9459354281425476
0.9558958411216736
0.9588165879249573
0.9744141101837158
0.9935717582702637
1.0310306549072266
0
0
0
0
0
0
0
0
2.719907760620117
2.653402805328369
2.668907642364502
2.6732871532440186
2.6966712474823
2.723055362701416
0
0.8402612805366516
0.8267070651054382
0.8063574433326721
0.8057395815849304
0.8101439476013184
0.801945686340332
0.7988061308860779
0.7971386909484863
0.8119027614593506
0.780905544757843
0.7854872941970825
0.7657731771469116
0.766737699508667
0.7553853392601013
0.7720999717712402
0.7458089590072632
0.7540515065193176
0.7694451808929443
0.7492437958717346
0.8234339356422424
0.9226446151733398
1.0296878814697266
1.1636450290679932
1.3639321327209473
1.6225929260253906
2.0121612548828125
2.6672370433807373
0
0
0
0
0
0
0
0
0
0
0
0
0
0
0
0
0
0
0
0
0
0
0
0
0
0
0
0
0
0
0
0
0
0
0
0
0
0
0
0
0
0
0
0
0
0
0
0
0
0
0
0
0
0
0
0
0
0
0
0
0
0
0
0
0
0
0
0
0
0
0
0
0
0
0
0
0
0
0
0
0
0
0
0
0
0
0
0
0
0
0
0
0
0
0
0
0
0
0
0
0
0
0
0
0
0
0
0
0
0
0
0
0
0
0
0
0
0
0
0
0
0
0
0
0
0
0
0
0
0
0
0
0
0
0
0
0
0
0
0
0
0
0
0
0
0
0
0
0
0
0
0
0
0
0
0
0
0
0
0
0
0
0
0
0
0
0
0
0
0
0
0
0
0
0
0
0
0
0
0
0
0
0
0
0
0
0
0
0
0
0
0
0
0
0
1.9649370908737183
1.9220041036605835
1.8951679468154907
1.911372423171997
1.9047636985778809
1.8796508312225342
1.90746009349823
1.910951018333435
1.969006061553955
0
0
0
0
0
0
0
0
0
0
0
0
0
1.2350618839263916
1.2158540487289429
1.187178134918213
1.1839735507965088
1.184808611869812
1.1600489616394043
1.1515555381774902
1.1482386589050293
1.1265857219696045
1.0996637344360352
1.1237975358963013
1.0901952981948853
1.076064944267273
1.0753083229064941
1.0723410844802856
1.0666515827178955
1.0657341480255127
1.0486810207366943
1.0437134504318237
1.0518240928649902
1.039933204650879
1.0422983169555664
1.0329596996307373
1.0169116258621216
1.0374177694320679
1.0258207321166992
1.0222928524017334
1.0102983713150024
1.032896876335144
1.010212779045105
1.0160136222839355
1.0231354236602783
0.977162778377533
1.0066230297088623
1.0137794017791748
1.0115054845809937
1.003388524055481
1.013826608657837
1.0279992818832397
1.001180648803711
1.0191473960876465
1.0025638341903687
1.0131173133850098
1.0046172142028809
1.0098483562469482
1.0319609642028809
1.042244791984558
1.0245659351348877
1.0374913215637207
1.0420200824737549
1.0550893545150757
0
0
0
