0
2.040280342102051
1.9469940662384033
1.920039176940918
1.913462519645691
1.8989619016647339
1.8892669677734375
1.905434489250183
1.9170151948928833
1.9540531635284424
2.0262250900268555
0
0
0
0
0
0
0
0
0
0
0
0
0
0
0
0
0
0
0
0
0
0
0
0
0
0
0
0
0
0
0
0
0
0
0
0
0
0
0
0
0
0
0
0
0
0
0
0
0
0
0
0
0
0
0
0
0
1.471481442451477
1.4341644048690796
1.4147838354110718
1.4034667015075684
1.3892217874526978
1.395563006401062
1.3735640048980713
1.3842525482177734
1.376774787902832
1.4078054428100586
1.426192045211792
1.4462745189666748
2.006568670272827
1.9416004419326782
1.929186463356018
1.9158620834350586
1.9087010622024536
1.9019358158111572
1.9238427877426147
1.9247666597366333
1.470895767211914
1.4406894445419312
1.405383825302124
1.393014669418335
1.3915570974349976
1.3707892894744873
1.3745476007461548
1.3778306245803833
1.4021087884902954
1.4056261777877808
1.4274526834487915
1.470393180847168
0
0
0
0
0
0
0
0
0
0
0
0
0
0
0
0
0
0
0
0
0
0
0
0
0
0
0
2.9114058017730713
2.280606985092163
2.2149746417999268
2.2087955474853516
2.200242280960083
2.1997036933898926
2.1902637481689453
2.2516884803771973
2.3031771183013916
0
0
2.6595237255096436
2.622457265853882
2.5834195613861084
2.5611650943756104
2.5922839641571045
2.617518901824951
2.7031586170196533
0
0
0
0
0
0
0
0
0
0
0
0
0
0
0
0
0
0
0
0
0
0
0
0
3.407940149307251
3.3642208576202393
3.357886552810669
3.3799142837524414
3.4560561180114746
0
0
0
0
0
0
0
0
0
0
0
0
0
0
0
0
0
0
0
0
0
0
0
0
0
3.337883710861206
3.186269760131836
3.16347074508667
3.1620559692382812
3.201120138168335
3.2176871299743652
3.234546661376953
3.254021644592285
1.8572731018066406
1.781294822692871
1.774579644203186
1.7682000398635864
1.7523130178451538
1.7465659379959106
1.752556562423706
1.766858696937561
1.7742689847946167
1.8522624969482422
0
0
2.189995050430298
2.145077705383301
2.1305410861968994
0.5044899582862854
0.4770219326019287
0.4439089894294739
0.4361218214035034
0.4390273988246918
0.41790392994880676
0.40083837509155273
0.41147348284721375
0.3945925235748291
0.3925298750400543
0.39962783455848694
0.36450323462486267
0.37727081775665283
0.3905431628227234
0.3847160041332245
0.3875500559806824
0.3903282582759857
0.3824881315231323
0.383646160364151
0.3745545446872711
0.39609020948410034
0.3972538411617279
0.3854173421859741
0.39785823225975037
0.4040943384170532
0.4084987938404083
0.4089452028274536
0.40657225251197815
0.41227206587791443
0.4087302088737488
0.43642035126686096
0.44147321581840515
0.45041513442993164
0.4709398150444031
0
2.7522857189178467
2.6971402168273926
2.683605194091797
2.67445969581604
2.7088582515716553
2.7636616230010986
0
0
3.061143636703491
3.0410823822021484
2.5615434646606445
0.8463833332061768
0.8105865120887756
0.8096253275871277
0.7968536615371704
0.765741765499115
0.7609109282493591
0.7446737885475159
0.7512762546539307
0.7634185552597046
0.7542057037353516
0.7544057965278625
0.7559376955032349
0.7883200645446777
0.7765465974807739
0.7720376253128052
0.7739943861961365
0.7775107622146606
0.8102188110351562
0.8231643438339233
0.8576493859291077
0
0
0
0
0
0
0.4987505376338959
0.4658578336238861
0.45497071743011475
0.4339008927345276
0.423179030418396
0.41791313886642456
0.4120733439922333
0.40470072627067566
0.42063069343566895
0.42538565397262573
0.3818862736225128
0.4222429096698761
0.3944421708583832
0.3865094482898712
0.39698392152786255
0.3703247904777527
0.38836637139320374
0.37361940741539
0.38910236954689026
0.3863162398338318
0.37694770097732544
0.3779456317424774
0.399125337600708
0.39592793583869934
0.40884774923324585
0.3843546211719513
0.4071243703365326
0.4159446060657501
0.4200623035430908
0.428057461977005
0.43827834725379944
0.4370484948158264
0.4357321858406067
0.4835449159145355
0
0
0
0
0
1.9863386154174805
1.9518234729766846
1.9168838262557983
1.9104517698287964
1.9015306234359741
1.9166938066482544
1.9020594358444214
1.9573729038238525
1.9865188598632812
0
0
0
0
2.2174670696258545
2.1665048599243164
2.1695609092712402
2.138321876525879
2.138240098953247
2.171217203140259
2.190366744995117
2.217008352279663
0
0
0
0
0
0
