0.6964190602302551
0.6690586805343628
0.6878803968429565
0.6917614340782166
0.6645985841751099
0.6685452461242676
0.6504801511764526
0.6593152284622192
0.6521252989768982
0.6593654751777649
0.6669327616691589
0.6601747274398804
0.6566924452781677
0.6660611033439636
0.6387392282485962
0.6456538438796997
0.6599509716033936
0.6478897929191589
0.6577323079109192
0.656938374042511
0.658434271812439
0.644464373588562
0.6578441262245178
0.6457650065422058
0.6569437980651855
0.6699491143226624
0.6588937044143677
0.6633720993995667
0.6626033186912537
0.6695677638053894
0.6545855402946472
0.6752909421920776
0.6804543137550354
0.6897795796394348
0.6830638647079468
0.683142900466919
0.7055889964103699
0.6786125302314758
0.6974610090255737
0.696622371673584
0.7065995335578918
0.7239348888397217
0.7056131362915039
0.7453715801239014
0.7251623272895813
0.7347659468650818
0.7581996917724609
0.7605655193328857
0.7494410276412964
0.7689992189407349
0.7805031538009644
0.7929922342300415
0.8231711983680725
0.8193530440330505
0.8463918566703796
0.8352418541908264
0.8537448048591614
0.8559028506278992
0.8763290643692017
0.9062854647636414
0.8928649425506592
0.9087296724319458
0.9263239502906799
0.9585903882980347
0.9796637892723083
0.9981994032859802
0.9961802363395691
1.0328278541564941
1.0380975008010864
1.0816508531570435
1.0980193614959717
1.1409133672714233
1.1360981464385986
1.1785699129104614
1.2180626392364502
1.2550644874572754
1.292708158493042
1.3118832111358643
1.3649088144302368
1.409193754196167
1.4756864309310913
1.5359177589416504
1.5815342664718628
1.6241490840911865
1.7157472372055054
1.7837085723876953
1.8568817377090454
1.961429238319397
2.0483505725860596
2.1530966758728027
2.3031609058380127
2.4264676570892334
2.6014273166656494
2.7937769889831543
3.012965202331543
3.2503960132598877
0
0
0
0
0
0
0
0
0
0
0
0
0
1.1820262670516968
1.138993263244629
1.1013586521148682
1.0939772129058838
1.0784152746200562
1.0796427726745605
1.08586585521698
1.0705156326293945
1.09705650806427
1.0768448114395142
1.0941575765609741
1.0961833000183105
1.1353448629379272
1.1437392234802246
1.2183860540390015
0
0
0
0
0
0
0
2.77175235748291
2.6711652278900146
2.563067674636841
2.482870578765869
2.4164445400238037
2.3318095207214355
2.279491662979126
2.192791700363159
2.1195499897003174
2.0747263431549072
2.0446081161499023
1.9926246404647827
1.930505633354187
1.8771750926971436
1.85459566116333
1.8052352666854858
1.7655185461044312
1.7332539558410645
1.6877412796020508
1.648685097694397
1.6413230895996094
1.6243375539779663
1.5918288230895996
1.548883318901062
1.5228921175003052
1.506425380706787
1.4825347661972046
1.4503766298294067
1.4548476934432983
1.4299372434616089
1.4191416501998901
1.4132026433944702
1.3512119054794312
1.3475993871688843
1.3491021394729614
1.319972038269043
1.3149833679199219
1.3161709308624268
1.287527322769165
1.2730653285980225
1.280379056930542
1.2582721710205078
1.2533317804336548
1.2628250122070312
1.226767897605896
1.2325090169906616
1.2115777730941772
1.2148807048797607
1.2161318063735962
1.1971081495285034
1.187753438949585
1.1722278594970703
1.190582513809204
1.1725428104400635
1.1713435649871826
1.1605499982833862
1.1598557233810425
1.1725172996520996
1.1573842763900757
1.1648749113082886
1.1518932580947876
1.1707813739776611
1.1748586893081665
1.1635475158691406
1.1485977172851562
1.1511207818984985
1.1494303941726685
1.1479419469833374
1.1413254737854004
1.1334455013275146
1.1532219648361206
1.1529772281646729
1.1423605680465698
1.1592668294906616
1.1739569902420044
1.1796120405197144
1.1525243520736694
1.1771694421768188
1.182769775390625
1.1836225986480713
1.190502405166626
1.1937298774719238
1.2085545063018799
1.2011758089065552
1.214185118675232
1.2320832014083862
1.2266781330108643
1.2396999597549438
1.244162917137146
1.234961986541748
1.2664525508880615
1.288563847541809
1.2800028324127197
1.2916443347930908
1.3087458610534668
1.3378247022628784
1.3245925903320312
1.3669780492782593
1.3555856943130493
1.382409930229187
1.4164328575134277
1.4180368185043335
1.4296984672546387
1.4542409181594849
1.472536325454712
1.469605803489685
1.518707513809204
1.5349582433700562
1.5742863416671753
1.6053028106689453
1.6142406463623047
1.6424882411956787
1.6765111684799194
1.6930073499679565
1.744702935218811
1.784995436668396
1.8081097602844238
0
0
0
0
0
0
0
0
0
0
0
0
0
0
0
0.9923268556594849
0.9278942346572876
0.912635862827301
0.8834420442581177
0.8788041472434998
0.8518841862678528
0.8395805954933167
0.8621795773506165
0.864517867565155
0.855786144733429
0.8538485765457153
0.8511043787002563
0.8696491718292236
0.8613452911376953
0.8838534355163574
0.8867061734199524
0.8859476447105408
0.9338791966438293
0.965307354927063
0
0
0
0
0
0
0
0
0
0
0
0
0
0
0
0
0
0
0
0
0
0
0
0
0
0
0
0
0
0
0
0
0
0
0
0
0
0
0
0
0
0
0
0
0
0.9973376989364624
0.9911771416664124
0.9527401328086853
0.9379681348800659
0.9432889223098755
0.9372061491012573
0.8963623642921448
0.8899405002593994
0.8726991415023804
0.816781222820282
0.842827320098877
0.826813280582428
0.8273201584815979
0.8110170364379883
0.7919455170631409
0.8094730377197266
0.7862623333930969
0.7812620997428894
0.7653775215148926
0.7478561401367188
0.7645309567451477
0.7487638592720032
0.7399351596832275
0.7262471914291382
0.6977329850196838
0.7269139885902405
0.7116296887397766
0.7105308771133423
0.7149722576141357
0.6872978806495667
0.6925567984580994
0.6849977970123291
0.6792388558387756
