0
1.0122778415679932
0.9803127646446228
0.9793823957443237
0.9431573152542114
0.9382165670394897
0.9553460478782654
0.9240111708641052
0.9476185441017151
0.9148012399673462
0.92400062084198
0.9278146028518677
0.9444455504417419
0.9476510286331177
0.9593901634216309
0.96001797914505
0.9799008369445801
1.0264567136764526
0
0
0
0
0
0
0
3.2766761779785156
3.173283100128174
3.136504650115967
3.1391749382019043
3.1391892433166504
3.186523675918579
0
0
0
0
0
0
0
0
0
0
0
0
0
0
0
0
0
0
0
0
0
0
0
0
0
0
0
1.855430245399475
1.8222761154174805
1.818495273590088
1.8033775091171265
1.788347840309143
1.7895679473876953
1.7880078554153442
1.8178435564041138
1.8597331047058105
0
0
0
0
0
0
0
0
0
0
0
0
0
0
3.1441216468811035
3.098736047744751
3.113992691040039
3.118290901184082
3.172834634780884
0
0
0
0
0
0
0
0
3.5
0
0
0
0
0
0
0
0
2.1063742637634277
2.0342748165130615
2.0367658138275146
2.020578622817993
2.027575731277466
2.019854784011841
2.0381860733032227
2.0784950256347656
0
0
0
0
0
0
0
0
0
0
0
0
0
0
0
0
0
0
0
0
0
0
0
0
0
0
0
3.0934791564941406
3.0212435722351074
2.99774432182312
3.011983871459961
3.00961971282959
3.0772554874420166
0
0
0
0
0
0
0
0
0
0
0
0
0
0
0
0
0
0
0
0
0
0
0
0
0
0
2.479971170425415
0.6388520002365112
0.621367335319519
0.5928409099578857
0.5793013572692871
0.5556292533874512
0.543505072593689
0.534188985824585
0.5455420017242432
0.5347623825073242
0.5419935584068298
0.5263095498085022
0.526353657245636
0.5078715682029724
0.5257747173309326
0.5306149125099182
0.5299875140190125
0.5327693819999695
0.5367128252983093
0.5387742519378662
0.5463024973869324
0.528540849685669
0.5569230318069458
0.5716763138771057
0.5598114132881165
0.5871546864509583
0.6065056920051575
0.6329838037490845
0
0
0
0
0
0
0
0
0
0
0
0
0
0
0
0
0
0
0
0
0
0
0
0
0
0
0
0
0
0
0
0
0
0
0
0
0
0
0
0
2.4731578826904297
2.4048655033111572
2.3837132453918457
2.390714168548584
2.396587610244751
2.4133100509643555
2.4442882537841797
0
0
0
0
0
0
0
0
0
0
0
0
0
0
0
0
0
0
0
0
0
0
0
0
0
0
0
0
0
0
0
0
0
0
0
0
0
0
0
0
0
0
0
0
0
0
0
1.5627013444900513
1.511434555053711
1.4848535060882568
1.4888752698898315
1.4419374465942383
1.4339115619659424
1.4610257148742676
1.039634346961975
1.0077812671661377
0.9745322465896606
0.9663513898849487
0.9636147022247314
0.9564568996429443
0.9566251039505005
0.9531203508377075
0.9437500834465027
0.9486745595932007
0.944968044757843
0.9550166726112366
0.9726479053497314
0.9820354580879211
0.9767410755157471
1.0318212509155273
1.1038947105407715
1.457518458366394
1.441754698753357
1.4344536066055298
1.4198930263519287
1.4478679895401
1.4552775621414185
1.4673435688018799
1.5007659196853638
0
0
0
0
0
0
0
0
0
0
0
0
0
0
0
0
0
0
0
0
0
0
0
0
0
0
0
0
0
0
0
0
0
0
0
0
