0
0
0
0
0
0
0
0
0
0
0
0
0
0
0
3.460979461669922
3.4460866451263428
3.448362112045288
3.490631580352783
0
0
0
0
3.025604724884033
0
0
0
0
0
0
0
0
0
0
2.0684311389923096
2.0501952171325684
2.011582612991333
2.002955675125122
1.9962983131408691
2.015671968460083
2.0366415977478027
2.0534796714782715
2.114624500274658
0
0
0
0
0
0
0
0
0
0
0
0
0
0
0
0
0
0
0
0
0
0
0
0
0
0
0
0
0
0
0
3.4267921447753906
3.3729944229125977
3.3692755699157715
3.3593873977661133
3.4043047428131104
0
0
0
1.856227993965149
1.8275681734085083
1.8150840997695923
1.8068772554397583
1.8003474473953247
1.8034043312072754
1.8273571729660034
1.8572676181793213
1.9127353429794312
0
0
0
0
0
0
0
0
0
0
0
0
0
0
0
0
0
0
0
0
0
0
0
0
0
0
0
0
0
0
0
0
0
0
0
0
0
0
0
0
0
0
0
0
0
0
0
0
0
0
0
0
0
0
0
0
0
0
3.002256155014038
0.7311006188392639
0.7312161326408386
0.705715000629425
0.6911555528640747
0.684135377407074
0.675277054309845
0.6846160292625427
0.6622084379196167
0.6749358773231506
0.6780843138694763
0.6808781027793884
0.6762794256210327
0.6487913727760315
0.6769022345542908
0.6680436134338379
0.6753959655761719
0.6875799298286438
0.6915303468704224
0.6963894367218018
0.7095173597335815
0.7412601709365845
0.7664034962654114
0
0
0
0
0
0
0
0
0
0
0
0
0
0
0
0
0
0
0
0
2.526535987854004
2.473360538482666
2.4782602787017822
2.4608235359191895
2.4620718955993652
2.0643527507781982
1.9927561283111572
1.9840543270111084
1.9698313474655151
1.975246548652649
1.9686908721923828
1.9874546527862549
2.0355472564697266
2.5005993843078613
2.450007915496826
2.475999355316162
2.450155258178711
2.4801790714263916
2.5172042846679688
0
0
0
0
0
0
0
0
0
0
0
0
0
0
0
0
0
1.776227355003357
1.7348201274871826
1.7173891067504883
1.6884455680847168
1.6892787218093872
1.6736221313476562
1.686881422996521
1.6993266344070435
1.7350873947143555
1.7697101831436157
0
0
0
0
0
0
3.495728015899658
3.467456102371216
3.4938783645629883
0
0
0
0
0
0
0
0
0
0
0
0
0
0
0
0
0
3.4762566089630127
0
0
0
0
0
0
0
0
0
0
0
0
0
1.8100616931915283
1.7439873218536377
1.6999435424804688
1.6863491535186768
1.6986457109451294
1.6852691173553467
1.6656566858291626
1.682366132736206
1.7089190483093262
1.735392451286316
0
0
0
3.4400839805603027
0
0
0
0
0
0
0
0
0
0
0
0
0
0
0
0
0
0
0
0
3.128272294998169
3.1111724376678467
3.0939245223999023
3.1062707901000977
2.5918660163879395
2.545649528503418
2.5076537132263184
2.521705389022827
2.555204391479492
2.5842525959014893
2.6463043689727783
0
3.219226598739624
0
0
0
0
0
0
2.801316022872925
2.7439355850219727
2.7471022605895996
1.236231803894043
1.1970329284667969
1.1931039094924927
1.167392611503601
1.1513606309890747
1.1617543697357178
1.1388871669769287
1.1405034065246582
1.1614956855773926
1.1592249870300293
1.1691679954528809
1.1895384788513184
1.213181972503662
1.2379481792449951
0
0
0
0
0
3.1784472465515137
3.0430541038513184
3.010328769683838
2.998044967651367
3.0140068531036377
3.0215113162994385
3.132585287094116
