0.4999593198299408
0.5118172764778137
0.49598363041877747
0.5210814476013184
0.5074990391731262
0.5037636160850525
0.493479460477829
0.4893791079521179
0.48845425248146057
0.46793127059936523
0.48863476514816284
0.488407701253891
0.47281479835510254
0.4928131103515625
0.4856346845626831
0.5008337497711182
0.4805367887020111
0.5050865411758423
0.5160232186317444
0.5206892490386963
0.5305930376052856
0.5180016160011292
0.5631779432296753
0.5792031288146973
0.5976623892784119
0
0
0
0
0
0
0
0
0
0
0
0
0
0
0
0
0
0
0
0
0
3.166184902191162
0
0
0
0
0
0
0
0
0
0
0
0
0
0
0
0
0
0
0
0
0
0
0
0
0
0
0
0
0
0
0
0
0
0
0
0
0
0
0
0
0
0
0
0
0
0
0
0
0
0
0
0
0
0
0
0
0.9384422898292542
0.9161549210548401
0.8927713632583618
0.8856778144836426
0.873049259185791
0.8638777136802673
0.8559037446975708
0.8456595540046692
0.852027416229248
0.8667646646499634
0.8346664309501648
0.8270160555839539
0.844495952129364
0.8690431118011475
0.8774364590644836
0.8829848170280457
0.9048306941986084
0.9331946969032288
0
0
0
0
1.8259050846099854
1.8017202615737915
1.7807457447052002
1.7786506414413452
1.748671054840088
1.7616294622421265
1.783198595046997
1.7835639715194702
1.8360786437988281
0
0
0
0
0
0
0
0
0
0
0
0
0
0
0
0
3.284353256225586
3.199955463409424
3.2002432346343994
3.1913654804229736
3.2061986923217773
3.286400079727173
0
0
0
0
0
0
0
0
0
0
0
0
0
0
0
0
0
0
0
0
0
0
0
0
0
0
0
0
0
0
0
0
0
0
0
1.4993242025375366
1.466241478919983
1.4271975755691528
1.4388797283172607
1.424991488456726
1.4057538509368896
1.4144419431686401
1.4108268022537231
1.438092827796936
1.4504998922348022
1.5070720911026
0
0
0
0
0
0
0
1.0486383438110352
1.032657504081726
1.0024040937423706
0.9873877763748169
0.972067654132843
0.9644297957420349
0.9825603365898132
0.9740067720413208
0.9696469902992249
0.9748820066452026
0.9531235098838806
0.9878236651420593
0.9720527529716492
1.0076066255569458
1.0304852724075317
1.0554002523422241
0
0
0
2.3901917934417725
2.3528969287872314
2.3334288597106934
2.3326375484466553
2.3224289417266846
2.3509273529052734
2.3889410495758057
0
0
0
0
0
0
0
0
0
0
0
0
0
0
0
0
0
0
0
0
0
0
0
0
0
0
2.361467123031616
2.277292013168335
2.258603811264038
2.252983808517456
2.230713129043579
2.261679172515869
2.261021375656128
2.319624662399292
0
1.0923866033554077
1.0462671518325806
1.0226086378097534
1.0287214517593384
1.005272626876831
0.9975838661193848
0.9963885545730591
0.9758723378181458
0.9678592085838318
1.0099055767059326
0.9914723038673401
0.9967740774154663
0.9974680542945862
1.0070089101791382
1.030689001083374
1.0796140432357788
2.7153520584106445
2.7374892234802246
2.7735958099365234
0
0
0
0
0
0
0
0
0
0
3.496513605117798
3.5
0
1.6142380237579346
1.574413776397705
1.5750210285186768
1.5620778799057007
1.5388002395629883
1.5531619787216187
1.5405375957489014
1.5565940141677856
1.5612685680389404
1.5982129573822021
1.709885597229004
0
0
0
2.825362205505371
2.7320075035095215
2.7020530700683594
2.6944258213043213
2.725334405899048
2.7239878177642822
2.760180711746216
0
0
0
0
0
0
0
0
0
0
0
0
0
0
0
0
0
0
0
0
1.3752415180206299
1.3250890970230103
1.314561128616333
1.2723650932312012
1.2786310911178589
1.2597533464431763
1.2792192697525024
1.266767144203186
1.2816237211227417
1.2853875160217285
1.3001725673675537
1.3282519578933716
0.5789708495140076
0.5808505415916443
0.5291159152984619
0.5269085168838501
0.5114703178405762
