0
0
0
0
0
0
0
0
0
0
0
0
0
0
0
0
0
0
0
0
0
0
0
0
0
0
0
0
0
0
0
0
0
0
0
0
3.273531198501587
3.2202584743499756
3.2070040702819824
3.214528799057007
3.243356466293335
0
0
0
0
0
0
0
0
0
0
0
0
0
0
0
0
0
0
0
0
0
0
0
0
0
0
0
0
0
1.7277599573135376
1.6425697803497314
1.6258883476257324
1.606367826461792
1.593273639678955
1.5814200639724731
1.5868741273880005
1.606248378753662
1.5978398323059082
1.6474013328552246
1.6690446138381958
3.262819528579712
0
0
0
0
0
0
0
0
0
0
0
0
0
0
3.1458656787872314
3.114607334136963
3.072486639022827
3.101696014404297
3.1461563110351562
0
0
0
0
0
0
0
0
0
0
0
0
0
0
0
0
0
0
0
0
0
0
0
2.949819803237915
2.9056224822998047
2.904266119003296
2.8940131664276123
2.8999457359313965
2.9600887298583984
0
0
0
0
0
0
0
0
0
0
0
0
0
0
0
1.72378671169281
1.6569273471832275
1.6236696243286133
1.6398556232452393
1.6285921335220337
1.6212072372436523
1.627375841140747
1.61833655834198
1.639154314994812
1.678259253501892
3.138457775115967
3.178027868270874
3.1679887771606445
3.2656919956207275
0
0
0
0
0
0
0
0
3.065477132797241
3.018559694290161
3.0166513919830322
3.0299692153930664
3.0834615230560303
0
0
0
0
0
0
0
0
0
0
0
0
0
0
0
0
0
2.7593727111816406
2.7166314125061035
2.699610710144043
2.7238266468048096
2.7528836727142334
2.8262887001037598
0
0
0
0
0
0
0
0
0
0
0
0
0
0
0
0
0
0
2.736705780029297
2.691274642944336
2.6693758964538574
2.6643905639648438
0.9651466012001038
0.9380382895469666
0.9297945499420166
0.8886505365371704
0.8774486184120178
0.8940005898475647
0.8888999819755554
0.8935909271240234
0.8897292017936707
0.9039368033409119
0.8722159266471863
0.9008283615112305
0.8688247203826904
0.9130606651306152
0.9204122424125671
0.9265198111534119
0.9643027782440186
0
0
0
0
0
0
0
0
0
0
0
0
0
0
0
0
0
0
0
0
0
0
0
0
0
0
0
0
0
2.3266232013702393
2.268298387527466
2.254481792449951
2.239777088165283
2.2322750091552734
2.2444405555725098
2.267585039138794
2.282805919647217
0
0
0
0
0
0
3.423095941543579
3.342165946960449
3.326085329055786
3.3269245624542236
3.364128828048706
3.4662234783172607
0
0
0
0
0
0
0
0
0
0
0
0
0
0
0
3.2920379638671875
3.230984926223755
3.2190184593200684
3.207185745239258
2.1641671657562256
2.0754425525665283
2.0424883365631104
2.0110206604003906
2.0112130641937256
2.0149006843566895
2.020874261856079
2.045942544937134
2.098356008529663
0
0
0
0
0
0
0
0
0
0
0
0
0
0
0
0
0
0
0
0
0
0
0
0
0
0
0.8531545400619507
0.7966768145561218
0.7871981263160706
0.7569307684898376
0.75425124168396
0.7388842701911926
0.7567889094352722
0.714819610118866
0.744010865688324
0.7289870977401733
0.7179064154624939
0.7113189697265625
0.7363451719284058
0.7178887724876404
0.7499983906745911
0.7352572083473206
0.7492927312850952
0.7490272521972656
0.7725268602371216
0.7888511419296265
0.8158348798751831
0
0
