0
0
3.481111526489258
0
0
3.093759059906006
3.013676166534424
2.994107246398926
2.9970638751983643
3.012347459793091
3.0583930015563965
0
0
2.670685052871704
2.611525058746338
2.597435474395752
2.5970847606658936
2.606610059738159
2.6000735759735107
2.6564712524414062
0
0
0
0
0
0
2.4708969593048096
2.4128847122192383
2.36177659034729
2.3672659397125244
2.350215435028076
2.3889694213867188
2.3996360301971436
2.467315673828125
0
0
0
0
0
0
2.2858235836029053
2.244107484817505
2.2186901569366455
2.2336692810058594
2.2168312072753906
2.2234864234924316
2.263399124145508
2.308656692504883
0
0
0
0
0
0
2.136263847351074
2.1185030937194824
2.0754923820495605
2.0813100337982178
2.072896718978882
2.0839078426361084
2.1007068157196045
2.175271511077881
0
0
0
0
0
0
0
0
0
0
0
0
0
0
0
0
0
0
0
0
0
0
0
0
0
0
0
0
0
0
0
0
0
0
0
0
0
0
0
0
0
0
0
0
0
0
0
0
0
0
0
0
0
0
0
0
0
0
0
0
0
0
2.2138943672180176
2.1844255924224854
2.1761205196380615
2.1659343242645264
2.1739230155944824
2.1783628463745117
2.2258448600769043
0
0
3.1488969326019287
2.549997091293335
2.517310380935669
2.514761209487915
2.4954380989074707
2.5196757316589355
2.561338424682617
0
0
0
0
0
0
0
0
0
0
0
0
0
0
0
0
0
0
0
0
0
0
0
0
0
0
0
0
0
0
0
0
0
0
0
0
2.023236036300659
2.0007426738739014
1.9555168151855469
1.5075562000274658
1.4734829664230347
1.44279944896698
1.4446752071380615
1.442255973815918
1.4369456768035889
1.4449471235275269
1.4439350366592407
1.473108172416687
1.4941329956054688
1.539100170135498
2.4148988723754883
2.400141477584839
2.4055097103118896
2.4623639583587646
0
0
0
0
0
0
0
0
0
0
0
0
0
0
0
0
0
0
0
0
0
0
0
0
0
0
0
0
0
0
0
0
0
0
0
0
0
1.935051441192627
1.8936325311660767
1.8586021661758423
1.865465760231018
1.8524442911148071
1.876009225845337
1.8783146142959595
1.8999314308166504
1.976884126663208
0
0
0
0
1.6954821348190308
1.6387158632278442
1.5962358713150024
1.5572640895843506
1.5746233463287354
1.564813256263733
1.5648008584976196
1.5663092136383057
1.5869554281234741
1.6227521896362305
1.6605898141860962
0
0
0
0
0
0
0
0
0
0
0
0
0
0
0
0
0
0
3.0375654697418213
2.978163719177246
2.9517552852630615
2.9348270893096924
2.9588212966918945
3.0025627613067627
0
0
0
0
2.9157745838165283
2.873039960861206
2.836221218109131
2.8349032402038574
2.8581480979919434
2.8722918033599854
0
0
0
0
0
0
0
0
0
0
0
0
0
0
0
0
0
0
0
0
0
0
1.226868987083435
1.1689187288284302
1.1574127674102783
1.145450234413147
1.1418156623840332
1.1170281171798706
1.138643741607666
1.139225959777832
1.1193082332611084
1.1473442316055298
1.1340988874435425
1.1532427072525024
1.1683200597763062
1.2262719869613647
0
0
0.7731033563613892
0.7620864510536194
0.7212162613868713
0.6997963190078735
0.7007205486297607
0.7075400352478027
0.6865684986114502
0.7110586762428284
0.6752839088439941
0.6749868988990784
0.6865846514701843
0.6951045989990234
0.6976814270019531
0.6770026683807373
0.7202000021934509
0.7087078094482422
0.7186034321784973
0.7103153467178345
0.7323765158653259
0.7428242564201355
0.7784916758537292
1.190319299697876
1.1816822290420532
1.1760497093200684
1.1979162693023682
1.2040680646896362
1.1916639804840088
1.2045639753341675
1.2425720691680908
1.3013650178909302
0
0
0
