0
0
0
0
0
0
0
0
0
0
0
0
0
0
0
0
2.556460380554199
2.4922878742218018
2.466540575027466
2.463472366333008
2.4740278720855713
2.4876914024353027
2.4906744956970215
0
0
0
0
2.893289566040039
2.8402013778686523
2.8408756256103516
2.823411464691162
2.848663091659546
1.3370802402496338
1.3239787817001343
0
0
0
0
0
0
0
0
0
0
0
0
0
0
0
0
0
0
0
0
0
0
0
0
0
2.6121623516082764
2.576107978820801
2.541672706604004
2.553271532058716
2.539133310317993
2.581733226776123
2.61584210395813
0
0
0
0
0
0
0
0
0
0
0
0
0
0
0
0
0
0
0
3.410261869430542
3.408266544342041
3.408858299255371
3.4067375659942627
3.4801223278045654
0
0
0
0
0
0
0
0
0
0
0
0
1.3548542261123657
1.3256034851074219
1.2864201068878174
1.252204179763794
1.2658820152282715
1.2470035552978516
1.252989649772644
1.250685453414917
1.2507389783859253
1.2463356256484985
1.2681994438171387
1.3034858703613281
1.3194007873535156
2.4604265689849854
2.401442050933838
2.399521827697754
2.40805721282959
2.440927505493164
2.4756548404693604
0
0
0
0
0
0
0
0
0
0
0
0
0
0
0
0
0
0
0
2.5617480278015137
2.51814866065979
2.5221030712127686
2.5171377658843994
2.521625280380249
2.552760124206543
0
0
1.497146487236023
1.4547386169433594
1.4136651754379272
1.4100223779678345
1.3861521482467651
1.382676601409912
1.392295241355896
1.4085931777954102
1.408379077911377
1.4274874925613403
1.4428929090499878
1.509594202041626
0
0
0
0
0
3.281536340713501
3.2274811267852783
3.240453004837036
3.2693088054656982
3.3208584785461426
0
0
0
0
0
0
0
0
0
0
0
2.5006208419799805
2.4853954315185547
2.4614052772521973
2.4807615280151367
2.5073907375335693
2.5290279388427734
0
0
0
0
0
0
0
0
0
0
0
0
0
0
0
0
0
0
0
0
0
0
0
0
0
0
0
0
0
0
0
0
0
0
0
0
0
0
0
0
0
0
0
0
0
0
0
0
0
0
0
0
0
0
0
0
0
0
0
0
0
0
0
0
0
0
0
0
0
0
0
0
0
0
0
0
0
0
0
0
0
0
0
0
0
0
0
0
0
0
1.3555703163146973
1.3165040016174316
1.294691562652588
1.2866592407226562
1.2880833148956299
1.2697787284851074
1.265181303024292
1.2678396701812744
1.2879356145858765
1.3068132400512695
1.3167411088943481
1.3513154983520508
0
0
0
0
0
0
0
0
0
0
0
0
0
1.832622766494751
1.7981822490692139
1.7802073955535889
1.7621759176254272
1.220240831375122
1.219840407371521
1.7866110801696777
0.6476945877075195
0.5953024625778198
0.5948322415351868
0.5483314990997314
0.5496877431869507
0.5498335361480713
0.5310750007629395
0.5330533981323242
0.5354034900665283
0.5230334401130676
0.5291845202445984
0.5232229828834534
0.5174252986907959
0.5192959308624268
0.5183193683624268
0.5268881320953369
0.5388928055763245
0.5187505483627319
0.5271264910697937
0.5195056796073914
0.5286886692047119
0.5375571250915527
0.5485523343086243
0.5551360845565796
0.5533490777015686
0.5753256678581238
0.6045230627059937
0.6363958716392517
1.217470645904541
1.268977165222168
0
0
0
0
0
0
0
0
0
0
0
0
0
0
0
0
0
0
0
0
0
