0
0
0
0
0
0
0
0
0
0
0
0
0
0
1.9448442459106445
1.8837529420852661
1.8662132024765015
1.8306735754013062
1.821960210800171
1.8280410766601562
1.8423542976379395
1.8482612371444702
1.860325574874878
1.9067593812942505
0
0
0
0
0
0
0
0
0
0
0
0
0
0
0
0
0
0
0
0
0
0
0
0
0
0
0
0
0
0
0
0
0
0
0
0
0
0
0
0
0
0
0
0
0
0
0
0
0
0
0
0
0
0
0
0
0
0
0
0
0
0
0
0
0
0
0
0
0
0
0
0
0
0
0
0
0
0
0
0
0
0
0
0
0
0
0
0
0
0
0
0
0
0
0.6412244439125061
0.5939963459968567
0.5765364170074463
0.5753401517868042
0.5695236921310425
0.5507801175117493
0.548549473285675
0.5456815361976624
0.5395500063896179
0.5422198176383972
0.5405142903327942
0.5256443023681641
0.5131177306175232
0.5303192734718323
0.5491297841072083
0.5427011251449585
0.5483123064041138
0.529205858707428
0.5104008913040161
0.5384355187416077
0.5277256965637207
0.5473872423171997
0.5559913516044617
0.5631231665611267
0.5728050470352173
0.5997363924980164
0.6178162693977356
0
0
0
0
0
0
0
0
0
0
0
0
0
0
0
0
0
0
0
0
0
0
0
0
0
0
0
0
0
0
0
0
0
0
0
2.0121726989746094
1.9707776308059692
1.9510362148284912
1.9223114252090454
1.9293007850646973
1.9644219875335693
1.958309531211853
2.000749349594116
0
0
0
0
0
0
0
0
0
0
0
0
0
0
0
0
0
0
0
3.144300937652588
3.067809820175171
3.0342955589294434
3.0461902618408203
3.0499446392059326
3.1232919692993164
0
0
0
0
0
0
0
0
0
0
0
0
0
0
0
0
0
0
0
0
0
0
0
0
0
0
0
0
0
0
0
0
2.410036087036133
2.3120646476745605
2.2713096141815186
2.2822635173797607
2.2657344341278076
2.2589902877807617
2.305999994277954
2.3336873054504395
0
0
0
0
0
0
0
0
0
0
0
0
0
0
0
0
0
0
0
0
0
0
0
0
3.227799654006958
3.1342992782592773
3.141989231109619
3.135305881500244
3.1580023765563965
3.2060306072235107
0
0
0
0
0
0
0
0
0
0
0
0
0
2.542590856552124
2.497865676879883
2.457573652267456
2.4647464752197266
2.4861860275268555
2.505200147628784
2.5424554347991943
0
0
0
1.314657211303711
1.2684723138809204
1.2445003986358643
1.2238919734954834
1.2192314863204956
1.2185243368148804
1.2225234508514404
1.2259045839309692
1.224989414215088
1.2397990226745605
1.2414441108703613
1.2630144357681274
1.2868883609771729
0
0
0
0
0
0
0
0
0
0
0
0
0
0
0
0
0
0
0
2.644491672515869
2.5612664222717285
2.5536816120147705
2.543419361114502
2.5466549396514893
2.568047523498535
2.6290178298950195
0
0
0
0
0
0
0
0
0
0
0
0
0
0
0
