3.046412944793701
3.0441653728485107
3.0847482681274414
0
0
0
0
0
0
0
0
0
0
0
0
0
0
0
2.014042854309082
1.9104708433151245
1.8830758333206177
1.8487191200256348
1.854398488998413
1.8304823637008667
1.8499811887741089
1.8696550130844116
1.8855228424072266
1.9220693111419678
0
0
0
0
0
0
0
0
0
0
0
3.45729923248291
3.420379400253296
3.401796817779541
3.4417707920074463
0
0
0
0
0
0
0
2.057119846343994
1.99629807472229
1.9894509315490723
1.9719549417495728
1.9559873342514038
1.547176480293274
1.5071889162063599
1.4984855651855469
1.4592475891113281
1.452601671218872
1.4472534656524658
1.4532889127731323
1.44271719455719
1.4616705179214478
1.4811909198760986
1.5054963827133179
1.594059944152832
1.950846552848816
1.932761549949646
1.9317342042922974
1.9480048418045044
1.9591779708862305
2.0053887367248535
2.068431854248047
0
0
0
0
0
0
0
0
0
0
0
0
0
0
0
0
0
0
0
0
0
0
0
0
0
0
0
0
0
0
0
0
0
0
0
0
0
0
0
0
0
0
0
0
0
0
0
0
0
0
0
0
0
0
0
0
0
0
0
0
0
0
3.274614095687866
3.246785879135132
3.2370927333831787
2.814509391784668
2.7698967456817627
2.745060443878174
2.738495349884033
2.757162094116211
2.803074359893799
3.2198169231414795
3.2209248542785645
3.237639904022217
3.2330446243286133
0
0
0
0
0
0
0
0
0
0
0
0
0
0
0
0
0
0
0
0
0
0
0
2.202908754348755
2.1636579036712646
2.1664106845855713
2.1339681148529053
2.139470100402832
2.1509954929351807
2.193889856338501
2.268423557281494
1.7201039791107178
1.654585838317871
1.6500318050384521
1.635804295539856
1.6472179889678955
1.6418341398239136
1.646933674812317
1.6644121408462524
1.6804265975952148
1.7325359582901
0
0
0
0
1.2834522724151611
1.2543400526046753
1.2389930486679077
1.2299753427505493
1.2223448753356934
1.2196849584579468
1.2221981287002563
1.2164644002914429
1.246572732925415
1.2473899126052856
1.2282180786132812
1.2749836444854736
1.3101823329925537
0
0
0
0
0
0
0
0
0
0
0
0
0
0
0
0
0
0
0
0
0
0
0
0
0
0
0
0
0
0
0
0
0
0
0
0
0
0
0
0
0
0
0
0
0
0
0
2.906747341156006
2.865950584411621
2.8364875316619873
2.830155849456787
2.861041307449341
2.916856527328491
0
0
0
0
0
0
0
0
0
0
0
0
1.6556130647659302
1.6324502229690552
1.6189367771148682
1.6051976680755615
1.5848276615142822
1.5948163270950317
1.6145992279052734
1.6166127920150757
1.6496325731277466
1.706917405128479
0
0
0
0
0
0
0
0
0
0
2.6464574337005615
2.5722310543060303
2.5596632957458496
2.5344924926757812
2.5227174758911133
2.533572196960449
2.591292381286621
0
0
0
0
0
0
0
0
0
0
1.1643714904785156
1.1141011714935303
1.1051397323608398
1.0968005657196045
1.107810139656067
1.0777881145477295
1.0612926483154297
1.073759913444519
1.0589848756790161
1.055570125579834
1.0729124546051025
1.0756207704544067
1.0918551683425903
1.109161138534546
1.1371827125549316
2.339855194091797
0
0
0
0
0
0
0
0
0
0
0
0
0
0
0
0
0
0
0
0
0
0
0
0
0
0
0
0
0
0
0
0
3.101677417755127
3.0673418045043945
3.0409531593322754
