2.792363166809082
2.771418809890747
2.7333624362945557
2.7338433265686035
2.74139404296875
2.7230849266052246
2.706676483154297
2.6839935779571533
2.686774730682373
2.6819510459899902
2.650912046432495
2.677656412124634
2.650268316268921
2.6459949016571045
2.6533000469207764
2.635887622833252
2.629319190979004
2.6374011039733887
1.1683913469314575
1.142643690109253
1.111128568649292
1.1152557134628296
1.1050150394439697
1.0963448286056519
1.0820139646530151
1.0691174268722534
1.0986354351043701
1.0988798141479492
1.0832396745681763
1.1079038381576538
1.1124262809753418
1.1302717924118042
1.1919753551483154
2.731149673461914
2.7447259426116943
2.735356092453003
2.7623636722564697
2.7852821350097656
2.805877685546875
2.832533597946167
2.832858085632324
2.8513853549957275
2.8708038330078125
2.9016387462615967
2.9198102951049805
2.95019793510437
2.9703621864318848
3.003305196762085
3.036900043487549
3.0716052055358887
3.084977865219116
3.128857374191284
3.148759126663208
3.1903152465820312
3.231196880340576
3.278043508529663
3.3385987281799316
3.3795430660247803
3.440185546875
3.4759576320648193
0
0
0
0
0
0
0
0
0
0
0
0
0
0
0
0
0
2.1990063190460205
2.131894111633301
2.0651047229766846
2.038032293319702
2.095517158508301
2.1153149604797363
2.1187326908111572
2.1499881744384766
2.1909193992614746
2.220639705657959
2.2199559211730957
2.2748539447784424
2.291616439819336
2.3135151863098145
2.3414909839630127
2.3878538608551025
2.447343587875366
2.4811184406280518
2.5014352798461914
2.571012020111084
2.6078269481658936
2.6518704891204834
2.7115190029144287
2.7557828426361084
2.8106961250305176
2.886209487915039
2.9392335414886475
3.035313606262207
3.100421905517578
3.1960926055908203
3.262563943862915
3.350180149078369
3.4490647315979004
0
0
0
0
0
0
0
0
0
0
2.1022884845733643
2.0781750679016113
2.041569471359253
2.0492169857025146
2.030404806137085
2.0345687866210938
2.0664784908294678
2.0835933685302734
0
0
0
0
0
0
0
0
0
0
0
0
0
0
0
0
0
0
0
0
0
0
1.1554760932922363
1.0975757837295532
1.0860509872436523
1.0762594938278198
1.053769588470459
1.0510642528533936
1.05674147605896
1.0568492412567139
1.0458052158355713
1.0599949359893799
1.0587899684906006
1.0761160850524902
1.0876883268356323
1.1173738241195679
1.157779574394226
2.907733917236328
0
0
0
0
0
0
0
0
0
0
0
0
0
0
0
0
0
0
0
2.5399327278137207
2.5684826374053955
2.5697109699249268
2.5679268836975098
2.573132038116455
2.559239387512207
2.5750973224639893
2.5671045780181885
2.5789988040924072
2.5736989974975586
2.5956597328186035
2.601104259490967
2.6049602031707764
2.616851329803467
2.6208465099334717
2.660923480987549
2.654006004333496
2.661560535430908
2.688657522201538
2.6998209953308105
2.7294259071350098
2.7400617599487305
2.7634739875793457
2.7630455493927
2.795781373977661
2.8164355754852295
2.8372573852539062
2.8577964305877686
2.894106864929199
2.934986114501953
2.958127021789551
2.9894959926605225
3.019420623779297
3.065598964691162
3.096222162246704
3.1193530559539795
3.1509413719177246
3.2114076614379883
3.252350091934204
3.2993173599243164
3.3327243328094482
3.3959097862243652
3.4561080932617188
0
0
0
0
0
0
0
1.2627391815185547
1.2161142826080322
1.2220122814178467
1.1949152946472168
1.189012050628662
1.17707359790802
1.1674550771713257
1.1746793985366821
1.1945480108261108
1.1845630407333374
1.198225736618042
1.2251982688903809
1.2630363702774048
0
0
0
0
0
0
0
0
0
0
0
0
0
0
0
0
0
0
0
0
0
0
0
0
0
0
3.3563332557678223
3.2975316047668457
3.320204496383667
3.320427417755127
3.38340163230896
0
0
0
0
1.1842174530029297
1.1030524969100952
1.1040724515914917
1.0912202596664429
1.0669422149658203
1.0622384548187256
1.044539213180542
1.0455368757247925
1.0582894086837769
1.0592153072357178
1.081203579902649
1.081168293952942
1.0750741958618164
1.1073325872421265
1.1115003824234009
0
0
0
0
0
0
0
0
0
0
0
0
0
0
0
0
0
0
0
0
0
0
0
0
0
0
0
0
0
0
0
0
0
0
0
0
0
0
0
3.4922971725463867
3.449265718460083
3.37454891204834
3.3438491821289062
3.294010877609253
3.2356362342834473
3.1960723400115967
3.1744272708892822
3.130704164505005
3.1031241416931152
3.060765504837036
3.048055410385132
3.0237627029418945
2.988828659057617
2.951913356781006
2.920346975326538
2.9064459800720215
2.8807380199432373
2.877823829650879
2.824565887451172
2.822216749191284
2.7959251403808594
2.7842841148376465
