0
0
0
2.4728920459747314
2.8662126064300537
2.8701868057250977
2.875697135925293
2.876969575881958
2.8965024948120117
2.9039151668548584
2.90529465675354
2.918299674987793
2.9344820976257324
2.9272541999816895
2.9645442962646484
2.9919545650482178
2.97269868850708
3.0088257789611816
3.002021551132202
3.0277762413024902
2.95910906791687
2.7978014945983887
2.6959474086761475
0
0
0
0
0
0
0
0
0
0
0
0
0
0
0
0
0
0
0
0
0
0
0
0
0
0
0
0
0
0
0
0
0
0
0
0
0
0
0
0
3.1215381622314453
3.121006488800049
3.1286909580230713
3.1357500553131104
3.130958318710327
3.1539387702941895
3.1325502395629883
2.9057977199554443
2.6651084423065186
1.8790950775146484
1.4579960107803345
1.4470219612121582
1.4545972347259521
1.4634370803833008
0.9695870280265808
0.9808207154273987
0.9927573800086975
1.0092962980270386
1.0015881061553955
1.0006930828094482
1.0116866827011108
1.0219007730484009
1.0370928049087524
1.0420386791229248
1.0268794298171997
1.0548646450042725
1.0512940883636475
1.0779199600219727
1.0860501527786255
1.0992097854614258
1.1039915084838867
1.0997751951217651
1.1227174997329712
1.1513055562973022
1.15125572681427
1.1556884050369263
1.8801926374435425
1.90036940574646
1.9350285530090332
0
0
0
0
0
0
0
0
0
0
0
0
0
0
0
0
0
0
0
0
0
0
0
0
0
0
0
0
0
0
0
0
0
0
0
0
0
0
0
0
0
0
0
0
0
0
0
0
0
0
0
0
0
0
0
0
0
0
0
0
0
0
0
0
0
0
0
0
0
0
0
0
0
0
0
0
0
1.5977396965026855
1.623421311378479
1.6048846244812012
1.6584477424621582
1.659067988395691
1.677348256111145
1.6842793226242065
1.7075855731964111
1.715394377708435
1.7380555868148804
1.7743701934814453
1.7973453998565674
1.7516696453094482
1.712440013885498
1.6911368370056152
1.6412224769592285
1.6033953428268433
1.5728601217269897
1.5588786602020264
1.5176455974578857
1.4870727062225342
1.4552102088928223
1.4373598098754883
1.4390311241149902
1.403806447982788
0.8929652571678162
0.8571349382400513
0.8729186654090881
0.9007457494735718
0.922733724117279
0.9567972421646118
0.9796801805496216
1.0053670406341553
1.0269461870193481
0.7916423678398132
0.8307838439941406
0.849013090133667
0.8695695400238037
0.8958792686462402
0.930364191532135
0.9463254809379578
0.9818714261054993
1.043637752532959
1.0782188177108765
1.145316481590271
1.1420440673828125
1.1333286762237549
1.1326607465744019
1.1509097814559937
1.1486238241195679
1.1404454708099365
1.124772548675537
1.1036313772201538
1.110044002532959
1.089492678642273
1.1113193035125732
1.121564507484436
1.0788993835449219
1.1084144115447998
1.1048673391342163
1.0754069089889526
1.0809580087661743
1.078820824623108
1.0905534029006958
1.089775562286377
1.0768457651138306
1.0705937147140503
1.0879783630371094
1.0917282104492188
1.087324619293213
1.0740412473678589
1.0952905416488647
1.1007132530212402
1.0950630903244019
1.0932570695877075
1.1051123142242432
1.1227959394454956
1.11439049243927
1.108524203300476
1.1361922025680542
1.124627947807312
1.140234351158142
1.1521756649017334
1.1433324813842773
1.16696035861969
1.1726030111312866
1.1773110628128052
1.1856824159622192
1.1992050409317017
1.150357723236084
1.0884894132614136
1.0791090726852417
1.0496588945388794
0.9819095134735107
0.9688551425933838
0.9326887130737305
0.8990098834037781
0.8885818719863892
0.8636090755462646
0.8491017818450928
0.8645219802856445
2.1332297325134277
2.163034200668335
2.207184314727783
2.242293119430542
2.282573938369751
2.3017756938934326
2.3546762466430664
2.367924213409424
2.420851707458496
2.4706642627716064
2.643991708755493
2.608281373977661
2.6468310356140137
2.6780142784118652
2.724666118621826
2.7941699028015137
2.8694653511047363
2.9265048503875732
2.9980602264404297
3.0933022499084473
3.160264492034912
3.239015579223633
3.3574976921081543
3.4557857513427734
0
0
0
0
0
0
0
0
0
0
0
0
0
0
0
0
0
0
0
0
0
0
0
0
2.9285707473754883
2.900867223739624
2.860727310180664
2.8480889797210693
2.8076672554016113
2.800194501876831
2.7566542625427246
2.7597546577453613
0
0
0
0
0
0
1.2145378589630127
1.212400197982788
0
0
0
0
0
0
0
0
0
0
0
0
0
0
0
0
