0
0
0
0
0
0
0
0
0
0
0
0
0
1.3070478439331055
1.2472097873687744
1.2521984577178955
1.2266508340835571
1.2407735586166382
1.229897379875183
1.20980703830719
1.2094950675964355
1.2165088653564453
1.2108330726623535
1.2276781797409058
1.2498832941055298
1.2896616458892822
1.3100159168243408
0
0
2.7127315998077393
2.6521763801574707
2.6168553829193115
2.628582000732422
2.630540132522583
2.6329751014709473
2.685779333114624
0
0
0
0
0
0
0
0
0
0
0
0
0
0
0
0
0
0
2.9260780811309814
2.9127044677734375
2.890423536300659
2.879869222640991
2.9181017875671387
2.9783103466033936
0
0
0
0
0
0
0
0
0
0
0
0
0
0
0
2.3820924758911133
2.3410415649414062
2.327779769897461
2.327143907546997
2.313483715057373
2.331112861633301
2.371992588043213
0
0
0
0
0
0
0
0
0
0
0
0
0
0
0
0
0
0
0
0
0
0
0
0
0
0
0
0
0
1.3639864921569824
1.3574544191360474
1.3125883340835571
1.3133795261383057
1.3114287853240967
1.309321403503418
1.3301297426223755
1.324478268623352
1.3360151052474976
1.3424890041351318
1.353224277496338
1.3988040685653687
0
0
0
0
0
0
0
0
0
0
0
0
0
0
0
0
0
0
0
0
0
0
0
0
0
0
0
0
0
0
0
0
0
0
0
0
0
0
0
0
0
0
0
0
0
0
0
0
0
0
0
0
0
0
0
0
0
0
0
0
0
0
0
0
0
0
0
0
0
0
0
0
0
0
0
0
0
0
0
0
0
0
0
0
0
0
0
0
0
0
0
0
0
0
0
0
0
0
0
0
0
0
0
0
0
0
0
0
0
0
0
0
0
0
0
0
0
0
0
0
0
0
0
0
0
0
0
0.733231782913208
0.7220697402954102
0.7090992331504822
0.6627994775772095
0.6780495643615723
0.6646180748939514
0.6587705016136169
0.6441166400909424
0.6371143460273743
0.6358131766319275
0.6481654047966003
0.6387152075767517
0.6297168731689453
0.6474178433418274
0.6407213807106018
0.6613657474517822
0.6345813274383545
0.654657781124115
0.6830233335494995
0.6847726702690125
0.6866571307182312
0.7344494462013245
0.7556057572364807
0
0
0
0
0
0
0
0
0
0
0
0
0
0
0
0
0
0
0
0
0
0
0
0
0
0
0
0
0
0
0
0
0
0
0
0
0
0
0
0
0
2.0469250679016113
1.9946951866149902
1.9663294553756714
1.9770184755325317
1.9548686742782593
1.9579544067382812
1.9735418558120728
2.0119922161102295
2.0852952003479004
0
0
0
0
0
0
0
0
0
0
0
0
0
0
0
0
0
0
0
0
0
0
0
0
0
2.9601693153381348
2.910054922103882
2.884831190109253
2.866703510284424
2.9316890239715576
2.9444527626037598
0
0
0
0
0
0
