1.3539460897445679
1.3487638235092163
1.3510348796844482
1.3677939176559448
1.3624070882797241
1.364869475364685
1.3616836071014404
1.3463765382766724
1.3481327295303345
1.3581329584121704
1.3603389263153076
1.3583054542541504
1.3502181768417358
1.341928482055664
1.3535866737365723
1.3665080070495605
1.3709807395935059
1.3616610765457153
1.3979477882385254
1.384685754776001
1.388060450553894
1.3825757503509521
1.4119571447372437
1.3979113101959229
1.3978564739227295
1.4329580068588257
1.4381673336029053
1.4396071434020996
1.4513217210769653
1.468721866607666
1.4851176738739014
1.473818063735962
1.5052741765975952
1.4992574453353882
1.5211442708969116
1.5340341329574585
1.5400983095169067
1.5491859912872314
1.5879738330841064
1.5996503829956055
1.615683913230896
1.6486934423446655
1.6734583377838135
1.691824197769165
1.6862051486968994
1.720819354057312
1.7352298498153687
1.9084242582321167
1.8660775423049927
1.814008116722107
1.839453101158142
1.883768081665039
1.9170688390731812
1.9426416158676147
2.004114866256714
2.0369133949279785
2.0781006813049316
2.1096322536468506
2.1699576377868652
2.194307327270508
2.2401084899902344
2.297959804534912
2.3602137565612793
2.4318387508392334
2.510402202606201
2.572178363800049
2.649963140487671
2.7304248809814453
2.8202338218688965
2.906510829925537
3.0062756538391113
3.1300241947174072
3.255324363708496
3.3829212188720703
0
0
1.1830049753189087
1.1648533344268799
1.1534026861190796
1.1622717380523682
1.1463266611099243
1.1527167558670044
1.142568588256836
1.1408404111862183
1.1324983835220337
1.1258912086486816
1.1329936981201172
1.110343098640442
1.1226197481155396
1.1290364265441895
1.116824746131897
1.094322681427002
1.0993248224258423
1.09981107711792
1.1016050577163696
1.1083343029022217
1.2189744710922241
2.1796441078186035
2.189955234527588
1.8116188049316406
0.8684366345405579
0.687308132648468
0.5919851660728455
0.5977138876914978
1.061079502105713
1.052628755569458
1.0662769079208374
1.0776876211166382
1.0669885873794556
1.0975483655929565
1.0820447206497192
1.0757118463516235
1.087760090827942
1.101146936416626
1.0835363864898682
1.1005710363388062
1.1056307554244995
1.1257588863372803
1.1392265558242798
1.1324586868286133
1.1433485746383667
1.146056056022644
1.1550865173339844
1.1564326286315918
1.1285607814788818
1.0695552825927734
1.0812493562698364
1.0248380899429321
1.0074684619903564
0.9691741466522217
0.9382627606391907
0.9229313135147095
0.9034889340400696
0.8732669353485107
0.8472921848297119
0.8321934342384338
0.8184349536895752
0.8169037103652954
0.7964121699333191
3.078927516937256
3.0255277156829834
2.960999011993408
2.899423360824585
2.3441483974456787
2.319819211959839
2.360595464706421
2.413414478302002
2.463254451751709
2.531052350997925
2.5864951610565186
2.5810985565185547
2.5501763820648193
2.529674768447876
2.498215436935425
2.461416006088257
2.4444005489349365
2.4092752933502197
2.387007713317871
2.3693759441375732
2.347860336303711
2.3076674938201904
2.286287784576416
2.2847747802734375
2.28222393989563
2.2565789222717285
1.8446210622787476
1.921560287475586
2.0067107677459717
2.124901056289673
2.2978568077087402
2.2734599113464355
2.291954517364502
2.4751687049865723
0
0
0
0
0
0
0
0
0
0
0
0
0
0
0
0
0
0
0
0
0
0
0
0
0
0
0
0
0
0
0
0
0
0
0
0
0
0
0
0
0
0
0
2.192737579345703
2.189173460006714
2.1588008403778076
2.135067939758301
2.145247459411621
2.1101226806640625
2.1068453788757324
2.0897810459136963
2.0685856342315674
2.065873146057129
2.044393301010132
2.051748752593994
2.109924793243408
2.2532291412353516
2.4089601039886475
0
0
0
0
0
0
0
0
0
0
0
0
0
0
0
0
0
0
0
0
2.2230334281921387
2.201880693435669
2.192260265350342
2.1687374114990234
2.1394784450531006
2.142312526702881
2.1063966751098633
2.1205153465270996
2.1103246212005615
2.095137357711792
1.4952479600906372
1.487390398979187
1.4696969985961914
1.464673399925232
1.4528207778930664
1.4371402263641357
1.4462746381759644
1.4605380296707153
1.4576319456100464
1.4560381174087524
1.441477656364441
1.4204895496368408
1.4359393119812012
1.442887544631958
1.4245851039886475
1.4270161390304565
0
0
0
0
0
0
0
0
0
0
0
0
0
0
0
0
0
0
0
0
0
0
3.4204390048980713
3.279630184173584
3.1750075817108154
3.047375202178955
2.9526114463806152
2.84873366355896
2.7950491905212402
2.683039903640747
2.6097350120544434
2.5348033905029297
2.4454028606414795
2.404956579208374
2.404086112976074
2.275239944458008
2.236117124557495
2.179783344268799
2.124788761138916
2.0987255573272705
2.057915449142456
1.998703122138977
1.9753220081329346
1.9150974750518799
1.9004216194152832
1.8782973289489746
1.8472375869750977
1.8056893348693848
1.779975414276123
1.742762804031372
1.7319761514663696
1.7040283679962158
1.6815513372421265
1.6545733213424683
1.6489256620407104
1.611831784248352
1.595699667930603
1.5820808410644531
1.5525705814361572
1.5668914318084717
1.527724027633667
1.5185246467590332
1.499985694885254
1.5083454847335815
1.478939414024353
1.4572863578796387
1.4513736963272095
1.4526745080947876
1.4587644338607788
1.4404977560043335
1.4271917343139648
1.4184095859527588
1.4132544994354248
1.4223968982696533
1.3964179754257202
1.4030697345733643
1.3807082176208496
1.3780357837677002
1.3708446025848389
1.3739659786224365
1.3564411401748657
1.3492430448532104
1.3508481979370117
