1.0940238237380981
1.1356732845306396
1.1922342777252197
1.2449002265930176
1.301726222038269
1.3740473985671997
1.3864411115646362
1.3733892440795898
1.371522307395935
1.3662368059158325
1.342628002166748
1.3627692461013794
1.3358008861541748
1.3409264087677002
1.3512487411499023
1.3483415842056274
1.3468685150146484
1.3319276571273804
1.322424054145813
1.3105103969573975
1.3195692300796509
1.3139615058898926
1.333630084991455
1.31442391872406
1.3244376182556152
1.314185380935669
1.3238962888717651
1.3177049160003662
1.3228718042373657
1.3324472904205322
1.3083966970443726
1.3494170904159546
1.333682656288147
1.3579673767089844
1.349299669265747
1.3531147241592407
1.359363079071045
1.3545634746551514
1.3739815950393677
1.3928426504135132
1.395028829574585
1.3869588375091553
1.3875982761383057
1.31989586353302
1.268601894378662
1.2150189876556396
1.1784703731536865
1.119855284690857
1.087307095527649
1.0335639715194702
2.6141183376312256
2.5967698097229004
2.5599403381347656
2.527841091156006
2.5140628814697266
2.4698617458343506
2.4451284408569336
2.4239349365234375
2.3937458992004395
2.3758769035339355
2.3679988384246826
2.3410236835479736
2.3104653358459473
2.309312343597412
2.2728328704833984
2.258394241333008
2.271946907043457
2.2320756912231445
2.22745943069458
2.2010388374328613
2.1790080070495605
2.185513496398926
2.169171094894409
2.1809208393096924
2.1762490272521973
2.163261890411377
2.128079891204834
2.1368823051452637
2.283961534500122
2.5950138568878174
2.0880556106567383
2.092827320098877
2.087520122528076
2.0914347171783447
2.058173179626465
2.07973051071167
2.0754525661468506
2.057703733444214
2.0726284980773926
2.0805816650390625
2.060640573501587
2.081104040145874
2.0734610557556152
2.095996379852295
2.107020854949951
2.0966365337371826
2.091379404067993
2.0886895656585693
2.1130900382995605
2.13824200630188
2.132148504257202
2.1560115814208984
2.158855676651001
2.176380157470703
2.173347234725952
2.191678047180176
2.178269863128662
2.2100017070770264
2.247361421585083
2.263059377670288
2.2595345973968506
2.292370319366455
2.2802441120147705
2.3297715187072754
2.3469414710998535
2.356144905090332
2.3890998363494873
2.414187431335449
2.433090925216675
2.479919672012329
2.5017776489257812
2.523834228515625
2.552830696105957
2.5933055877685547
2.602031707763672
2.6506831645965576
2.6772074699401855
2.719893455505371
2.768867015838623
2.8170838356018066
2.8538551330566406
2.925058364868164
2.969721555709839
2.87774395942688
2.8183324337005615
2.771378755569458
2.7441492080688477
2.6899847984313965
2.661897659301758
2.607926368713379
2.58768367767334
2.5493323802948
2.51760196685791
2.483942985534668
2.4392004013061523
2.426522731781006
2.3914780616760254
2.390812635421753
2.3623173236846924
2.3241755962371826
2.308081865310669
2.2798004150390625
2.2706410884857178
2.2578775882720947
2.2354443073272705
2.199774742126465
2.205721378326416
2.2071995735168457
2.1840312480926514
2.170835018157959
2.1322379112243652
2.164613962173462
2.137101888656616
2.1249353885650635
2.128307819366455
2.1045119762420654
2.0941219329833984
2.095519542694092
2.0689260959625244
2.095095157623291
2.0784225463867188
2.074207305908203
2.07492995262146
2.0696427822113037
2.0455005168914795
0.8279926180839539
1.3065617084503174
1.2883416414260864
1.3111562728881836
1.289766550064087
1.3070883750915527
1.3191653490066528
1.2985271215438843
1.3205469846725464
1.3015003204345703
1.3234155178070068
1.326557993888855
1.3079696893692017
1.3226170539855957
1.3347933292388916
1.3422417640686035
1.358150839805603
1.361502766609192
1.343157172203064
1.369763970375061
1.3496054410934448
1.2947864532470703
1.2109261751174927
1.1796704530715942
1.1235063076019287
1.0748047828674316
1.0571869611740112
1.01402747631073
0.9624592065811157
0.9526427388191223
2.4090170860290527
2.4081854820251465
2.465698003768921
2.478297710418701
2.4940154552459717
2.5249199867248535
2.5621514320373535
2.5936765670776367
2.626849412918091
2.65207576751709
2.7006828784942627
2.740434169769287
2.7795588970184326
2.821190118789673
2.840985059738159
2.904432773590088
2.9735827445983887
3.0035250186920166
3.0562844276428223
3.1313421726226807
3.17541241645813
3.259401559829712
3.3117551803588867
3.3954155445098877
3.4585044384002686
0
0
0
0
0
0
0
0
0
0
3.128678321838379
3.1288273334503174
3.0858964920043945
3.064195394515991
3.0434436798095703
3.0151302814483643
3.0154829025268555
0
0
0
0
0
0
0
0
2.1069834232330322
0
0
0
0
0
0
0
0
0
0
0
2.7890100479125977
3.1877987384796143
3.185385227203369
3.183485507965088
3.186356544494629
3.1909475326538086
3.2244954109191895
3.2167704105377197
3.2267537117004395
3.219414234161377
3.2305452823638916
3.2334415912628174
3.2588508129119873
3.2718825340270996
3.2885348796844482
3.305595636367798
3.228785514831543
3.0661730766296387
2.9461116790771484
2.958940029144287
3.4064958095550537
3.4112539291381836
3.4440109729766846
3.4709157943725586
3.5
0
0
0
1.0844935178756714
1.03054940700531
1.0508674383163452
0
3.5
3.421222448348999
0
0
0
0
0
0
0
0
0
0
0
0
0
0
2.69511342048645
2.6610841751098633
2.6248834133148193
2.586216688156128
2.555208206176758
2.519407033920288
2.5034351348876953
2.4644551277160645
2.5411956310272217
2.415296792984009
2.376682996749878
2.3583948612213135
2.3469533920288086
2.3315813541412354
2.317077875137329
2.2913060188293457
2.2651431560516357
3.2388503551483154
3.189199686050415
3.189347982406616
3.157247304916382
3.124072313308716
3.1149277687072754
3.0992233753204346
0
0
0
0
0
0
0
0
0
0
0
0
0
0
0
0
0
0
1.0321519374847412
1.0334508419036865
1.0726758241653442
