0
0
0
0
0
0
0
0
0
0
0
0
0
0
0
0
0
0
0
0
0
0
0
0
0
0
0
2.4811513423919678
2.4632654190063477
2.426039934158325
2.4397928714752197
2.454472780227661
2.4722633361816406
2.548506498336792
0
0
0
0
0
0
0
0
0
0
0
0
0
0
0
0
0
0
0
0
0
0
0
0
0
0
0
0
0
0
0
0
0
0
0
0
0
0
0.9455152750015259
0.9015652537345886
0.8713715672492981
0.8685021996498108
0.8579211831092834
0.8548345565795898
0.8498809933662415
0.831398069858551
0.8148622512817383
0.8282657265663147
0.8119862079620361
0.822272777557373
0.8481458425521851
0.8343147039413452
0.854202926158905
0.8594807982444763
0.8934271335601807
0.8776607513427734
0.9281291365623474
0
0
0
0
0
0
0
0
0
0
0
0
0
0
0
0
0
0
0
0
2.564310312271118
2.5099236965179443
2.5010592937469482
2.475282907485962
2.49074649810791
2.5147347450256348
2.561385154724121
0
0
0
0
0
0
0
0
0
0
0
0
0
0
0
0
0
0
0
0
0
0
0
0
0
0
0
0
0
0
0
0
0
1.8850951194763184
1.8598765134811401
1.8303831815719604
1.8225950002670288
1.8157824277877808
1.823309063911438
1.8592400550842285
1.8724753856658936
0
0
0
0
0
0
0
0
0
0
0
0
0
0
0
0
0
0
0
0
0
0
0
0
0
0
0
0
0
0
0
0
0
0
2.9150140285491943
2.82401180267334
2.8005411624908447
2.7868447303771973
2.8036115169525146
2.8402912616729736
0
0
0
0
0
1.4104902744293213
1.387771725654602
1.3395822048187256
1.3457545042037964
1.3231282234191895
1.328142523765564
1.3405401706695557
1.3451149463653564
1.3350625038146973
1.3606493473052979
1.4100626707077026
1.4491580724716187
0
0
0
0
0
0
0
0
0
0
0
0.4243321716785431
0.3974713087081909
0.4091241657733917
0.37811410427093506
0.36376217007637024
0.37516656517982483
0.36542606353759766
0.3654179871082306
0.3490242660045624
0.34067633748054504
0.33938318490982056
0.3382435142993927
0.33885589241981506
0.3335959017276764
0.33370256423950195
0.3359032869338989
0.34440699219703674
0.3406071662902832
0.3271898627281189
0.3347848653793335
0.3391496241092682
0.34413573145866394
0.33864372968673706
0.33091023564338684
0.3641667664051056
0.33943310379981995
0.36781150102615356
0.3572142720222473
0.37898921966552734
0.3748219907283783
0.35285714268684387
0.3758597671985626
0.37378424406051636
0.3868028223514557
0.40324464440345764
0.41417762637138367
0.42635494470596313
0
0
0
0
0
0
0
0
0
0
0
0
0
0
0
0
2.006596088409424
1.9378278255462646
1.9306228160858154
1.9081398248672485
1.8983752727508545
1.8839572668075562
1.8927568197250366
1.9252160787582397
1.9589780569076538
0
0
0
0
0
0
0
0
0
0
0
0
0
0
0
0
0
1.2691149711608887
1.2486722469329834
1.2130177021026611
1.2054849863052368
1.182924509048462
1.1789296865463257
1.19196355342865
1.1997807025909424
1.1936765909194946
1.2043260335922241
1.2118245363235474
1.2394523620605469
1.2668347358703613
0
0
0
0
0
0
0
0
0
0
0
0
0
0
0
0
0
0
0
3.483623743057251
3.4640579223632812
3.470675468444824
3.4888417720794678
0
0
0
0
1.871719479560852
1.776249647140503
1.753415584564209
1.7288695573806763
1.7509592771530151
1.72506844997406
1.7010493278503418
1.7424049377441406
1.7535597085952759
1.785403847694397
0
0
0
0
