0
0
0
0
0
0
0
0
0
0
0
0
0
0
0
0
0
0
0
0
0
0
0
0
0
0
0
0
0
0
0
0
0
0
0
0
0
0
0
0
0
0
0
0
0
0
0
0
0
0
0
0
0
0
0
0
0
0
0
0
0
0
0
0
0
0
2.759343385696411
2.7397348880767822
2.696002244949341
1.1802889108657837
1.1528055667877197
1.1472928524017334
1.105315089225769
1.1134275197982788
1.1243653297424316
1.1087884902954102
1.1194669008255005
1.1039867401123047
1.1156134605407715
1.1215914487838745
1.1576870679855347
1.165938138961792
1.2017916440963745
0
0
2.407348394393921
2.363522529602051
2.3259925842285156
2.3246006965637207
2.3253564834594727
2.307968854904175
2.355703115463257
2.426830291748047
0
0
0
0
0
0
0
0
0
0
0
0
0
0
0
0
3.0373666286468506
2.9896440505981445
2.968808889389038
2.9740102291107178
3.003329038619995
0
0
0
0
0
0
0
1.686435341835022
1.6576294898986816
1.6492611169815063
1.6279810667037964
1.6238635778427124
1.6421109437942505
1.6351836919784546
1.6629738807678223
1.6726876497268677
1.7260911464691162
0
0
0
3.1005678176879883
2.9608240127563477
3.0084807872772217
3.038820266723633
3.0805442333221436
3.1395132541656494
3.192060708999634
3.193964958190918
3.1245830059051514
3.0531952381134033
3.023876190185547
2.9754607677459717
2.9381887912750244
2.906095027923584
2.8579678535461426
2.322913646697998
2.3720550537109375
2.4479808807373047
2.513108015060425
2.571434497833252
2.6362240314483643
2.806036949157715
2.809159278869629
2.917628765106201
2.998246431350708
3.0802290439605713
0
0
0
0
0
0
0
0
0
0
0
0.853497326374054
0.8027549386024475
0.7905017137527466
0.7736525535583496
0.7739585041999817
0.7483261227607727
0.7614350318908691
0.7673478722572327
0.764606773853302
0.7582145929336548
0.759516179561615
0.7584384083747864
0.7741662859916687
0.7703657150268555
0.7871090173721313
0.7854034900665283
0.8118481636047363
0.8027828335762024
0.8465273976325989
0
0
0
0
0
0
0
0
0
0
0
0
0
0
0
0
0
0
0
0
0
0
0
0
0
0
0
2.577139377593994
2.516789674758911
2.4529318809509277
2.3960013389587402
2.3357181549072266
2.8177876472473145
2.8324220180511475
2.9073967933654785
2.9199609756469727
2.9567453861236572
3.0134212970733643
3.061757802963257
3.1155576705932617
3.145561456680298
1.5059999227523804
1.4637490510940552
1.435106873512268
1.4166080951690674
1.4248563051223755
1.400819182395935
1.3984533548355103
1.4044071435928345
1.420091152191162
1.4536712169647217
1.47537362575531
1.520768165588379
0
0
0
0
0
0
0
0
2.804351329803467
2.7060706615448
2.6545591354370117
2.6661598682403564
2.6443352699279785
2.6725950241088867
2.7315852642059326
0
0
0
0
0
0
0
0
0
0
0
0
0
0
0
0
0
0
0
0
0
0
0
3.4679760932922363
3.4254024028778076
3.445222854614258
3.4695277214050293
0
1.831381916999817
1.808829426765442
1.7983647584915161
1.7874253988265991
1.7827401161193848
1.7757443189620972
1.7948275804519653
1.8180515766143799
1.8600077629089355
3.246271848678589
3.269498348236084
2.323477268218994
2.1334967613220215
0.7699682116508484
0.750085711479187
0.7532227635383606
0.7237979769706726
0.7125188708305359
0.7180674076080322
0.7102559208869934
0.7138601541519165
0.6869817972183228
0.6970935463905334
0.6910650134086609
0.6951735019683838
0.7031644582748413
0.6903803944587708
0.7026588916778564
0.7001524567604065
0.7134131789207458
0.7030577063560486
0.726023256778717
0.7454267740249634
0.7744999527931213
1.5178381204605103
1.5549037456512451
1.5673651695251465
1.5909152030944824
0
0
0
0
0
0
0
0
0
0
0
0
0
0
0
0
0
0
0
0
0
0
0
0
0
0
0
0
0
0
0
0
0
0
0
0
