0
0
0
0
0
0
0
0
0
0
0
0
2.2602617740631104
2.2121667861938477
2.185535430908203
2.2182393074035645
2.185289144515991
2.214808225631714
2.2467544078826904
2.2863967418670654
0
0
0
0
0
0
0
0
0
0
0
0
3.4652979373931885
3.42586612701416
3.3986241817474365
3.4410440921783447
3.472827672958374
0
0
0
0
0
0
0
0
0
0
0
0
0
0
0
0
0
0
0
0
0
0
0
0
0
0
0
0
0
0
0
0
0
0
0
1.5767629146575928
1.5793648958206177
0
0
0
0
0
0
0
0
0
0
0
0
0
0
0
0
0
0
0
0
0
0
0
0
0
0
0
0
0
0
0
0
0
0
0
0
0
0
0
0
0
0
0
2.2902779579162598
2.225800037384033
2.20986270904541
2.1796164512634277
2.179988384246826
2.212614059448242
2.2276828289031982
2.2817907333374023
0
0
0
0
0
0
0
0
0
0
0
0
0
0
0
0
0
0
0
0
0
0
0
0
0
0
0
0
0
0
2.678378105163574
0
0
0
0.7931886911392212
0.7948633432388306
0.7912874221801758
0
0
0
0
0
0
3.3020575046539307
3.240619421005249
3.2511675357818604
3.258307456970215
3.3083629608154297
0
0
0
0
0
0
0
0
0
0
0
0
0
0
0
0
0
0
2.3796770572662354
2.3396642208099365
0
0
0
0
0
0
0
0
0
0
0
0
0
0
0
0
0
0
2.9544003009796143
2.848752021789551
2.8446455001831055
2.8397910594940186
2.862269639968872
2.8797314167022705
0
0
0
0
0
0
0
0
0
0
0
0
0
0
0
0
0
0
0
0
0
0
0
0
0
0
0
0
0
0
0
0
0
0
0
0
0
0
2.523975133895874
2.4835891723632812
2.4549312591552734
2.429590940475464
2.4347078800201416
2.4539883136749268
2.4944982528686523
0
0
0
0
0
0
0
0
0
0
0
0
0
0
3.0787036418914795
0
0
0
0
0
0
0
0
0
0
0
0
0
0
0
0
0
0
0
0
0
0
0
0
0
0
0
3.475933313369751
0.5665193200111389
0.5245624780654907
0.545916736125946
0.5210055708885193
0.5121097564697266
0.4872640073299408
0.49497056007385254
0.49471181631088257
0.4838135242462158
0.4889973998069763
0.48203331232070923
0.4956481158733368
0.4878680109977722
0.4660910367965698
0.4608258306980133
0.4765211045742035
0.48547592759132385
0.48100799322128296
0.4814135730266571
0.49508246779441833
0.4694225788116455
0.4838138520717621
0.4888018071651459
0.4986836612224579
0.5075963735580444
0.5344601273536682
0.558247447013855
0.5435932874679565
0.5761105418205261
0
0
0
0
0
2.3916749954223633
2.4162371158599854
0
0
0
0
0
0
0
0
0
0
0
0
0
0
0
0
0
0
0
