0.8774173259735107
0.8591357469558716
0.8766103982925415
0.8721132874488831
0.8710318803787231
0.8644818067550659
0.8724197149276733
0.8820899724960327
0.8783360123634338
0.8740811944007874
0.8699545860290527
0.9089170098304749
0.9216809272766113
0.9542157649993896
2.1410624980926514
2.1598551273345947
2.162597417831421
2.198143243789673
0
0
0
0
0
0
0
0
0
0
0
0
0
0
0
0
0
0
0
0
0
0
0
0
0
0
0
0
0
0
0
0
0
0
0
0
0
0
0
0
0
0
0
0
0
0
0
0
0
0
0
0
0
0
0
0
0
0
0
0
0
0
0
0
0
0
0
0
0
0
0
0
0
0
0
0
0
0
0
0
0
0
0
0
0
0
0
0
0
0
0
0
0
0
0
0
0
0
0
0
0
0
0
0
0
0
0
0
0
0
0
0
0
0
0
0
0
0
0
0
0
0
0
0
0
0
0
0
0
0
0
0
2.91078782081604
2.904064416885376
2.8824493885040283
2.872567892074585
2.908165216445923
0
0
0
0
0
0
3.064661979675293
3.0123355388641357
3.027333974838257
3.01224946975708
3.0469181537628174
3.142388105392456
0
0
0
0
0
0
0
0
0
0
0
0
0
0
0
0
0
0
0
0
0
0
0
0
3.2842063903808594
3.249037504196167
3.205833673477173
3.2284693717956543
3.272075653076172
0
0
0
0
0
0
0
0
0
0
0
0
0
0
0
0
0
0
0
0
0
0
0
0
0
2.293684720993042
2.298304319381714
0
0
0
0
0
0
0
0
0
0
0
0
0
0
0
0
0
0
0
0
0
0
0
0
0
0
0
0
0
0
0
0
0
0
0
2.565347909927368
2.528787612915039
2.5118203163146973
2.510544538497925
2.531893253326416
2.543700933456421
0.878313422203064
0.8416329026222229
0.8286236524581909
0.8082853555679321
0.8105237483978271
0.796613872051239
0.7745009660720825
0.779579758644104
0.764391303062439
0.79441237449646
0.7872634530067444
0.7728512287139893
0.7799920439720154
0.7992551326751709
0.7995622158050537
0.8010500073432922
0.8110900521278381
0.8525753021240234
0.8545641899108887
0.9004531502723694
0
0
0
0
0
0
2.9800424575805664
2.9161787033081055
2.9030544757843018
2.878061294555664
2.8806169033050537
2.917259693145752
3.02575945854187
0
0
0
0
0
0
0
0
0
0
0
0
2.138028860092163
2.1007165908813477
2.045459032058716
2.033968448638916
2.040026903152466
2.0459654331207275
2.0642476081848145
2.0984809398651123
2.1637754440307617
0
0
0
0
0
0
0
0
0
0
0
0
2.7158567905426025
2.7182767391204834
2.669551372528076
2.681692123413086
2.675194025039673
2.709182024002075
2.8355648517608643
0
0
0
0
0
0
0
0
0
0
0
0
0
0
0
0
0
0
0.9978447556495667
0.9229879379272461
0.9159221053123474
0.8787187337875366
0.9154053330421448
