0.6200452446937561
0.6079764366149902
0.5821780562400818
0.5900506377220154
0.5719084739685059
0.590308666229248
0.5783694982528687
0.579041600227356
0.5684970617294312
0.5855745077133179
0.5896631479263306
0.5764715671539307
0.5938519239425659
0.5911844968795776
0.6008642315864563
0.5885369777679443
0.5945069193840027
0.6076239347457886
0.6117395162582397
0.6620620489120483
0.6708220839500427
0
0
0
0
0
0
0
1.941177487373352
1.9135199785232544
1.9084240198135376
1.8986767530441284
1.9002690315246582
1.900437593460083
1.9057793617248535
1.9558273553848267
2.0178182125091553
2.99511456489563
0
0
0
0
0
0
0
0
0
0
0
0
0
0
0
0
0
0
0
0
0
2.9341375827789307
2.8776369094848633
2.8498804569244385
2.8499958515167236
2.8637497425079346
2.05022931098938
2.024526596069336
1.9983195066452026
1.995113492012024
1.980242133140564
2.0029444694519043
2.0192766189575195
2.0528080463409424
0
0
0
0
0
0
3.4452056884765625
3.4126827716827393
3.402738332748413
3.4274497032165527
3.4806065559387207
0
0
0
0
1.2218434810638428
1.1566234827041626
1.1440575122833252
1.1252498626708984
1.1239744424819946
1.1215354204177856
1.118349313735962
1.1214359998703003
1.1253719329833984
1.115600824356079
1.138120174407959
1.1572363376617432
1.1621959209442139
1.1844687461853027
0
0
0
0
0
0
0
0
0
0
0
0
0
2.6972668170928955
2.663151264190674
0.9371685981750488
0.8967686891555786
0.9003705382347107
0.8767161965370178
0.8668012619018555
0.849971354007721
0.857346773147583
0.8466808795928955
0.8496726155281067
0.8481994867324829
0.859552800655365
0.868753969669342
0.8627224564552307
0.8819785118103027
0.8874092698097229
0.929815948009491
0.9117457270622253
0.9666553139686584
2.8416824340820312
2.790469169616699
2.7844934463500977
2.786186456680298
2.790032386779785
2.811779260635376
0
0
0
0
0
0
0
0
0
0
0
0
0
0
0
0
0
0
0
0
0
0
0
0
0
0
0
0
2.9777708053588867
2.9065263271331787
2.8966596126556396
2.883500337600708
2.8817086219787598
2.936988353729248
0
0
0
0
0
0
0
0
0
0
0
0
0
0
0
0
0
0
0
0
0
0
0
1.03217351436615
0.9995874166488647
0.9699387550354004
0.9595574736595154
0.9483035802841187
0.9383140206336975
0.9257606267929077
0.9150914549827576
0.9255249500274658
0.9389196634292603
0.9355406761169434
0.9580710530281067
0.9446930885314941
0.9534211754798889
0.9585230350494385
0.9853045344352722
0.9976460933685303
0
0
0
0
0
0
0
0
0
0
0
0
0
0
0
0
0
2.351381540298462
2.2972190380096436
2.283398389816284
2.2698874473571777
2.2767906188964844
2.2922699451446533
2.321709632873535
0
0
0
0
0
0
0.49107497930526733
0.43395331501960754
0.43030962347984314
0.41710105538368225
0.4104648232460022
0.389995276927948
0.3815195858478546
0.3879909813404083
0.3756500482559204
0.36160433292388916
0.36156731843948364
0.35664448142051697
0.3591024875640869
0.3638843595981598
0.3554101586341858
0.347949355840683
0.3702872097492218
0.3653954267501831
0.3443869352340698
0.3650127947330475
0.3617725968360901
0.38106146454811096
0.3570290505886078
0.375563383102417
0.3648487329483032
0.3675445318222046
0.3702501356601715
0.4090716242790222
0.37380725145339966
0.3966359794139862
0.40383052825927734
0.40712860226631165
0.40682730078697205
0.4203106164932251
0.4325917661190033
0.4511708915233612
0
0
0
0
0
0
0
0
0
0
0
0
0
0
0
0
0
0
0
0
0
0
0
0
0
0
0
0
0
0
0
0
0
0
0
0
0
0
0
0
0
2.041182518005371
1.9735472202301025
1.9632513523101807
1.9493902921676636
1.9405714273452759
1.9322751760482788
1.9488390684127808
1.9801735877990723
2.0093464851379395
0
0
0
0
0
0
0
0
0
0
0
0
0
0
0
0
0
0
0
0
0
0
2.56148099899292
2.5285866260528564
2.4950480461120605
0.6681957244873047
0.6504493355751038
0.6115236282348633
0.6192925572395325
0.6085753440856934
