0
0
1.557408332824707
1.5126515626907349
1.5034427642822266
1.492852807044983
1.4801273345947266
1.4813995361328125
1.484580636024475
1.484159231185913
1.5007483959197998
1.532953143119812
1.5639142990112305
0
0
0
0
0
0
0
0
0
0
0
0
0
0
0
0
0
0
2.2944564819335938
2.2621123790740967
2.2215116024017334
2.2163562774658203
2.2260828018188477
2.236666440963745
2.279372215270996
2.36803936958313
0
0
0
0
0
0
0
0
0
0
0
0
0
0
0
0
2.5493574142456055
2.4719767570495605
2.4167919158935547
2.4296650886535645
2.4364774227142334
2.4406166076660156
2.476749897003174
2.558558464050293
0
0
0
0
0
3.4950497150421143
3.471693992614746
3.469757318496704
3.4754555225372314
0
0
1.522822618484497
1.4830819368362427
1.453147053718567
1.445289134979248
1.431430459022522
0.43169504404067993
0.41860663890838623
0.39181748032569885
0.38265904784202576
0.3747900426387787
0.36263495683670044
0.34838879108428955
0.3543059825897217
0.35727041959762573
0.37806618213653564
0.3405296206474304
0.34423959255218506
0.3378291130065918
0.3324775695800781
0.3260229229927063
0.3288669288158417
0.32590892910957336
0.3304504156112671
0.3280368149280548
0.3340712785720825
0.3163829743862152
0.31574276089668274
0.32733407616615295
0.32373565435409546
0.3541286885738373
0.3307245969772339
0.34336307644844055
0.3483164310455322
0.34382301568984985
0.35332098603248596
0.35532400012016296
0.377203106880188
0.38234975934028625
0.37668877840042114
0.3778154253959656
0.39848193526268005
0.42150646448135376
0.4415648877620697
0
0
0
0
0
0
0
0
0
0
0
0
0
0
0
0
0
0
3.4624695777893066
3.372342109680176
3.3501973152160645
3.3559305667877197
3.38482403755188
0
0
0
0
0
0
0
1.8046998977661133
1.7932223081588745
1.755945086479187
1.7468549013137817
1.7255895137786865
1.7474218606948853
1.7554150819778442
1.7976914644241333
1.8386123180389404
0
0
0
0
0
0
0
0
0
0
0
0
0
0
0
0
0
0
0
0
0
0
0
2.9281203746795654
2.8837037086486816
2.84674334526062
2.867140293121338
2.8832898139953613
2.9353394508361816
0
0
0
0
0
0
0
0
0
0
0
0
0
0
0
0
0
0
0
0
0
0
0
0
0
0
0
0
0
0
0
0
0
1.1413086652755737
1.0848087072372437
1.053829312324524
1.0410706996917725
1.0289374589920044
1.0299800634384155
1.0265440940856934
0.9868068695068359
1.0065486431121826
1.012020468711853
0.9968091249465942
1.027505874633789
1.0406818389892578
1.0522353649139404
1.079832673072815
1.1089357137680054
0
0
0
0
0
0
0
0
0
0
0
0
0
0
2.0825369358062744
2.0505268573760986
2.0469818115234375
2.040536880493164
2.0418741703033447
2.021993637084961
2.0609958171844482
2.1021790504455566
0
0
0
0
0
0
0
0
0
0
0
0
0
0
0
0
0
0
0
0
0
0
0
0
0
0
0
0
0
0
0
0
0
0
0
0
0
0
0
0
1.7803064584732056
1.7339303493499756
1.7149219512939453
1.6927891969680786
1.6889805793762207
1.7025336027145386
1.7002393007278442
1.7185981273651123
1.742046594619751
1.808078408241272
3.3241214752197266
3.2996201515197754
3.3182101249694824
3.355271339416504
0
0
0
0
0
0
0
0
0
0
0
0
0
0
0
0
0
0
0
0
0
0
0
0
0
0
2.5159451961517334
2.4446494579315186
2.425402879714966
2.407135248184204
2.407999277114868
2.430523157119751
2.4551444053649902
2.506392478942871
0
0
0
0
0
0
0
0
0
0
0
0
0
0
0
0
