0
0
0
0
0
0
0
0
0
0
0
0
0
0
0
0
0
0
0
0
0
0
0
0
0
0
0
0
2.1175496578216553
2.0735878944396973
2.0593206882476807
2.039382219314575
2.022808074951172
2.042217254638672
2.0632550716400146
2.1130692958831787
0
0
0
0
0
0
0
0
0
0
0
0
0
0
3.025305986404419
0
0
0
0
0
0
0
0
0
0
0
0
0
0
0
0
0
0
0
0
0
0
0
0
0
0
0
0.9978801608085632
0.9685211777687073
0.9283728003501892
0.9001531004905701
0.9003234505653381
0.9112013578414917
0.9144682884216309
0.8994811773300171
0.8777728080749512
0.8807741403579712
0.8736987709999084
0.8914147615432739
0.8875331282615662
0.9051850438117981
0.9065313339233398
0.9463536143302917
0.9641793966293335
0.9872972965240479
2.752549886703491
0
0
0
0
0
0
0
0
0
0
0
0
0
0
0
0
0
0
0
0
0
0
0
0
0
0
0
0
0
0
0
0
0
0
0
0
0
0
0
0
0
0
0
0
0
0
0
0
0
0
0
0
0
0
0
0
0
0
0
0
0
0
0
0
0
0
0
0
0
0
0
0
0
0
0
1.7352818250656128
1.7139623165130615
0
0
0
0
0
0
0
0
0
0
0
0
0
2.9486305713653564
2.865119457244873
2.870950222015381
2.8799638748168945
2.897352695465088
2.98895525932312
0
0
0
0
0
0
0
0
0
0
0
0
0
0
0
0
0
0
0
0
0
0
0
0
0
0
0
0
0
0
0
0
0
0
0
1.8704956769943237
1.8208783864974976
1.8322945833206177
1.804505467414856
1.82252037525177
1.820995569229126
1.8213428258895874
1.8424670696258545
1.9274301528930664
0
0
0
0
0
0
0
0
0
0
0
3.17718505859375
0
0
0
0
0
0
0
0
0
0
0
0
0
0
0
0
0
0
0
0
0
0
0
0
0
0
0
0
0
0
0
0
0
0
0
0
0
0
0
0
0
0
0
0
0
0
0
0
0
0
0
0
0
0
0
1.7452055215835571
1.6747347116470337
1.643439531326294
1.640493631362915
1.6055083274841309
1.6082229614257812
1.619061827659607
1.6246854066848755
1.639025092124939
1.654916524887085
1.696911334991455
0
0
0
0
0
0
0
0
0
0
0
0
0
0
0
0
0
0
0
0
0
0
0
0
0
0
1.2245854139328003
1.1962718963623047
1.2203317880630493
0
0
0
0
0
2.674074649810791
2.6487247943878174
2.63417911529541
2.6169283390045166
2.65724515914917
2.670679807662964
0
0
0
0
0
