0.5759842991828918
0.5552638173103333
0.5437477827072144
0.5118828415870667
0.52652508020401
0.48983466625213623
0.47855836153030396
0.48442527651786804
0.49159613251686096
0.4484754502773285
0.4530186355113983
0.43938714265823364
0.43493765592575073
0.42152947187423706
0.4219052195549011
0.40477490425109863
0.42012283205986023
0.40636202692985535
0.3877241015434265
0.38910067081451416
0.36525315046310425
0.38011693954467773
0.3871486485004425
0.3976554572582245
0.3853691518306732
0.4066203534603119
0.429240345954895
0.43829357624053955
0.35316675901412964
0.3444950580596924
0.3290153443813324
0.35511651635169983
0.35534989833831787
0.3264743387699127
0.324325293302536
0.33668050169944763
0.3361560106277466
0.3199616074562073
0.3346572816371918
0.3264995515346527
0.3161745071411133
0.3101078271865845
0.3101988434791565
0.3268642723560333
0.31121447682380676
0.30319198966026306
0.320834219455719
0.3145753741264343
0.3069626986980438
0.3304428458213806
0.3138982057571411
0.33466774225234985
0.31227779388427734
0.3006076216697693
0.32042527198791504
0.3183312714099884
0.32893750071525574
0.302766352891922
0.32606738805770874
0.30033984780311584
0.321929395198822
0.3024824261665344
0.3051508367061615
0.3116025924682617
0.30893445014953613
0.30484381318092346
0.2950918972492218
0.3100883364677429
0.310596227645874
0.3230668008327484
0.31736642122268677
0.31473129987716675
0.2989760637283325
0.31081217527389526
0.32709068059921265
0.3091426491737366
0.32342028617858887
0.3343134820461273
0.33504393696784973
0.31994935870170593
0.33898767828941345
0.3265099823474884
0.35216137766838074
0.3452818691730499
0.3332992494106293
0.36664748191833496
0.34955039620399475
0.3563555181026459
0.36837536096572876
0.35539671778678894
0.3642386198043823
0.3661744296550751
0.3799150884151459
0.3767073452472687
0.3775026798248291
0.3819817006587982
0.38252851366996765
0.4047711193561554
0.4110666811466217
0.4022041857242584
0.4024057388305664
0.4195488691329956
0.40704724192619324
0.4471571445465088
0.4540802240371704
0.45094287395477295
0.4526658058166504
0.47077488899230957
0.4971086084842682
0.5051003694534302
0.4956279993057251
0.5237258672714233
0.541628897190094
0.5521869659423828
0.5421604514122009
0.5819621086120605
0.5953161716461182
0.6123128533363342
0.6327123045921326
0.6435884833335876
0.6653456091880798
0.7008258104324341
0.7092024683952332
0.7327478528022766
0.7719288468360901
0
0
0
0
0
0
0
0
0
0
0
0
0
0
0
0
0
3.499525308609009
0
0
3.4874188899993896
3.5
3.5
3.4968714714050293
3.5
3.5
3.5
0
0
0
0
0
0
0
0
0
0
0
0
0
0
0
3.245342254638672
3.2465529441833496
3.221742630004883
3.250243902206421
3.336351156234741
0
0
0
0
0
0
0
2.073729991912842
2.0431103706359863
2.0478804111480713
2.035109519958496
2.034202814102173
2.0598978996276855
2.084658145904541
2.14631986618042
0
0
0
0
0
0
0
0
0
0
0
2.9494845867156982
2.9072153568267822
2.893927574157715
1.4118608236312866
1.369449257850647
1.3671385049819946
1.371665120124817
1.3428258895874023
1.3315845727920532
1.333922266960144
1.3272485733032227
1.3514089584350586
1.369804859161377
1.382381558418274
1.4527555704116821
2.514158010482788
2.4923367500305176
2.4913110733032227
2.5231876373291016
2.57519793510437
0
0
0
0
0
0
0
0
0
0
0
0
2.5926997661590576
2.537821054458618
2.52058482170105
2.4966702461242676
2.5007851123809814
2.5549821853637695
2.623044490814209
0
0
0
0
1.2269327640533447
1.179225206375122
1.1608779430389404
1.1463754177093506
1.1337956190109253
1.149518370628357
1.1146284341812134
1.1343419551849365
1.138113260269165
1.128378987312317
1.1554455757141113
1.16653573513031
1.1639426946640015
1.2147659063339233
3.433586597442627
3.4083163738250732
3.4241554737091064
3.4336376190185547
0
0
2.4995930194854736
2.3981146812438965
2.383986711502075
2.399146556854248
2.3823282718658447
2.3950064182281494
2.4172823429107666
2.5090219974517822
0
0
0
0
0
1.6481155157089233
1.6309276819229126
1.587835431098938
1.584286093711853
1.5618692636489868
1.5855827331542969
1.5664557218551636
1.5946736335754395
1.6061525344848633
1.6339442729949951
2.5264694690704346
2.4807746410369873
2.42463755607605
2.395328998565674
2.3733808994293213
2.320227861404419
2.29280948638916
2.2645208835601807
2.2311553955078125
2.206338405609131
2.1797516345977783
2.159291982650757
2.1229748725891113
2.117870569229126
2.09777569770813
2.073680877685547
2.0600059032440186
2.0487775802612305
2.0334763526916504
2.0503995418548584
2.1148741245269775
1.9121137857437134
1.900996446609497
1.8843309879302979
1.8755829334259033
1.84727942943573
1.8567569255828857
1.8411496877670288
1.8179535865783691
1.8204344511032104
1.8158742189407349
1.8006024360656738
1.814292550086975
1.7753604650497437
1.8000870943069458
1.7938604354858398
1.7840927839279175
1.7690898180007935
1.7694659233093262
1.7828980684280396
1.7798155546188354
1.7818390130996704
1.7561862468719482
1.7849534749984741
1.7812423706054688
1.7805404663085938
1.7683659791946411
1.7807986736297607
1.7610347270965576
0
0
0
1.9974159002304077
1.8041369915008545
1.5981351137161255
1.4883661270141602
1.377724289894104
1.2951035499572754
1.2252763509750366
1.1094944477081299
1.0590684413909912
0.9831416606903076
0.9229379296302795
0.8766089677810669
0.848366916179657
0.8307082056999207
0.769743025302887
0.7440363168716431
0.7176886200904846
0.6909634470939636
0.6872282028198242
0.6274259686470032
0.6175851225852966
0.5998073220252991
0.5839213728904724
0.5764970779418945
