0.9764143824577332
0
0
0
0
0
0
0
0
0
0
0
0
0
0
0
0
0
0
0
0
0
0
0
0
0
0
0
0
0
0
0
0
0
0
0
0
0
0
1.8136248588562012
1.8017501831054688
1.7728008031845093
1.7516242265701294
1.7490458488464355
1.7573745250701904
1.765778660774231
1.7912969589233398
1.8149257898330688
0
0
0
0
0
0
0
0
0
0
0
0
0
0
0
0
0
2.598039388656616
2.5409224033355713
2.4920761585235596
2.495311737060547
2.503828525543213
2.5247342586517334
2.553239345550537
0
0
0
0
0
0
0
0
0
0
0
0
0
0
0
0
0
0
0
0
0
0
0
0
0
0
0
0
0
0
1.605790615081787
1.563326120376587
1.5683704614639282
1.5318291187286377
1.5302613973617554
1.5362354516983032
1.5435686111450195
1.5305780172348022
1.5718252658843994
1.607452392578125
1.6579678058624268
0
0
0
0
0
0
0
0
0
0
0
0
3.0263984203338623
2.9794719219207764
2.957732915878296
2.966218948364258
2.9604549407958984
3.0518271923065186
0
0
0
0
0
0
0
0
0
0
0
0
0
0
0
0
0
0
0
0
0
0
0
0
0
0
0
1.7463661432266235
1.7039432525634766
1.7040352821350098
1.6865695714950562
1.673869013786316
1.6748806238174438
1.7042659521102905
1.7217292785644531
1.7768985033035278
0
0
0
0
0
0
0
0
0
0
0
0
0
0
0
0
0
0
0
0
0
0
0
0.7149204015731812
0.6792401075363159
0.6703494191169739
0.6573095917701721
0.6584874391555786
0.6345413327217102
0.6594130992889404
0.6252099871635437
0.6392029523849487
0.6336314678192139
0.624387264251709
0.6198337078094482
0.6217018961906433
0.6216695308685303
0.6441634297370911
0.6354647874832153
0.6325055360794067
0.6249978542327881
0.6466267108917236
0.6609433889389038
0.6566429734230042
0.6883887052536011
0.6959523558616638
2.884272575378418
0
0
0
0
0
0
0
0
0
0
0
0
0
0
0
0
0
0
0
0
0
0
0
1.5734614133834839
1.5647176504135132
1.5331389904022217
1.5268474817276
1.507027268409729
1.5191736221313477
1.5228718519210815
1.5392155647277832
1.534913182258606
1.5827019214630127
0
0
0
0
0
0
0
0
0
0
0
0
0
0
0
0
0
0
0
0
2.0566389560699463
2.0469448566436768
2.0209827423095703
2.011033773422241
2.030764579772949
2.039390802383423
2.0485317707061768
2.07847261428833
3.184311628341675
3.170596122741699
3.176989793777466
3.1951770782470703
3.2616477012634277
0
0
0
0
0
0
0
0
0
0
0
0
0
0
0
0
0
0
0
1.523463249206543
1.4661954641342163
1.4258698225021362
1.425528883934021
1.411958932876587
1.4042308330535889
1.4162057638168335
1.4222173690795898
1.4275978803634644
1.4327609539031982
1.4517723321914673
1.4932860136032104
0
0
2.864614248275757
2.860257148742676
2.826467752456665
2.841529130935669
2.8626010417938232
2.909043550491333
0
0
0
0
0
0
0
0
0
0
0
0
0
0
0
0
0
0
0
0
0
0
0.9800992012023926
0.9279031157493591
0.8936068415641785
0.8760890960693359
0.8561842441558838
0.8582971096038818
0.8524319529533386
0.8487427234649658
0.8687708377838135
0.8323889970779419
0.8650202751159668
0.8442127108573914
0.8604826331138611
0.8630102276802063
0.8594199419021606
0.8725953102111816
0.8798327445983887
0.9161168336868286
0.9533089995384216
