0.6368693709373474
0.6175358295440674
0.6442403793334961
0.6442144513130188
0.6514045596122742
0.6730185151100159
0.6532835364341736
0.6281496286392212
0.6564128994941711
0.6565114855766296
0.6535143852233887
0.661929726600647
0.6590315103530884
0.6674286723136902
0.6545317769050598
0.6629015803337097
0.6786970496177673
0.6710534691810608
0.6718065142631531
0.7063544988632202
0.662736177444458
0.690255343914032
0.7055448293685913
0.7024292349815369
0.7024837136268616
0.725515604019165
0.7299419641494751
0.7242470979690552
0.7318019866943359
0.7352406978607178
0.7463419437408447
0.727321445941925
0.7068804502487183
0.6782072186470032
0.6772918701171875
0.6662078499794006
0.6484173536300659
0.6229507327079773
0.6146147847175598
0.5827372074127197
0.5588556528091431
0.5708500146865845
0.5664674043655396
0.5392979979515076
0.5353909730911255
0.5583410859107971
0.5162606835365295
0.5167862176895142
0.5053913593292236
0.4990265369415283
0.4979102313518524
0.4762064814567566
0.4589906632900238
0.4734662175178528
0.46346515417099
0.4373297095298767
0.4597182869911194
0.4606734812259674
0.5641313791275024
0.530737042427063
0.5485231280326843
0.5371012091636658
1.4404577016830444
1.4623615741729736
1.5170230865478516
1.5139139890670776
1.4916880130767822
1.4641672372817993
1.450330138206482
1.466962218284607
1.4442706108093262
1.428818702697754
1.4264196157455444
1.4218226671218872
1.4332953691482544
1.3860063552856445
1.410866618156433
1.3815839290618896
1.4065139293670654
1.388232946395874
0
0
0
0
0
0
0
0
0
0
0
0
0
0
0
0
0
0
0
0
0
0
0
3.1060690879821777
3.3678414821624756
3.344170570373535
3.3715553283691406
3.3467047214508057
3.3228445053100586
3.3191826343536377
3.2882444858551025
2.1335127353668213
2.0119335651397705
1.9547988176345825
1.8784399032592773
1.7921885251998901
1.7438905239105225
1.5507850646972656
1.5587607622146606
1.5607845783233643
1.5834277868270874
1.5976334810256958
1.6093249320983887
1.6342569589614868
1.6819939613342285
1.6679209470748901
1.6981109380722046
1.711319088935852
1.7482891082763672
1.763213872909546
1.717574954032898
1.6889559030532837
1.6483702659606934
1.6198416948318481
1.6066089868545532
1.5801814794540405
1.538668155670166
1.5133860111236572
1.5010108947753906
1.47099769115448
1.454661250114441
1.4471062421798706
1.4264180660247803
1.3872994184494019
1.3756741285324097
1.3550339937210083
1.329558253288269
0.8610179424285889
0.8950440883636475
0.9065250158309937
0.9464743137359619
0.9740563631057739
1.0149719715118408
1.0488344430923462
0.7690786123275757
0.7525628805160522
0.7514540553092957
0.7665744423866272
0.7444554567337036
0.7322442531585693
0.719963014125824
0.7240757346153259
0.7334688305854797
0.721760094165802
0.7188944816589355
0.7114120721817017
0.6981775164604187
0.6889861226081848
0.7045609951019287
0.6975386738777161
0.7019368410110474
0.6912758946418762
0.7113760709762573
0.703771710395813
0.6901440620422363
0.6927127242088318
0.6920083165168762
0.6841942667961121
0.6969357132911682
0.6911978721618652
0.6832564473152161
0.6865615844726562
0.7043190002441406
0.6872814893722534
0.7150365114212036
3.3355348110198975
3.2809669971466064
0
0
0
0
0
0
0
0
0
0
0
0
0
0
0
0
0
0
0
0
0
0
0
0
0
0
0
0
0
0
3.47363543510437
3.3865675926208496
3.335930347442627
0
0
0
0
0
0
0
0
0
0
0
0
0
0
0
0
0
0
0
0
0
0
0
0
0
0
0
0
0
0
0
0
0
0
0
0
0
0
0
0
0
0
0
2.1189801692962646
2.0904242992401123
2.057490587234497
2.0386669635772705
2.0141942501068115
2.013610601425171
1.9728745222091675
1.9812928438186646
1.9639126062393188
1.9329513311386108
1.916725754737854
1.912028431892395
1.8922524452209473
1.8979883193969727
1.8790942430496216
1.8708864450454712
1.8515664339065552
1.8363945484161377
1.8453630208969116
1.812079906463623
1.834599256515503
1.8207406997680664
1.8125089406967163
1.799316644668579
1.7841970920562744
1.7948588132858276
2.0588936805725098
0
0
0
0
0
0.590222179889679
0.5760915279388428
0.5683045983314514
0.5699877142906189
0.5772956609725952
0.6021937131881714
0.6018008589744568
0.6006568670272827
0.6006653904914856
0.606393575668335
0.6228752136230469
0.62140953540802
0.6371557712554932
0.6607499718666077
0.6656392216682434
0.6612921953201294
0.6829330325126648
0.6865212917327881
0.7093992829322815
0.7082420587539673
0.7102557420730591
0.7345277667045593
0.7281850576400757
0.7592014074325562
0.7712249159812927
0.8096782565116882
0.8194612860679626
0.8109962344169617
0.8235213756561279
0.7949555516242981
0.7790270447731018
0.7753506898880005
0.7736433744430542
0.7560600638389587
0.7487239241600037
0.733315646648407
0.7327157855033875
0.7446771264076233
0.7094889879226685
0.7264647483825684
0.717164933681488
0.7016748785972595
0.6818395256996155
0.7000415921211243
0.7054378390312195
0.6788986325263977
0.6686545014381409
0.6807774901390076
0.6809141635894775
0.6590996980667114
0.66557776927948
0.6652745604515076
0.6641324758529663
0.6611138582229614
0.6453948020935059
0.6631603837013245
0.6696439385414124
0.6457559466362
0.6555793881416321
0.6379178166389465
0.6429584622383118
0.6477226614952087
0.6609807014465332
0.6646943092346191
0.6551701426506042
