1.1586103439331055
1.1918002367019653
1.1943033933639526
1.2156236171722412
1.2701722383499146
2.6933364868164062
2.720088243484497
2.7428793907165527
0
0
0
0
0
0
0
0
0
0
0
0
0
0
0
0
0
0
0
0
0
0
0
0
0
0
0
0
0
0
0
0
0
0
0
0
0
0
0
0
0
0
0
0
0
2.374694347381592
2.289034128189087
2.2894792556762695
2.2606775760650635
2.2590954303741455
2.2843828201293945
2.3045029640197754
2.3577044010162354
0
0
0
0
0
0
0
0
0
0
0
0
0
0
0
0
0
0
0
0
0
0
0
0
0
0
0
0
0
0
0
0
0
0
0
0
0
0
0
0
0
0
0
0
0
0
0
0
0
0
0
0
1.9939780235290527
1.957319974899292
1.9433950185775757
1.9489998817443848
1.9473717212677002
1.9610387086868286
1.982134222984314
2.0107502937316895
2.907627820968628
2.897343397140503
2.893765449523926
2.902595043182373
2.8884055614471436
2.9176061153411865
2.908945083618164
2.9295997619628906
2.9182426929473877
2.9307048320770264
2.9359869956970215
2.9621896743774414
2.969141721725464
2.9817755222320557
3.018566846847534
3.0248196125030518
3.016566276550293
3.039294958114624
3.0772674083709717
3.0817153453826904
3.0927531719207764
3.123304843902588
3.134218454360962
3.1561286449432373
3.1885454654693604
3.2271251678466797
3.2550673484802246
3.267176389694214
3.301024913787842
3.322626829147339
3.3609490394592285
2.19832444190979
1.6391581296920776
1.2968571186065674
1.0785647630691528
0.9381356239318848
0.8192389011383057
0.7341505885124207
0.6547050476074219
0.5957736968994141
0.5655518174171448
0.5756043791770935
0.573076605796814
0.5877697467803955
0.5791462063789368
0.5998421311378479
0.6013608574867249
0.591616690158844
0.6017099022865295
0.5960546731948853
0.5899947881698608
0.6055580973625183
0.6108818650245667
0.6277140974998474
0.6246441602706909
0.6447637677192688
0.6308116912841797
0.6312467455863953
0.6437827348709106
0.64961838722229
0.6517510414123535
0
0
0
0
0
0
0
0
0
0
0
0
0
0
0
0
0
2.6514806747436523
2.584434747695923
2.590813398361206
2.616938352584839
2.5999538898468018
2.6599321365356445
0
0
0
0
0
0
0
0
0
0
0
0
0
0
0
0
0
0
0
0
0
0
0
0
0
0
0
0
0
0
1.7638498544692993
1.7269937992095947
1.7083195447921753
1.703796625137329
1.680701494216919
1.6829910278320312
1.7244287729263306
1.730699062347412
1.7412809133529663
0
0
0
0
0
0
0
0
0
0
0
0
0
0
0
0
0
0
0
0
0
0
0
0
0
0
0
2.2697973251342773
2.212766408920288
2.1631877422332764
2.1569325923919678
2.1483490467071533
2.186286687850952
2.182645559310913
2.230436325073242
3.457022190093994
3.4629106521606445
3.4282355308532715
3.4503207206726074
3.4659268856048584
3.44726300239563
3.4531660079956055
3.4483625888824463
3.4650490283966064
3.454632520675659
3.4687905311584473
3.4783878326416016
3.4915900230407715
3.5
3.5
0
0
0
0
0.5199413895606995
0.5212982296943665
0.5141056776046753
0.48867467045783997
0.4789333939552307
0.47784727811813354
0.46141815185546875
0.47757211327552795
0.48481979966163635
0.4710012674331665
0.44344237446784973
0.46629253029823303
0.4664534628391266
0.45771804451942444
0.45783185958862305
0.44553861021995544
0.44822099804878235
0.44735559821128845
0.45029038190841675
0.4587581157684326
0.45471063256263733
0.46125051379203796
0.46834275126457214
0.48695358633995056
0.468224436044693
0.4817483425140381
0.5053336024284363
0.5088825225830078
0.5130185484886169
0.5281588435173035
3.2033166885375977
3.1645658016204834
3.1585779190063477
3.1333248615264893
3.1127943992614746
3.086817502975464
3.0557756423950195
3.0436370372772217
3.0857560634613037
3.2724757194519043
3.4678802490234375
0
0
0
0
0
0
0
0
0
0
1.2922148704528809
1.2092944383621216
1.1938759088516235
1.1796400547027588
1.1626091003417969
1.139487862586975
1.1486932039260864
1.1403738260269165
1.1458561420440674
1.1608470678329468
1.1659388542175293
