0
0
0
0
0
0
0
0
0
0
0
0
0
0
0
0
0
0
0
0
0
0
0
0
2.9192745685577393
0
0
0
0
0
0
0
0
0
0
0
0
0
0
0
0
0
1.068192720413208
1.0322834253311157
1.002001404762268
0.9856898784637451
0.9659363627433777
0.9508082270622253
0.9604557156562805
0.9580845236778259
0.9581542611122131
0.9637001156806946
0.9557100534439087
0.9695560336112976
0.963667631149292
0.9837677478790283
1.0121666193008423
1.0229982137680054
1.0851248502731323
3.0185067653656006
3.0144777297973633
2.975738525390625
3.000818967819214
3.0278871059417725
0
0
0
0
0
0
0
0
0
0
0
0
0
0
0
0
0
0
0
0
0
0
0
0
0
0
0
0
0
0
1.9727118015289307
0
0
0
0
0
0
0
0
0
0
0
0
0
0
0
0
0
0
0
0
0
0
0
0
0
0
0
0
0
0
0
0
0
0
0
0
0
0
0
0
0
0
0
0
0
0
0
0
0
0
0
0
0
0
0
0
0
0
0
0
0
0
0
0
0
0
0
0
0
0
0
0
0
0
1.2112655639648438
1.1980129480361938
1.1711416244506836
1.1522940397262573
1.1234068870544434
1.1298333406448364
1.1070815324783325
1.1174979209899902
1.1310802698135376
1.137883186340332
1.1484206914901733
1.163353681564331
1.1660356521606445
1.2068556547164917
0
0
0
0
0
0
0
0
0
0
0
0
0
0
0
0
0
0
0
0
0
0
0
0
0
0
0
0
0
0
0
0
0
0
0
0
0
0
0
0
0
0
0
0
0
0
0
0
0
0
0
0
0
0
0
0
0
0
0
0
0
0
0
0
0
0
0
0
0
0
0
0
0
0
0
0
0
0
0
0
0
0
0
0
0
0
0
0
0
0
0
0
0
0
0
0
0
0
0
0
0
0
0
0
0
0
0
0
0
0
0
0
0
0
0
0
0
0
0
0
0
0
0
0
0
0
0
0
0
0
0
0
0
0
0
1.1233009099960327
1.0712742805480957
1.0453304052352905
1.0449243783950806
1.0287895202636719
1.032113790512085
1.0150678157806396
1.0290558338165283
1.0277596712112427
1.031889796257019
1.042449951171875
1.056295394897461
1.0483994483947754
1.0740289688110352
1.0950679779052734
2.494354486465454
2.4779443740844727
2.5202746391296387
2.542785167694092
0
0
0
3.448040008544922
3.3386054039001465
0
0
0
0
0
0
0
0
0
0
0
0
0
0
0
0
0
0
