3.0137815475463867
3.0034897327423096
3.0121302604675293
3.0024068355560303
3.0182721614837646
3.0066275596618652
2.1061320304870605
1.9595931768417358
2.355330228805542
2.3728978633880615
2.370102882385254
2.3917288780212402
2.3895516395568848
0.880362331867218
0.8680248856544495
0.8621458411216736
0.884478747844696
0.8766764998435974
0.887664258480072
0.8846386075019836
0.8923312425613403
0.9088761210441589
0.9229249358177185
0.9238460063934326
0.9234959483146667
0.9304451942443848
0.9533824324607849
0.942847490310669
0.9518443942070007
0.9906793832778931
0.9668281078338623
0.9983887672424316
0.9913782477378845
1.020955204963684
1.036063551902771
1.0121372938156128
0.9772948622703552
0.9688382744789124
0.9506185054779053
0.9045595526695251
0.9234176278114319
0.8752639293670654
0.8629782199859619
0.8517934083938599
0.8223881125450134
0.8287954926490784
0.8063459396362305
0.7703185677528381
0.7829002737998962
0.7645675539970398
0.7602224349975586
0.7504475712776184
0.742425799369812
0.7191952466964722
0.7059285640716553
0.6963528394699097
0.7041342258453369
0.6945175528526306
0.6870619654655457
0.6747593283653259
0.676291286945343
0.6695212721824646
0.6656955480575562
0.6637190580368042
0.6484280228614807
0.6468539237976074
0.643502414226532
0.6243264675140381
0.6401395201683044
0.6211528778076172
0.6223662495613098
0.6087191104888916
0.6084766983985901
0.6090120673179626
0.6010351777076721
0.5833420753479004
0.609323263168335
0.6021295785903931
0.5956548452377319
0.5649834871292114
0.5858845114707947
0.5817708373069763
0.6038230061531067
0.5987996459007263
0.5930175185203552
0.5910160541534424
0.5819680094718933
0.5693989396095276
0.5694890022277832
0.5934892296791077
0.579391360282898
0.5886605381965637
0.5838443040847778
0.5902606844902039
0.4577178955078125
0.3543016314506531
0.3310569226741791
0.2693294584751129
0.23162095248699188
0.20830626785755157
0.19432686269283295
0.20188042521476746
0.17411187291145325
0.19481688737869263
0.1876852661371231
0.18527299165725708
0.3498786985874176
0.3230017423629761
0.2870689332485199
0.2859216630458832
0.26196569204330444
0.244138702750206
0.2525821626186371
0.24097475409507751
0.2280581146478653
0.2291456162929535
0.19468016922473907
0.19489030539989471
0.19647160172462463
0.2043439745903015
0.20087292790412903
0.19667935371398926
0.20819897949695587
0.706794023513794
0.7040671110153198
0.7171975374221802
0.7252749800682068
0.7062937617301941
0.726370096206665
0.7324267625808716
0.7552649974822998
0.7508749961853027
0.757197916507721
0.783226490020752
0.8023891448974609
0.8105884790420532
0.8426350951194763
0.8503729104995728
0.8776319622993469
0.8678924441337585
0.9188408851623535
0.925279974937439
0.9507054090499878
0.9559680819511414
0.9912007451057434
1.0095272064208984
1.0481462478637695
1.0498192310333252
1.1091440916061401
1.139095664024353
1.1410585641860962
1.1413689851760864
1.1044323444366455
1.128089189529419
1.101860761642456
1.091774582862854
1.095399022102356
1.0718934535980225
1.0862245559692383
1.062111258506775
1.04583740234375
1.0457128286361694
1.0692365169525146
1.0189087390899658
1.0302364826202393
1.0200512409210205
1.0115530490875244
0.9986754059791565
1.0095027685165405
1.024612307548523
0
0
0
0
0
0
0
0
0
0
0
0
0
0
0
0
0
0
0
0
0
0
0
0
3.145242214202881
3.1600022315979004
3.184119701385498
3.1859331130981445
3.223471164703369
3.2349069118499756
2.2835848331451416
2.17301082611084
2.189063310623169
2.2097156047821045
2.233222007751465
2.250053882598877
2.2718207836151123
2.2928290367126465
2.2983860969543457
2.3482108116149902
2.3317370414733887
2.2773375511169434
2.2017321586608887
2.1428792476654053
2.114889621734619
1.3954730033874512
1.4035992622375488
1.4336440563201904
1.437604308128357
1.4650496244430542
1.4704346656799316
1.5297378301620483
1.5190068483352661
1.5579172372817993
1.5933231115341187
1.6210792064666748
1.6529898643493652
1.7033179998397827
1.732505440711975
1.7626510858535767
1.7860758304595947
1.8349101543426514
1.89630925655365
1.9198204278945923
1.9658677577972412
2.009873628616333
0
0
0
0
0
3.2789225578308105
3.374556541442871
3.1891777515411377
3.1861140727996826
3.177748680114746
3.143760919570923
3.114854574203491
3.0882108211517334
3.0817010402679443
0
0
0
0
0
0
0
0
0
0
2.8302359580993652
2.768732786178589
2.7485251426696777
2.7283897399902344
2.6987669467926025
2.673487901687622
2.6588549613952637
2.6205708980560303
0
0
0
0
3.4744205474853516
3.4544010162353516
3.413356065750122
0
0
0
0
0
0
0
1.696690320968628
0
0
0
0
0
0
0
0
0
0
0
0
0
0
0
0
0
0
0
0
0
3.190692186355591
3.223792314529419
3.2400224208831787
3.3025906085968018
3.3475182056427
2.7592475414276123
2.8130550384521484
2.848318099975586
2.9105942249298096
2.9674742221832275
2.9950850009918213
3.054213285446167
0
0
0
0
0
0
0
0
0
0
0
0
3.4611423015594482
3.4084980487823486
3.4036872386932373
3.3648786544799805
3.461725950241089
3.3670220375061035
3.334841251373291
3.296576976776123
3.2763288021087646
1.3936582803726196
1.3668795824050903
3.218271493911743
3.1971657276153564
3.160943031311035
3.1623053550720215
3.1341559886932373
3.1143946647644043
3.0958385467529297
3.0739917755126953
3.085236072540283
3.074943780899048
3.0805466175079346
3.049720048904419
3.0260977745056152
3.0251595973968506
3.014035701751709
3.0164926052093506
3.0068676471710205
3.0017364025115967
3.0187973976135254
3.0105111598968506
3.004728317260742
