0
0
0
0
0
0
1.6310299634933472
1.5854257345199585
1.5597859621047974
1.5517997741699219
1.5686545372009277
1.557168960571289
1.5398979187011719
1.5755109786987305
1.5784550905227661
1.624890923500061
1.6831287145614624
2.134610652923584
2.131221055984497
2.1854143142700195
2.266983985900879
0
0
0
1.7728784084320068
1.7266075611114502
1.6884392499923706
1.6846153736114502
1.6771900653839111
1.6785919666290283
1.6791772842407227
1.6801265478134155
1.7115366458892822
1.7308478355407715
0
0
0
0
0
0
0
0
0
0
0
0
0
0
0
0
0
0
0
0
0
0
0
0
0
0
0
0
3.391106128692627
3.2981348037719727
3.2527573108673096
3.2692818641662598
3.281096935272217
3.348726987838745
0
0
0
0
0
0
0
0
0
0
0
0
0
0
0
0
0
0
0
0
0
0
0
0
0
0
0
0
0
0
2.459933280944824
2.3939671516418457
2.371316909790039
2.368359088897705
2.3806824684143066
2.3943750858306885
2.4328792095184326
0
0
0
0
0
0
0
2.2878639698028564
2.258967638015747
2.23018741607666
2.2370617389678955
2.2531838417053223
2.273789882659912
2.2884674072265625
0
0
0
0
0
0
0
2.3581013679504395
2.3218748569488525
2.3087902069091797
2.3002429008483887
2.3411858081817627
2.332768201828003
2.379162073135376
0
0
0
0
0
0
2.701301097869873
2.6788876056671143
2.6649417877197266
2.6640679836273193
2.674121379852295
2.745030641555786
0
0
0
0
3.0441293716430664
3.014523506164551
3.008272409439087
3.0222108364105225
3.077362537384033
0
0
0
0.8019250631332397
0.7734624743461609
0.741705060005188
0.7273889780044556
0.7149447798728943
0.7058877944946289
0.6950508952140808
0.6791080832481384
0.6987354159355164
0.6976273059844971
0.6966836452484131
0.6735210418701172
0.6910020112991333
0.698579728603363
0.6926352381706238
0.7134730815887451
0.6924469470977783
0.7115002274513245
0.7067202925682068
0.7447768449783325
0.7604430317878723
0.7807987928390503
0
0
0
0
0
1.4596397876739502
1.4259254932403564
0.4144589304924011
0.3975893259048462
0.39451587200164795
0.3802894353866577
0.3623035252094269
0.36509639024734497
0.3492914140224457
0.3400542736053467
0.33822962641716003
0.32646387815475464
0.34903693199157715
0.32417529821395874
0.3446505665779114
0.34230443835258484
0.3371192216873169
0.31201285123825073
0.3305317461490631
0.32407405972480774
0.3293778896331787
0.3364351689815521
0.31914401054382324
0.31987905502319336
0.32739973068237305
0.3471994996070862
0.32897675037384033
0.32664060592651367
0.33477798104286194
0.3476416766643524
0.34099066257476807
0.3556162416934967
0.36342355608940125
0.3588499128818512
0.3590068221092224
0.38286450505256653
0.3907671570777893
0.4115395247936249
0.4237445592880249
0.4526898264884949
0
0
0
0
0
0
0
0
0
0
0
0
0
0
0
2.2897777557373047
2.218492031097412
2.204371213912964
2.190725088119507
2.195603370666504
2.2045114040374756
2.233851194381714
2.2635843753814697
0
0
0
0
0
2.5196340084075928
2.4869627952575684
2.4673385620117188
2.467694044113159
2.4593918323516846
2.4903104305267334
2.5584464073181152
0
0
0
0
0
0
0
0
0
0
0
0
0
0
0
0
0
0
0
0
0
0
0
0
0
2.029283046722412
1.986486554145813
1.9835048913955688
1.9425084590911865
1.9540324211120605
1.945397973060608
1.9519569873809814
1.5588001012802124
1.5174895524978638
1.4954382181167603
1.4776486158370972
1.466378927230835
1.478507399559021
1.4730489253997803
1.4665076732635498
1.4672499895095825
1.5029892921447754
1.5240952968597412
1.5791733264923096
1.9315531253814697
1.8960902690887451
1.887355089187622
1.8746678829193115
1.8729288578033447
1.8770631551742554
1.896704077720642
1.920633316040039
1.982580542564392
0
0
0
0
2.729792594909668
2.698273181915283
2.6445252895355225
2.595005750656128
2.553417444229126
2.5306146144866943
2.500196695327759
3.161221742630005
3.250467538833618
3.316577434539795
3.416799306869507
3.4152231216430664
3.3550994396209717
3.3272180557250977
3.3177385330200195
3.270670175552368
3.237131118774414
0
0
0
0
0
0
0
0
0
0
0
0
0
0
0
0
0
0
0
0
0
0
0
0
0
0
0
