1.4846186637878418
1.5087908506393433
1.51689612865448
1.5564225912094116
1.5626282691955566
0
0
0
0
0
2.189490556716919
2.1086013317108154
2.0956478118896484
2.05776309967041
2.0442967414855957
2.0657925605773926
2.103201389312744
2.111816167831421
2.1461594104766846
0
0
0
0
0
0
0
0
0
0
0
0
0
1.0418933629989624
1.0105855464935303
1.0034059286117554
0.9582932591438293
0.948062002658844
0.9506904482841492
0.9295623302459717
0.9517574906349182
0.9370104074478149
0.9156529307365417
0.9365056753158569
0.959215521812439
0.9568410515785217
0.9408254623413086
0.9725882411003113
1.0048788785934448
1.0170753002166748
0
0
0
0
0
0
0
0
0
0
0
0
1.7248460054397583
1.7052541971206665
0
0
0
0
0
0
0.6184524297714233
0.6040688157081604
0.5829604864120483
0.5674902200698853
0.5281002521514893
0.534950315952301
0.5465483069419861
0.5303574204444885
0.5291861295700073
0.5133136510848999
0.5273624062538147
0.531299889087677
0.5169679522514343
0.5313023328781128
0.5276761054992676
0.5176676511764526
0.5078393220901489
0.5186707377433777
0.5133166313171387
0.530466616153717
0.5380908250808716
0.534285306930542
0.5584432482719421
0.5552728176116943
0.5449960827827454
0.587590754032135
0.6154176592826843
3.286998748779297
3.091480255126953
3.4979326725006104
0
0
0
0
0
0
0
0
0
0
0
0
0
3.359567165374756
3.319978952407837
0
0
0
0
0
0
0
0
0
0
0
0
1.627726674079895
1.5987573862075806
1.571710228919983
1.5616651773452759
1.5397499799728394
1.5421037673950195
1.5133403539657593
1.524726152420044
1.536624550819397
1.5390596389770508
1.5467661619186401
1.5575860738754272
1.6058639287948608
1.6239429712295532
1.679634928703308
0
0
0
1.7245187759399414
1.6634190082550049
1.639905333518982
1.6120222806930542
1.6035149097442627
1.596611499786377
1.6016175746917725
1.6045989990234375
1.6341456174850464
1.664318323135376
1.7461016178131104
0
0
0
0
0
0
0
0
0
0
0
0
0
0
2.023656129837036
1.9614373445510864
1.9480643272399902
1.9171394109725952
1.9276646375656128
1.900485634803772
1.9077059030532837
1.8935153484344482
1.9125977754592896
1.9321227073669434
1.9585198163986206
1.9832885265350342
2.0534780025482178
0
0
0
0
0
0
0
0
0
0
0
2.5071277618408203
2.4223246574401855
2.339536428451538
2.309778928756714
2.275228500366211
2.2497243881225586
2.2412660121917725
2.2323927879333496
2.2125730514526367
2.2041068077087402
2.228919267654419
2.196816921234131
2.2049245834350586
2.2357115745544434
2.2456135749816895
2.243917465209961
2.2826249599456787
2.3000717163085938
2.345862627029419
2.4014039039611816
2.4931752681732178
0
0
0
0
2.1686923503875732
2.056601047515869
2.0285420417785645
1.986879587173462
1.963362455368042
1.9447803497314453
1.9486850500106812
1.938145637512207
1.9230865240097046
1.9450069665908813
1.9409303665161133
1.9541205167770386
1.9842791557312012
2.011338710784912
2.0462303161621094
2.132065773010254
0
0
0
0
0
0
0
0
3.4901254177093506
3.427342653274536
3.412059783935547
3.3665764331817627
3.3575174808502197
3.335261344909668
3.2969248294830322
3.274524688720703
3.2868435382843018
3.2363100051879883
3.210181474685669
3.20564866065979
3.197705030441284
3.1724560260772705
3.141218900680542
3.1492602825164795
3.3096165657043457
3.124356746673584
3.0872159004211426
3.097748279571533
3.1011812686920166
3.1025683879852295
0.8012591004371643
0.7610785365104675
0.7485406994819641
0.7308564782142639
0.7207011580467224
0.7321304678916931
0.6931154727935791
0.6999183893203735
0.7136874198913574
0.6594635844230652
0.694035530090332
0.6860604286193848
0.7025576829910278
0.6887389421463013
0.6941170692443848
0.7118431329727173
0.7191994786262512
0.7121871113777161
0.7361765503883362
0.7493492364883423
0.7779565453529358
3.1828479766845703
3.1873457431793213
3.2059504985809326
3.2124876976013184
3.2621591091156006
3.2749171257019043
3.286470413208008
0
0
0
0
0
0
0
0
0
0
0
0
0
0
0
0
0
0
0
0
0
2.5914266109466553
2.5661427974700928
2.5632293224334717
2.536375045776367
2.5578112602233887
2.602631092071533
2.7001140117645264
0
0
0
0
0
0
0
1.4761590957641602
1.4382894039154053
1.4007923603057861
1.3864911794662476
1.397173523902893
0.8099174499511719
0.7747636437416077
0.767116367816925
0.7583022713661194
0.7294522523880005
0.7166363000869751
0.7453066110610962
0.7327708005905151
0.7213291525840759
0.716825008392334
0.7337684035301208
0.7209904193878174
0.7169892191886902
0.722265899181366
0.7404549717903137
0.7358750104904175
0.7576544284820557
0.7591026425361633
0.7773892879486084
0.7999523878097534
0.8486834764480591
1.6356068849563599
1.5591260194778442
1.5331746339797974
1.514078974723816
1.5037636756896973
1.5030595064163208
1.5013476610183716
