1677852005361 0.21397791802883148 0
1677852007460 0.2490740716457367 1
1677852009962 0.30889421701431274 2
1677852011979 0.30897435545921326 3
1677852013841 0.3116809129714966 4
1677852015707 0.3313835561275482 5
1677852017566 0.32366451621055603 6
1677852019375 0.32780447602272034 7
1677852021198 0.33612892031669617 8
1677852023033 0.34524571895599365 9
1677852024990 0.3560452163219452 10
1677852026841 0.3595975637435913 11
1677852028702 0.36112892627716064 12
1677852030511 0.36737000942230225 13
1677852032375 0.3732728064060211 14
1677852034319 0.37623754143714905 15
1677852036205 0.37498220801353455 16
1677852038042 0.37589922547340393 17
1677852039960 0.3794782757759094 18
1677852042685 0.379549503326416 19
1677852044940 0.3858262002468109 20
1677852047160 0.3843750059604645 21
1677852049169 0.3861289322376251 22
1677852051117 0.3911324739456177 23
1677852052979 0.3919871747493744 24
1677852054882 0.39079415798187256 25
1677852056864 0.38871973752975464 26
1677852058874 0.39297541975975037 27
1677852060680 0.3948450982570648 28
1677852062588 0.39342057704925537 29
1677852064484 0.3938657343387604 30
1677852066499 0.3971242904663086 31
1677852068446 0.3980146050453186 32
1677852070303 0.39832621812820435 33
1677852072181 0.39991095662117004 34
1677852074039 0.4005697965621948 35
1677852075847 0.39829060435295105 36
1677852077759 0.3945334851741791 37
1677852079625 0.3970174491405487 38
1677852081516 0.4012998640537262 39
1677852083485 0.4023415148258209 40
1677852085420 0.4034009873867035 41
1677852087331 0.40178951621055603 42
1677852089191 0.40604522824287415 43
1677852091072 0.40316060185432434 44
1677852093426 0.40645477175712585 45
1677852095383 0.40771010518074036 46
1677852097370 0.41107550263404846 47
1677852099263 0.4109152555465698 48
1677852101244 0.41085290908813477 49
1677852103121 0.4106125235557556 50
1677852105122 0.4063924551010132 51
1677852107189 0.40811076760292053 52
1677852109086 0.4044515788555145 53
1677852111028 0.40752315521240234 54
1677852113021 0.41088852286338806 55
1677852114908 0.40641024708747864 56
1677852116822 0.40808403491973877 57
1677852118716 0.40921473503112793 58
1677852120607 0.4103988707065582 59
1677852123021 0.410897433757782 60
1677852125480 0.4113069772720337 61
1677852127431 0.41310539841651917 62
1677852129305 0.4136752188205719 63
