1680883470925 0.0003309382651331836 0
1680883481727 0.0006239750830462344 3
1680883484757 0.0027890973975320094 4
1680883494241 0.004930711614626615 6
1680883497700 0.025484063102430888 7
1680883508866 0.038787741077947836 9
1680883511935 0.08745998677159829 10
1680883514965 0.10414950518260206 11
1680883517554 0.19667618970649517 12
1680883520035 0.24727869643846034 13
1680883524916 0.3013308531994699 15
1680883541597 0.33173938728398683 22
1680883544006 0.3628760793571011 23
1680883548792 0.3624187923624886 25
1680883551175 0.4084385670467227 26
1680883555908 0.4206980531964388 28
1680883558269 0.46563574722310164 29
1680883560647 0.5177682917556538 30
1680883567770 0.5249283511659241 33
1680883570163 0.581624544469329 34
1680883584219 0.5851103519680905 40
1680883588878 0.5883737256924492 42
1680883593588 0.6461544003908398 44
1680883609965 0.670406248262342 51
1680883640238 0.6795830350160936 64
1680883642585 0.6980374692277769 65
1680883644960 0.705088084163143 66
1680883649647 0.7158649408259442 68
1680883659010 0.7297634818107245 72
1680883700811 0.740882271063041 90
1680883705480 0.7446334573115759 92
1680883721846 0.7548621889909278 99
1680883740448 0.7590535221943225 107
1680883745199 0.7722173394579745 109
1680883775366 0.7745354919211245 122
1680883777727 0.7756882262671351 123
1680883780135 0.7831787891673775 124
1680883800981 0.7861526884387323 133
1680883812535 0.7898038812818452 138
1680883833375 0.7986047365821198 147
1680883858926 0.8096980500041426 158
1680883875173 0.815373316614481 165
1680883919115 0.8168459054437894 184
1680883928412 0.8197128259535806 188
1680883930743 0.8216776877244106 189
1680883949335 0.8237839810761193 197
1680883965562 0.825586834736519 204
1680883977193 0.8309924127924848 209
1680884035011 0.8313359479058288 234
1680884044367 0.8377787672379907 238
1680884060558 0.8388678381913479 245
1680884088212 0.8409036874558998 257
1680884108971 0.8415465381558631 266
1680884132177 0.8447313458643921 276
1680884148392 0.8453636463853685 283
1680884164567 0.8507027457141133 290
1680884217539 0.8542203518243875 313
1680884243072 0.8551417280420598 324
1680884266091 0.8556322853302598 334
1680884286894 0.857796810004352 343
1680884330843 0.8582393740883753 362
1680884344664 0.8615880742526284 368
1680884381555 0.8651451608712349 384
1680884397681 0.8656846636495619 391
1680884402368 0.8683962090828509 393
1680884450778 0.870006413491796 414
1680884466950 0.8709686809621667 421
1680884473926 0.8713030923720151 424
1680884476254 0.8718566813831968 425
1680884478591 0.8728916674487991 426
1680884526762 0.8740664737381628 447
1680884575081 0.8746602936219547 468
1680884577410 0.8752457692096343 469
1680884586695 0.8754466292010866 473
1680884600503 0.8754642754366267 479
1680884616613 0.8756281118018093 486
1680884618972 0.8758614603457003 487
1680884630593 0.8760529725053496 492
1680884632939 0.8772937964180266 493
1680884635294 0.8774331012452636 494
1680884639985 0.8794028521449757 496
