1680883470925 0.14476055322791367 0
1680883481727 0.19980287796140148 3
1680883484757 0.04415011037527594 4
1680883494241 0.3644853540123973 6
1680883497700 0.08278145695364238 7
1680883508866 0.36771385559829833 9
1680883511935 0.5712874597220193 10
1680883514965 0.5152755474974743 11
1680883517554 0.6352439904048733 12
1680883520035 0.7040258489996315 13
1680883524916 0.7540509325542119 15
1680883541597 0.799963254904486 22
1680883544006 0.7877550129566551 23
1680883548792 0.7785892785952918 25
1680883551175 0.8206263365963428 26
1680883555908 0.8048689137393912 28
1680883558269 0.8065088727400515 29
1680883560647 0.8429744879081826 30
1680883567770 0.8529643751590258 33
1680883570163 0.8903743325108291 34
1680883584219 0.9111456766625494 40
1680883588878 0.9160437779830005 42
1680883593588 0.9320209409231213 44
1680883609965 0.9178831558743864 51
1680883640238 0.9488234457019367 64
1680883642585 0.9480824603277241 65
1680883644960 0.9503508887584213 66
1680883649647 0.9478453838824512 68
1680883659010 0.9518264807705928 72
1680883700811 0.9567746578428018 90
1680883705480 0.9501908951801368 92
1680883721846 0.9637991662910285 99
1680883740448 0.9506173086962176 107
1680883745199 0.9639363015652576 109
1680883775366 0.9654089856423743 122
1680883777727 0.9644448544949294 123
1680883780135 0.9711753666682871 124
1680883800981 0.9701810719266909 133
1680883812535 0.9709202906482611 138
1680883833375 0.969718716199921 147
1680883858926 0.9781003958334743 158
1680883875173 0.9748974003422671 165
1680883919115 0.9707027821633062 184
1680883928412 0.9750625498113065 188
1680883930743 0.9741897354646555 189
1680883949335 0.9745355459495997 197
1680883965562 0.9785874022099829 204
1680883977193 0.9761652899007226 209
1680884035011 0.9808671335832484 234
1680884044367 0.9742517622505865 238
1680884060558 0.9784720380394765 245
1680884088212 0.9831282989362147 257
1680884108971 0.9796787471936637 266
1680884132177 0.9837105364824348 276
1680884148392 0.982083037403448 283
1680884164567 0.9780828525540719 290
1680884217539 0.980523118422072 313
1680884243072 0.9802425280090099 324
1680884266091 0.9865696339503879 334
1680884286894 0.9768504422951793 343
1680884330843 0.9824863345890104 362
1680884344664 0.9867966815748946 368
1680884381555 0.9864996339219436 384
1680884397681 0.9870667711115974 391
1680884402368 0.987054942642492 393
1680884450778 0.9891408260104108 414
1680884466950 0.984496747980106 421
1680884473926 0.9857043017765158 424
1680884476254 0.9838590647791973 425
1680884478591 0.9810765523623992 426
1680884526762 0.9831612455989429 447
1680884575081 0.9879294675867082 468
1680884577410 0.9874985540584351 469
1680884586695 0.9827123118201327 473
1680884600503 0.9868211450518386 479
1680884616613 0.9852834344099196 486
1680884618972 0.9882041428730536 487
1680884630593 0.9820287976005307 492
1680884632939 0.985928381034808 493
1680884635294 0.9860902761581049 494
1680884639985 0.9800552352753445 496
