1680882838650 0.11334301932693606 0
1680882843621 0.15591242670600622 1
1680882852137 0.11703628957850211 3
1680882856167 0.47864491452035346 4
1680882859729 0.12472406181015454 5
1680882863558 0.46574744750546104 6
1680882867523 0.4275685742300562 7
1680882870720 0.5456205399060137 8
1680882876952 0.37852171960938374 10
1680882883095 0.6444545385283483 12
1680882889372 0.6857493422829825 14
1680882892481 0.662631748050987 15
1680882895730 0.7181091140381014 16
1680882901409 0.7385304037615906 18
1680882907508 0.7117198759206373 20
1680882910432 0.7698978700995122 21
1680882913508 0.761883381706033 22
1680882916437 0.7407558320218873 23
1680882919245 0.7391453943046145 24
1680882924740 0.7610853090933426 26
1680882927570 0.782737549067344 27
1680882933095 0.7774342958103242 29
1680882966465 0.8988525473213985 41
1680882993782 0.9078229319939148 51
1680883013953 0.9155471667649472 58
1680883027917 0.9372856768753791 63
1680883052600 0.928759768864612 72
1680883061024 0.9408179101485922 75
1680883063854 0.9397253364407371 76
1680883072262 0.9445380479670359 79
1680883086120 0.946447195084458 84
1680883088892 0.9495428370522577 85
1680883102469 0.942862574869935 90
1680883105317 0.9599464100751637 91
1680883122567 0.9645848569747955 97
1680883145010 0.9636164046501129 105
1680883175872 0.9487422449680163 116
1680883178764 0.9532663598233939 117
1680883181499 0.9572395398819141 118
1680883195057 0.9656665399401477 123
1680883200701 0.9569566354224088 125
1680883217827 0.9624794123301519 131
1680883229580 0.961057376046254 135
1680883263498 0.971203230660545 147
1680883275420 0.9722365256055104 151
1680883281091 0.9721055888992236 153
1680883297546 0.969326068386525 159
1680883314326 0.9688986159570034 165
1680883339555 0.9701216929371043 174
1680883361932 0.9719847624423185 182
1680883373515 0.9719424534483604 186
1680883403152 0.9750348099764712 196
1680883426382 0.9777076561207022 204
1680883429293 0.97087260372924 205
1680883440553 0.9746842095844442 209
