0
0
0
0
0
0
0
0
0
0
0
0
0
0
0
0
0
0
2.058213710784912
2.011517286300659
1.9809858798980713
1.9711909294128418
1.9777047634124756
1.980146884918213
1.9812533855438232
2.0330147743225098
2.0817606449127197
0
0
0
0
0
0
0
0
0
0
0
0
0
0
0
0
0
0
3.167191982269287
3.12914776802063
3.0904643535614014
3.0964772701263428
3.1331632137298584
3.1805591583251953
0
0
0
0
0
0
0
0
0
0
0
0
0
0
0
0
0
0
0
0
0
0
0
0
0
0
0
0
0
3.4707977771759033
3.4431941509246826
3.4664816856384277
3.5
0
0
0
0
0
0
0
0
0
0
0
0
0
0
0
0
0
0
0
0
0
0
0
0
0
0
0
0
0
0
0
0
0
0
0
0
0
0
0
0
0
0
0
0
0
0
0
0
0
0
0
0
0
0
0
0
0
0
0
0
0
1.8939452171325684
1.8425679206848145
1.8134593963623047
1.7911078929901123
1.8087557554244995
1.7922635078430176
1.7982594966888428
1.812361478805542
1.8552607297897339
3.206444501876831
3.1604597568511963
3.1566572189331055
3.1232123374938965
3.09883189201355
3.0960304737091064
3.0626392364501953
3.0410752296447754
3.007873296737671
3.014594793319702
2.9735796451568604
2.9638752937316895
2.9754745960235596
2.9528098106384277
2.9518935680389404
2.9297797679901123
2.9292497634887695
2.912851095199585
2.900907039642334
2.903129816055298
2.9120731353759766
2.8868167400360107
2.88999080657959
0
2.844587564468384
2.862983465194702
2.8576865196228027
2.857091188430786
2.8559727668762207
2.870454788208008
2.8574697971343994
2.8654398918151855
2.873638868331909
2.883988618850708
2.8637278079986572
2.900944948196411
2.9151036739349365
2.9160518646240234
2.916769027709961
2.9373340606689453
2.9321186542510986
2.9854989051818848
2.964926242828369
2.9890050888061523
3.012021541595459
3.040738344192505
3.052746057510376
3.0689218044281006
3.1100311279296875
3.0971968173980713
3.1403563022613525
3.178748846054077
3.203032970428467
3.198367118835449
3.260500907897949
3.2606043815612793
3.3111181259155273
3.350412368774414
3.3719940185546875
3.4323737621307373
0.7118991613388062
0.7034629583358765
0.6876396536827087
0.6643000245094299
0.6553123593330383
0.6439293622970581
0.6374217867851257
0.6423136591911316
0.6432612538337708
0.6371919512748718
0.6171533465385437
0.6416105628013611
0.6339677572250366
0.6387069225311279
0.6309316158294678
0.6385188102722168
0.6412303447723389
0.6776857376098633
0.6666876077651978
0.6798723340034485
0.6826797723770142
0.702957272529602
0.7317629456520081
0
0
0
0
0
0
0
0
0
0
0
0
0
0
0
0
0
0
0
0
0
0
0
0
0
0
0
0
0
0
0
0
0
0
0
2.481125593185425
2.421022415161133
2.409663677215576
2.3883111476898193
2.402916193008423
2.405383825302124
2.434467315673828
2.924954652786255
2.8697011470794678
2.871312141418457
2.8722846508026123
2.9036271572113037
2.543581962585449
2.4465513229370117
2.413910150527954
2.4093358516693115
2.4046852588653564
2.4258968830108643
2.4526314735412598
2.519256114959717
0
0
0
0
0
0
0
0
3.27937388420105
3.2441141605377197
3.2215254306793213
3.2362735271453857
3.2605199813842773
3.3296844959259033
0
0
0
0
0
0
0
0
0
0
0
0
0
0
0
1.9161906242370605
1.8428945541381836
1.8309508562088013
1.8165881633758545
1.7821074724197388
1.7868061065673828
1.8062899112701416
1.8183027505874634
1.8578393459320068
1.8794770240783691
0
0
0
0
0
0
0
0
0
0
0
0
0
0
0
0
0
0
0
0
0
0
0
0
0
0
0
0
0
