0
0
0
0
0
0
0
0
0
0
0
0
0
0
1.0041545629501343
0.9774693846702576
0.965786874294281
0.9344314932823181
0.9398874640464783
0.925329327583313
0.9180367588996887
0.900066077709198
0.9078347086906433
0.8924263715744019
0.9108264446258545
0.9184985160827637
0.9256545901298523
0.927823007106781
0.9494826793670654
0.9624170660972595
0.997880756855011
2.5579307079315186
2.5689752101898193
2.602604627609253
2.633187770843506
0
0
0
0
0
0
0
0
0
0
0
0
0
0
0
0
0
0
0
0
0
0
0
0
0
0
3.1010336875915527
3.0504517555236816
3.024277448654175
3.030975580215454
3.0482633113861084
3.0866780281066895
0
0
0
0
0
0
0
0
0
0
0
0
0
0
0
0
0
0
0
0
0
0
0
0
0
0
0
0
0
0
0
0
0
0
0
0
0
0
0
0
0
0
0
0
0
0
0
0
0
0
0
0
0
0
0
0
0
0
0
0
0
0
0
0
0
0
0
0
0
0
0
0
0
0
0
0
0
0
0
0
0
0
0
0
0
0
0
0
0
0
0
0
0
0
0
0
0
0
0
0
0
0
0
0
0
0
0
0
0
0
0
0
0
0
0
0
0
0
0
0
0
0
0
0
0
0
0
0
0
0
0
0
0
0
0
0
0
0
0
0
0
0
0
0
0
0
0
0
0
0
0
0
0
0
0
0
0
0
0
0
0
0
0
0
0
0
0
0
0
0
0
0
0
0
0
0
0
0
0
0
0
0
0
0
0
0
0
0
0
0
0
0
0
0
0
0
0
0
0
0
0
0
0
0
0
0
0
0
0
0
0
0
0
0
0
0
0
0
0
0
0
0
0
0
0
0
0
0
0
0
0
0
0
0
0
0
0
0
0
0
0
0
0
0
0
0
0
0
0
0
0
0
0
0
0
0
0
0
0
0
0
0
0
0
0
0
0
0
0
0
0
0
0
0
0
0
0
0
0
0
0
0
0
0
3.0728018283843994
3.04646897315979
3.037219524383545
3.0491600036621094
3.0903680324554443
3.169863700866699
0
0
0
