1.1281356811523438
1.1328802108764648
1.15574312210083
1.1457756757736206
1.157590627670288
1.1777887344360352
1.1790271997451782
1.193829894065857
1.234140157699585
1.2262171506881714
1.2485041618347168
1.2959755659103394
1.2966468334197998
1.2675864696502686
1.226034164428711
1.2101565599441528
1.199851393699646
1.1856878995895386
1.15045166015625
1.1410892009735107
1.1089178323745728
1.0931310653686523
1.0867102146148682
1.0689722299575806
1.038849115371704
1.038666844367981
1.035714864730835
0
0
0
0
0
0
0
0
0
0
0
0
0
0
0
0
0
0
0
0
0
0
0
0
0
0
0
0
0
0
0
0
0
0
0
0
0
0
0
0
2.885000467300415
2.8101797103881836
2.751661777496338
2.6777493953704834
2.6468334197998047
2.693347930908203
2.724045515060425
2.766580820083618
2.805431842803955
2.8312134742736816
2.8843045234680176
2.9325685501098633
2.798088788986206
2.732828140258789
2.686485767364502
2.6345150470733643
2.5986685752868652
2.573988914489746
3.2365329265594482
3.287721633911133
3.394517421722412
3.4567575454711914
3.498873472213745
3.458317756652832
3.411593198776245
3.3572728633880615
3.347832202911377
3.313539505004883
0
0
0
0
2.077996015548706
2.0735104084014893
2.0824649333953857
2.0314908027648926
2.0519721508026123
2.007688283920288
2.0020339488983154
2.000269889831543
1.9884328842163086
1.9733260869979858
1.9712063074111938
2.077782154083252
1.8904087543487549
1.9654489755630493
2.1348249912261963
2.299964666366577
2.3145251274108887
2.3073275089263916
2.298027753829956
2.3016152381896973
2.291930913925171
2.3001816272735596
2.280142307281494
2.2910802364349365
2.289273262023926
2.2843761444091797
2.2946813106536865
0
0
0
0
0
0
0
0
0
0
0
0
0
0
0
0
0
0
0
0
0
0
0
0
0
0
0
0
3.492858409881592
0
0
0
0
0
0
3.4716148376464844
3.3735129833221436
2.753675937652588
2.75852108001709
2.630459785461426
2.6670055389404297
2.7274365425109863
2.76071834564209
2.7868878841400146
2.8454771041870117
2.883662700653076
2.839768171310425
2.7919998168945312
2.732266902923584
2.697032928466797
2.6682050228118896
2.6383979320526123
2.595698833465576
2.5632123947143555
2.5149099826812744
2.0075974464416504
2.0307698249816895
2.120743751525879
2.1641318798065186
2.2409720420837402
2.3060929775238037
3.0556252002716064
0.8477839827537537
0.8675500750541687
0.8386428356170654
2.9633867740631104
2.924466371536255
2.909852981567383
2.8772201538085938
2.880310297012329
2.850433111190796
2.8389084339141846
2.8097617626190186
2.791077136993408
2.790070056915283
2.7840068340301514
2.786170244216919
2.771021604537964
2.7552356719970703
2.729326009750366
2.7418439388275146
2.724705696105957
2.7310774326324463
2.707273244857788
2.708402633666992
2.7064132690429688
2.694394111633301
2.7249715328216553
2.6993508338928223
2.700854539871216
2.7153801918029785
2.71751070022583
2.700873374938965
0
3.462026357650757
2.919630527496338
2.733297109603882
2.7357115745544434
2.7240121364593506
2.747603416442871
2.7630841732025146
2.766079902648926
2.8033158779144287
2.8025567531585693
2.822817325592041
2.820254325866699
2.8473455905914307
2.851762533187866
2.868368625640869
2.8978066444396973
2.9160780906677246
2.929450273513794
2.950955629348755
2.971944570541382
3.013577461242676
3.0495541095733643
3.0538036823272705
3.083404779434204
3.1099698543548584
3.152193784713745
3.1671245098114014
3.2177600860595703
3.2449355125427246
3.3014626502990723
3.316422700881958
3.389381170272827
3.409221887588501
3.4592602252960205
0
0
0
0
0
0
0
1.7630890607833862
1.689023733139038
1.627511978149414
1.5812779664993286
1.5067082643508911
1.4658238887786865
1.9104939699172974
1.930611252784729
1.9557275772094727
1.9545470476150513
1.9998583793640137
2.0081002712249756
2.0362637042999268
2.061429262161255
2.0815675258636475
2.1181726455688477
2.149209499359131
2.176480531692505
2.2267813682556152
2.246570587158203
2.2734591960906982
2.2669100761413574
2.228891134262085
2.1975622177124023
2.1449928283691406
2.135026693344116
2.1095969676971436
2.070934295654297
2.038189172744751
0
0
0
0
0
0
0
0
0
2.620671272277832
2.5999255180358887
2.6036136150360107
2.6188669204711914
2.6262941360473633
2.6123623847961426
2.636768102645874
2.595947027206421
2.5947372913360596
0
0
3.107595205307007
2.609971046447754
2.2579307556152344
2.1271109580993652
2.1275582313537598
2.134080171585083
2.1366546154022217
2.161339282989502
2.1498992443084717
2.1711223125457764
2.170769691467285
2.1975274085998535
2.1902480125427246
0
0
0.579412043094635
0.5802170038223267
0.6627442240715027
0.9530473351478577
0.9724872708320618
0.9937422275543213
0.9884595274925232
0.9686139822006226
0.9868389368057251
0.9899663329124451
0.9975991249084473
0.9829621911048889
0.982826828956604
0.98021399974823
0.9902958869934082
1.0034921169281006
0.9962339401245117
0.9980557560920715
1.0152778625488281
1.0078375339508057
1.0037566423416138
1.0364686250686646
1.0260412693023682
1.0223487615585327
1.0389636754989624
1.0194340944290161
1.0496561527252197
1.055050253868103
1.0550994873046875
1.0725505352020264
1.0789955854415894
1.0846890211105347
1.098027229309082
1.099666714668274
1.1056009531021118
