0
0
0
0
0
0
0
0
0
0
0
2.8927457332611084
2.8324167728424072
2.7933290004730225
2.785938024520874
2.7907962799072266
2.825934886932373
2.8947794437408447
1.2339437007904053
1.1467595100402832
1.1152640581130981
1.0977965593338013
1.1009560823440552
1.0833231210708618
1.0601290464401245
1.060942530632019
1.0725144147872925
1.0735714435577393
1.0702342987060547
1.0998865365982056
1.0887373685836792
1.1291406154632568
1.1435271501541138
1.199087142944336
0
0
0
0
0
0
0
0
0
0
0
0
0
0
0
0
0
0
3.5
3.4840564727783203
3.493952751159668
3.4707071781158447
3.4750733375549316
3.457362651824951
3.4651877880096436
3.4569146633148193
3.4715070724487305
3.463332176208496
3.468247413635254
3.4836113452911377
3.489293336868286
3.4989824295043945
0
0
0
0
0
0
0
0
0
0
0
0.9201921224594116
0.8719780445098877
0.8815380930900574
0.8485348224639893
0.8411909937858582
0.8280606865882874
0.8470624089241028
0.8320645093917847
0.8271542191505432
0.8475760817527771
0.8355967402458191
0.8357991576194763
0.8438080549240112
0.8451976776123047
0.8643478751182556
0.8811736106872559
0.9030871391296387
0.9367258548736572
0
0
2.6483571529388428
2.6052680015563965
2.5866072177886963
2.564235210418701
2.616865634918213
2.6316099166870117
0
0
0
0
0
0
0
0
0
0
0
0
0
0
0
0
0
0
0
0
0
0
0
0
0
0
0
0
0
0
0
0
0
0
0
0
0
0
0
0
0
0
0
0
2.4088268280029297
0.6880616545677185
0.6728248596191406
0.6436312198638916
0.6466547250747681
0.6369864344596863
0.633418619632721
0.6237488985061646
0.6239020228385925
0.620431125164032
0.6312865018844604
0.5905431509017944
0.6286066174507141
0.602035641670227
0.6115044951438904
0.6099913120269775
0.6169547438621521
0.6089957356452942
0.6172040700912476
0.647432267665863
0.652429461479187
0.6657147407531738
0.6687495112419128
0.7046988606452942
0
0
0
0
0
0
0
0
0
0
0
0
0
0
2.764699697494507
2.7353429794311523
2.6812515258789062
2.680845260620117
2.631988525390625
2.6055541038513184
2.5728211402893066
2.5332415103912354
2.4945454597473145
2.4909961223602295
2.473644256591797
2.436807155609131
2.407510995864868
2.394097328186035
2.3602609634399414
2.3344900608062744
2.3215808868408203
2.3138527870178223
2.2931549549102783
2.2756242752075195
2.284878730773926
2.2414400577545166
2.253129243850708
2.2142436504364014
2.2018184661865234
2.209381103515625
2.1733157634735107
2.186544895172119
2.1873717308044434
2.1698315143585205
2.1508166790008545
2.1534106731414795
2.1396706104278564
2.154026746749878
2.129243850708008
2.1237266063690186
2.1381068229675293
2.1095449924468994
2.1249661445617676
2.0900537967681885
2.1008763313293457
2.1266958713531494
2.143622636795044
2.1444003582000732
2.111776351928711
2.1402475833892822
2.118905544281006
2.1352591514587402
2.150620460510254
2.1495721340179443
2.181331157684326
2.1665186882019043
1.0164051055908203
0.9813336133956909
0.962917149066925
0.9576952457427979
0.9573166966438293
0.9372609853744507
0.9459586143493652
0.9351585507392883
0.9278738498687744
0.9453955888748169
0.9392229318618774
0.9696488976478577
0.9649102091789246
0.9822259545326233
0.9901449680328369
1.0152994394302368
2.3826487064361572
2.382650375366211
2.3560709953308105
2.33896803855896
2.296361207962036
2.2864391803741455
2.278221607208252
2.253800630569458
2.2280704975128174
2.206033229827881
2.1679821014404297
2.1709446907043457
2.154507637023926
2.164912462234497
2.1177024841308594
2.118223190307617
2.0956127643585205
2.0998618602752686
2.0863049030303955
2.0598878860473633
2.058502435684204
2.0654947757720947
2.0495681762695312
2.036566734313965
2.0249407291412354
2.035578727722168
2.027700662612915
2.0218892097473145
2.0220947265625
2.0180211067199707
1.9941587448120117
2.0209696292877197
1.9945118427276611
1.9935128688812256
1.9996206760406494
2.022503137588501
2.014998197555542
2.0192999839782715
2.0169677734375
2.025822162628174
2.0271310806274414
2.023606538772583
2.050173759460449
2.0298311710357666
2.0463695526123047
2.052053928375244
2.056373357772827
2.074492931365967
2.077812671661377
2.1015710830688477
2.1022982597351074
2.125321626663208
2.1403725147247314
2.1273603439331055
0
0
0
0
0
0
0
0
0
0
0
0
0
0
0
0
0
0
0
0
1.6206499338150024
1.6043070554733276
1.5834763050079346
1.567352056503296
1.5582315921783447
1.5493732690811157
1.5676335096359253
1.5800402164459229
1.5908466577529907
1.6308485269546509
1.689968228340149
0
0
0
0
0
0
0
0
0
0
0
0
0
0
0
0
0
0
0
0
0
0
