0
0
0
2.4969208240509033
2.4905760288238525
0
0
0
0
0
0
0
0
0
0
0
0
0
0
0
0
0
0
0
0
0
0
0
0
0
0
0
0
0
3.2128241062164307
3.1168365478515625
3.0915236473083496
3.0717875957489014
3.0867629051208496
3.120553731918335
0
0
0
0
0
0
0
0
0
0
0
0
1.8152521848678589
1.8524651527404785
0
0
0
0
0
0
0
0
0
0
3.3923141956329346
3.344428062438965
3.31437087059021
3.3421826362609863
3.364459276199341
0
0
0
0
0
0
0
0
1.1689963340759277
1.1085946559906006
1.10969078540802
1.0703210830688477
1.0670498609542847
1.0463361740112305
1.0458000898361206
1.0462266206741333
1.0468661785125732
1.0697100162506104
1.0416057109832764
1.0662956237792969
1.077500343322754
1.103761076927185
1.1316893100738525
0
0
0
0
0
0
0
0
0
0
0
0
2.173203945159912
2.127953052520752
2.1121087074279785
2.109076738357544
2.100172996520996
2.1138508319854736
2.157409429550171
2.231879472732544
0
0
0
0
0
0
0
0
0
0
0
0
0
0
0
0
0
0
0
0
0
0
0
0
0
0
3.4155819416046143
3.361085891723633
3.3600778579711914
3.387803077697754
3.463223457336426
0
0
0
0
0
0
0
0
0
0
0
0
0
0
0
0
0
0
0
0
0
0
0
0
0
0
0
0
0
0
0
0
3.122408866882324
3.0634844303131104
0.7996860146522522
0.7692273259162903
0.7547076940536499
0.7386981844902039
0.7330176830291748
0.7182983160018921
0.7206963896751404
0.7198903560638428
0.6982980966567993
0.6921077966690063
0.6849790811538696
0.7042815685272217
0.6856166124343872
0.7025631070137024
0.7002776265144348
0.7023829817771912
0.7188699841499329
0.7217215895652771
0.7430779933929443
0.7555415630340576
0.7729344367980957
0
0
0
0
0
0
0
0
0
0
0
0
0
0
0
0
0
0
0
1.52885103225708
1.5090703964233398
1.4784311056137085
1.4783824682235718
1.468701720237732
1.459119439125061
1.4580694437026978
1.4618899822235107
1.4842184782028198
1.4989352226257324
1.543795108795166
0
0
0
0
0
0
0
0
0
0
0
0
0
0
0
0
0
0
0
0
0
0
0
0
0
0
0
0
0
0
0
0
0
0
0
2.55733060836792
0
0
0
0
0
0
0
0
0
0
0
0
1.178480625152588
1.1494252681732178
1.1174739599227905
1.1165579557418823
1.0899027585983276
1.0959959030151367
1.0944178104400635
1.105182409286499
1.093367576599121
1.0784342288970947
1.0966439247131348
1.1154321432113647
1.113144874572754
1.1574290990829468
1.1944432258605957
0
0
0
0
0
0
0
0
0
0
0
0
3.1523354053497314
3.0751535892486572
3.0695931911468506
3.0984816551208496
3.1052463054656982
3.1730592250823975
0
0
0
0
0
0
0
0
0
0
0
0
0
0
0
0
0
0
0
0
0
0
0
0
0
0
0
0
0
0
0
0
0
0
3.4749093055725098
3.442105293273926
3.4369492530822754
3.4281022548675537
3.469069004058838
0
0.8261706233024597
0.7982161641120911
0.793483555316925
0.806391716003418
0
0
0
0
0
0
0
