0
0
0
0
0
0
0
0
0
0
0
0
0
0
0
0
0
0
0
0
0
0
0
0
0
0
0
0
0
0
0
0
0
0
0
0
0
0
0
0
0
0
0
3.4699645042419434
3.447968006134033
3.4542529582977295
3.474731683731079
0
0
0
0
0
0
0
0
0
0
0
0
0
0
0
0
0
0
0
0
0
0
0
0
0
0
0
0
0
0
0
0
0
0
0
0
0
0
0
0
0
0
0
0
0
0
0
0
0
0
0
0
0
0
0
0
0.7413391470909119
0.7076847553253174
0.6960287690162659
0.6643511056900024
0.6565601825714111
0.6468625664710999
0.6486735939979553
0.6413028240203857
0.6447557210922241
0.6269672513008118
0.6461583971977234
0.616654098033905
0.6301565766334534
0.6381792426109314
0.6440824866294861
0.6560608148574829
0.65788733959198
0.6520274877548218
0.6664652228355408
0.6806070804595947
0.6865906119346619
0.716404914855957
0.7343831658363342
2.1430437564849854
2.101912021636963
2.0967140197753906
2.0665366649627686
2.041940212249756
2.0212934017181396
1.999434232711792
1.9805182218551636
1.9503623247146606
1.9569454193115234
1.9404270648956299
1.8916860818862915
1.8887900114059448
1.884873390197754
1.8749665021896362
1.8576405048370361
1.8205139636993408
1.8375215530395508
1.825907826423645
1.8223947286605835
1.787811517715454
1.7806729078292847
1.7724533081054688
1.7845535278320312
1.7856171131134033
1.7691600322723389
1.764741063117981
1.7498584985733032
1.746930718421936
1.7382726669311523
1.7514644861221313
1.739485263824463
1.725372552871704
1.7339016199111938
1.746698260307312
1.743324637413025
1.7180798053741455
1.7427966594696045
1.7332890033721924
1.7209429740905762
1.7344332933425903
1.7391694784164429
1.7439085245132446
1.7400847673416138
2.016756057739258
1.8181617259979248
1.7479736804962158
1.7293282747268677
1.7529933452606201
1.752155065536499
1.7551929950714111
1.7510348558425903
1.7777518033981323
1.758940577507019
1.8010003566741943
1.8111999034881592
1.818608283996582
1.8361014127731323
1.846798062324524
1.8418946266174316
1.8742882013320923
1.8819379806518555
1.9037604331970215
1.9039298295974731
1.9504368305206299
1.9545153379440308
1.9767612218856812
2.0161163806915283
2.018202066421509
2.023144245147705
2.0478761196136475
2.0837831497192383
2.121565341949463
2.1376237869262695
2.165006399154663
2.2205166816711426
2.2364261150360107
2.282058000564575
2.290062427520752
2.360751152038574
2.398963212966919
2.423239231109619
2.460758924484253
2.5203213691711426
2.548489809036255
2.6119625568389893
2.671510696411133
2.7298760414123535
2.7818570137023926
2.861567258834839
2.9197428226470947
2.9984841346740723
3.0779805183410645
3.1537280082702637
3.229020357131958
3.3394668102264404
3.428607702255249
0
0
0
0
2.507174015045166
2.4293997287750244
2.4017558097839355
2.3761532306671143
2.3904876708984375
2.4108009338378906
2.4338200092315674
0
0
0
0
0
0
0
0
0
0
0
0
0
0
0
0
0
0
0
0
0
0
0
0
0
0
0
0
0
0
0
0
0
0
0
0
0
0
0
0
0
3.162395477294922
1.0440150499343872
1.0051326751708984
0.9921007752418518
1.0073354244232178
0.9806451797485352
0.9422262907028198
0.9602555632591248
0.9643527865409851
0.9613514542579651
0.9660958051681519
0.9482463002204895
0.9562187790870667
0.9827016592025757
1.003814458847046
1.0023366212844849
1.0384900569915771
0
0
0
0
0
0
0
0
0
0
0
0
0
0
0
0
0
0
0
3.0630204677581787
3.005938768386841
2.9591968059539795
2.991178512573242
2.9856185913085938
3.019951105117798
0
0
0
0
0
0
0
0
0
0
0
0
0
0
0
0
0
0
0
0
0
0
0
0
0
0
0
0
0
3.1151978969573975
3.0425374507904053
2.984679698944092
2.9949557781219482
2.9937167167663574
3.0427052974700928
0
0
0
0
0
0
0
0
