0
0
0
0
0
0
0
0
0
0
0
0
0
0
0
0
0
0
0
0
0
0
0
0
0
0
0
0
0
3.3688366413116455
3.33310866355896
3.3112637996673584
3.328559637069702
3.380781888961792
0
0
0
0
0
0
0
0
0
0
0
0
0
0
0
0
0
0
0
0
0
0
0
0
1.4616632461547852
1.4225560426712036
1.4062652587890625
1.3805392980575562
1.3986222743988037
1.367924690246582
1.3818166255950928
1.3699939250946045
1.399929404258728
1.3914170265197754
1.4140995740890503
1.450055718421936
0
0
0
0
0
0
0
0
0
0
0
0
0
0
0
0
0
0
0
0
3.0374529361724854
0
0
0
0
0
0
0
0
0
0
0
0
0
0
0
0
0
0
0
0
0
0
0
0
2.4387283325195312
2.4077999591827393
2.3700673580169678
2.3812038898468018
2.3953771591186523
2.39866304397583
2.4664149284362793
0
0
0
0
0
0
0
0
0
0
0
0
0
0
0
0
0
0
0
3.353374719619751
3.2469730377197266
3.2554097175598145
3.261746644973755
3.2791929244995117
0
0
0
0
0
0
0
0
0
0
0
0
0
0
0
0
0
0.9524427652359009
0.9450254440307617
0.9206468462944031
0.9305058717727661
3.2245514392852783
3.207267999649048
3.213461399078369
3.198957681655884
3.273397445678711
0
0
0
0
0
0
0
0
0
0
0
3.1582913398742676
3.2507903575897217
3.352585792541504
3.4651060104370117
3.4574832916259766
3.436387062072754
3.4140849113464355
3.3750452995300293
3.376833915710449
3.325287103652954
3.301018714904785
3.2834839820861816
3.272390842437744
3.2450153827667236
3.2346739768981934
3.196932315826416
2.8199315071105957
3.003607988357544
0
0
0
0
0
0
0
0
2.9291844367980957
3.1122841835021973
3.0873327255249023
3.0932250022888184
3.0779454708099365
3.091449499130249
3.082205295562744
3.1075332164764404
3.08721923828125
3.0973007678985596
3.1070258617401123
3.102644443511963
3.103217840194702
3.1076269149780273
3.110691547393799
3.1114342212677
3.1425743103027344
2.9744763374328613
2.7577383518218994
0
0
0
0
0
0
3.2392163276672363
3.085357189178467
2.9522054195404053
3.3499879837036133
3.3927011489868164
3.4189274311065674
3.435468912124634
3.4849538803100586
3.5
0
0
0
0
0
0
3.4801182746887207
1.3577758073806763
1.3465511798858643
1.3241249322891235
1.3014538288116455
1.2981773614883423
1.3123269081115723
1.291285514831543
1.2885773181915283
1.3001115322113037
1.3158187866210938
1.332108974456787
1.3800251483917236
0
0
3.0437979698181152
2.9907071590423584
2.9890217781066895
2.9979093074798584
2.9865434169769287
3.084674119949341
0
0
0
0
0
0
0
0
0
0
0
0
0
0
0
0
0
0
0
0
0
0
0
0
0
0
0
0
0
2.1919775009155273
2.1764187812805176
0
0
0
0
0
0
0
3.057532548904419
2.9730873107910156
2.9565024375915527
2.9568123817443848
2.957139253616333
2.9911460876464844
0
0
0
0
0
0
0
0
0
0
0
0
0
0
0
0
0
0
0
0
0
0
0
0
0
2.4534080028533936
0
0
0
0
0
0
0
0
0
0
0
0
3.3188652992248535
3.243521213531494
0.8153654932975769
0.826061487197876
0.800870418548584
0.8329256176948547
0
0
