2.9802744388580322
2.949164390563965
2.9513635635375977
2.97389817237854
3.021305799484253
0
0
0
0
0
0
0
0
0
0
0
0
0
0
0
0
0
0
0
0
0
0
0
0
0
0
0
0
0
2.612929105758667
2.596804618835449
2.5913853645324707
2.6008195877075195
2.6165714263916016
2.628657341003418
2.7585642337799072
0
0
0
0
0
0
0
0
1.1351033449172974
1.0793019533157349
1.081131935119629
1.0473382472991943
1.0334603786468506
1.0480774641036987
1.017149567604065
1.0375622510910034
1.0308630466461182
1.0304726362228394
1.0295308828353882
1.0567936897277832
1.0797046422958374
1.0699361562728882
1.1052721738815308
1.1431564092636108
3.4116714000701904
3.4508488178253174
3.487302780151367
0
0
0
0
0
0
0
0
0
0
0
0
0
0
0
0
2.432023048400879
2.387946128845215
2.3491156101226807
2.382168769836426
2.366928815841675
2.40976619720459
2.428417682647705
0
0
0
0
0
0
0
0
0
0
0
0
0
0
0
0
0
0
0
0
0
0
0
0
0
0
0
0
0
0
0
3.258378744125366
3.254178524017334
3.2427425384521484
3.2393476963043213
3.3029978275299072
0
0
0
0
0
0
0
0
0
0
0
0
0
0
0
0
0
0
0
0
0
0
0
0
0
0
0
0
0
0
0
0
0
0
0
0
0
0
0
0
0
0
0
0
0
0
0
0
0
0
0
0
0
0
0
0
0
0
0
0
0
2.64332914352417
2.6029014587402344
2.5763869285583496
2.6141066551208496
2.6240971088409424
2.667124032974243
0
0
0
0
0
0
0
0
0
0
0
0
0
0
0
0
0
0
0
0
0
0
0
0
0
0
0
0
0
0
0
0
0
0
0
1.6278612613677979
1.567090392112732
1.5727475881576538
1.547159194946289
1.5447133779525757
1.5455619096755981
1.54380464553833
1.555504560470581
1.574778437614441
1.6087433099746704
0
0
0
0
0
0
0
0
0
0
0
0
0
0
0
0
0
0
0
0
0
0
0
0
0
0
0
0
0
0
0
0
0
0
0
0
0
0
0
0
2.7892749309539795
2.712934732437134
2.6836636066436768
2.6888885498046875
2.684326171875
2.684669256210327
2.7340126037597656
0
0
3.110962390899658
3.0570476055145264
2.5765762329101562
2.5233688354492188
2.4988205432891846
2.4937756061553955
2.4994707107543945
2.527597427368164
2.5815389156341553
0
0
0
0
0
0
0
0
0
0
0
0
0
3.109503746032715
3.039881706237793
3.0186359882354736
3.034503936767578
3.0276405811309814
3.100181818008423
0
0
1.3652000427246094
1.3416526317596436
1.3295506238937378
1.300374984741211
1.335649847984314
1.3045326471328735
1.2866445779800415
1.309841275215149
1.3028028011322021
1.3391635417938232
1.3481353521347046
1.3762389421463013
1.4493168592453003
0
0
0
0
0
0
0
0
0
0
0
0
0
0
0
0
0
0
0
0
0
0
0
0
0
0
0
3.016857862472534
2.9886815547943115
