0
0
0
0
0
0
0
0
0
0
0
2.529179334640503
2.4998624324798584
2.4569640159606934
2.470731019973755
2.464519739151001
2.502594470977783
2.5505776405334473
0
0
0
0
0
0
0
0
0
0
0
0
0
0
0
2.7977826595306396
2.761749029159546
2.7542784214019775
2.7572784423828125
2.768364429473877
2.8206286430358887
0
0
0
0
0
0
0
1.5863412618637085
1.5423696041107178
1.4954825639724731
1.5175515413284302
1.501902461051941
1.4889938831329346
1.4872194528579712
1.5068233013153076
1.4970544576644897
1.5252844095230103
1.5274999141693115
0
0
0
0
0
0
0
0
0
0
2.882908821105957
2.850687026977539
2.826340436935425
2.8196473121643066
2.8466787338256836
2.894820213317871
0
0
0
0
0
0
0
0
0
0
0
0
0
0
0
0
0
0
0
0
0
0
0
0
0
0
0
0
0
0
0
0
0
1.6701693534851074
1.6232519149780273
1.6153905391693115
1.5999122858047485
1.5972282886505127
1.5985260009765625
1.6025334596633911
1.6115363836288452
1.638957142829895
1.6650289297103882
0
0
0
0
0
0
0
0
0
0
0
0
0
0
0
0
0
0
0
0
0
0
0
0
0
0
0
0
0
0
0
0
0
0
0
0
0
0
0
0
0
0
0
0
0
0
0
0
0
0
0
0
0
0
0
0
0
0
0
0
0
0
0
0
0
0
0
0
0
0
0
0
0
0
0
0
0
0
0
0
0
0
0
0
0
0
0
0
0
0
0
0
0
0
0
0
0
0
0
0
0
0
0
0
0
0
0
0
0
0
0
0
0
0
0
0
0
0
0
0
0
0
0
0
0
0
0
0
0
0
0
0
0
0
0
0
0
0
0
0
0
0
0
0
0
0
0
0
0
0
0
0
0
0
0
0
0
0
0
0
0
0
0
0
0
0
0
0
0
0
0.5263075232505798
0.44849157333374023
0.4323708713054657
0.41968297958374023
0.42079177498817444
0.4159465432167053
0.38808420300483704
0.3865639865398407
0.3709240257740021
0.3792954385280609
0.38211050629615784
0.37331056594848633
0.3596944212913513
0.36655986309051514
0.3731794059276581
0.36648470163345337
0.3578322231769562
0.35420018434524536
0.3689913749694824
0.35724201798439026
0.3744613528251648
0.3643713593482971
0.3645772337913513
0.3643542528152466
0.38145726919174194
0.37568384408950806
0.38288283348083496
0.38862931728363037
0.4009018838405609
0.401159405708313
0.3894934058189392
0.4085830748081207
0.3974779546260834
0.4574531614780426
0.4448990523815155
0.4670407474040985
3.1250462532043457
3.120032548904419
3.20306658744812
0
0
0
0
0
0
0
0
0
0
0
0
0
0
0
0
0
0
2.06527042388916
2.028136730194092
2.0154926776885986
2.015873670578003
1.9908795356750488
1.980670690536499
2.0131051540374756
2.0402238368988037
2.1303975582122803
0
0
0
0
0
0
0
0
