0
0
0
0
0
0
0
0
0
0
0
0
0
0
0
0
3.1513872146606445
0
0
0
0
0
0
0
0
0
0
0
0
0
0
0
0
0
0
0
0
0
0
0
0
0
0
0
0
0
0
0
0
3.035492420196533
2.3666951656341553
2.235460042953491
2.635063648223877
2.6612584590911865
2.6649091243743896
2.6761326789855957
2.688049077987671
2.6898303031921387
2.714123249053955
2.7443642616271973
2.7522430419921875
2.7709720134735107
2.796726703643799
2.789188861846924
2.8449318408966064
2.8585801124572754
2.8715450763702393
2.888857364654541
2.7968692779541016
2.694385290145874
2.6246745586395264
2.556929111480713
2.6944894790649414
2.606259822845459
3.1155290603637695
3.176571846008301
3.2221148014068604
3.2565605640411377
3.30629301071167
3.3440446853637695
3.395001173019409
3.444810628890991
3.439919948577881
3.41501784324646
3.3376283645629883
3.283888339996338
3.2339115142822266
0
0
0
0
0
0
0
0
0
0
0
0
0
0
0
0
0
2.7235167026519775
2.6983954906463623
2.6839444637298584
2.6621227264404297
2.63651704788208
2.6210005283355713
2.612276554107666
2.5909104347229004
2.6539881229400635
2.7795979976654053
2.9432690143585205
3.1345746517181396
2.9303250312805176
2.910684585571289
2.8963425159454346
2.892364025115967
2.8864214420318604
2.863862991333008
2.866147994995117
2.8663365840911865
0
0
0
0
0
0
0
0
0
0
0
0
0
0
2.7768115997314453
2.809131145477295
2.8257124423980713
2.827667236328125
2.841376304626465
2.8358027935028076
2.8525230884552
0.3909324109554291
0.4003645181655884
0.3925112783908844
0.3976123034954071
0.37824535369873047
0.38873428106307983
0.3652988374233246
0.3870978057384491
0.3712882399559021
0.38982734084129333
0.39989787340164185
0.38146933913230896
0.3779032528400421
0.38641655445098877
0.4001665711402893
0.38986343145370483
0.4026927053928375
0.4150567352771759
0.38891905546188354
0.40458944439888
0.40741926431655884
0.40129807591438293
0.4116092920303345
0.39154988527297974
0.40940842032432556
0.4159989058971405
0.39442092180252075
0.41723793745040894
0.4027814567089081
0.4025481045246124
0.40969642996788025
0.39925602078437805
0.4165858030319214
0.42965054512023926
0.40909093618392944
0.4327434301376343
0.4385117292404175
0.41405874490737915
0.4502770006656647
0.45711392164230347
0.4366961121559143
0.45248347520828247
0.4595273733139038
0.44472983479499817
0.48024192452430725
0.47126567363739014
0.4704773426055908
0.47366786003112793
0.47941353917121887
0.4701313376426697
0.4680045247077942
0.49889975786209106
0.5235312581062317
0.5178329944610596
0.5301920175552368
0.5323259830474854
0.5393936634063721
0.5677224397659302
0.5521780252456665
0.591772198677063
0.592369019985199
0.5925998687744141
0.5951789021492004
0.6172449588775635
0.6460901498794556
0.6484104990959167
0.6807928085327148
0.6871240139007568
0.7016626000404358
0.7217460870742798
0.7493352293968201
0.7688802480697632
0.7840501070022583
0.7989205121994019
0.8531261682510376
0.879391074180603
0.9094542264938354
0
0
0
0
0
2.224574565887451
2.331602096557617
2.4789562225341797
2.586566209793091
2.5666582584381104
2.5451579093933105
2.5765938758850098
2.5506398677825928
2.525764226913452
2.524840831756592
2.518825054168701
2.5208306312561035
2.5185494422912598
2.5113577842712402
2.526291608810425
2.4913737773895264
2.4965386390686035
2.505791425704956
2.5062801837921143
2.523784637451172
2.502315044403076
2.503920078277588
2.506288528442383
2.248495101928711
0
0
0
0
0
0
0
0
0
0
0
0
0
0
0
0
0
2.3140101432800293
2.269700288772583
2.233417272567749
1.541491150856018
1.5278528928756714
1.4922155141830444
1.4665776491165161
1.4641326665878296
1.4514158964157104
1.4368500709533691
1.4320974349975586
1.3907058238983154
1.3846865892410278
1.3629804849624634
1.3734291791915894
1.329688310623169
2.2532713413238525
2.305574417114258
2.2989912033081055
2.2813186645507812
2.2683253288269043
2.2417402267456055
2.2303009033203125
2.2036657333374023
2.1919610500335693
2.2064507007598877
2.168861150741577
3.1983602046966553
3.177154302597046
3.1656250953674316
3.1632766723632812
3.1474337577819824
0
0
0
0
0
0
0
0
0
0
0
0
0
0
0
0
0
3.1092140674591064
3.1055920124053955
3.1405622959136963
2.0092267990112305
1.8298721313476562
1.6814777851104736
2.1100075244903564
2.1239829063415527
2.116641044616699
2.1376969814300537
2.156827688217163
2.167485237121582
2.1692633628845215
2.1815505027770996
2.205226182937622
2.208364725112915
2.2383852005004883
2.2465927600860596
2.266578197479248
2.305377960205078
2.309760332107544
2.3202099800109863
2.3419313430786133
2.3840324878692627
2.378664016723633
2.3505568504333496
2.3033366203308105
2.2367711067199707
2.16170597076416
2.1251330375671387
2.088193416595459
0
0
0
0
0
0
0
0
0
0
0
0
