0
0
0
0
0
0
0
0
0
0
0
0
0
0
0
0
0
0
0
0
0
0
0
0
0
0
0
3.4056994915008545
0
0
0
0
0
0
0
0
0
0
0
0
0
0
0
1.2260799407958984
1.2082599401474
1.13871431350708
1.1541508436203003
1.084527850151062
1.0779106616973877
1.0445722341537476
1.0161956548690796
1.0049078464508057
0.9836745262145996
0.9589020013809204
0.9525444507598877
0.9250594973564148
0.9036623239517212
0.9148942828178406
0.9138994216918945
0.9134567975997925
0.9289608001708984
0.9287893772125244
0.9691935777664185
0.9777892827987671
1.0184504985809326
1.0246317386627197
1.071732759475708
1.0963770151138306
1.1271687746047974
1.1372721195220947
1.1595804691314697
1.2093310356140137
1.2356129884719849
0
0
0
0
0
0
0
0
0
0
0
0
0
0
0
0
0
0
0
0
0
0
0
0
0
0
0
0
0
0
0
2.2355971336364746
2.242027521133423
2.2012860774993896
2.1969525814056396
2.1826589107513428
2.160059690475464
2.1245813369750977
2.113938093185425
2.0901668071746826
2.089672803878784
2.210963487625122
2.305004358291626
2.0277962684631348
2.087015390396118
2.250717878341675
2.375563621520996
2.391923427581787
2.400303840637207
2.3720452785491943
2.378110885620117
2.368164300918579
2.3411448001861572
2.3417294025421143
2.342332363128662
2.3416075706481934
2.3283026218414307
2.334904670715332
2.333564281463623
2.3223369121551514
2.322740316390991
2.318753242492676
2.3166251182556152
2.3207778930664062
2.3387038707733154
2.3400778770446777
2.3561694622039795
2.3186349868774414
2.180468797683716
1.9433655738830566
0
2.6009907722473145
2.357825756072998
2.344695568084717
2.3445098400115967
2.3523876667022705
2.3501338958740234
2.3699047565460205
2.370023488998413
2.4018642902374268
2.4013476371765137
2.42333984375
2.4365720748901367
0
0
0
0
0
0
0
0
0
0
0
3.4028830528259277
3.4145169258117676
2.510806083679199
2.5135409832000732
2.5024991035461426
2.5331318378448486
2.5571699142456055
2.5411150455474854
2.5559911727905273
2.5727615356445312
2.6112427711486816
0
0
0
0
0
0
0
0
0
0
0
0
0
0
0
0
0
0
1.3019260168075562
1.2696303129196167
1.2387478351593018
1.219662070274353
1.1919724941253662
1.1804171800613403
1.131874680519104
1.1333261728286743
1.1068977117538452
1.0922871828079224
1.0790016651153564
1.0630292892456055
1.0443295240402222
1.0307155847549438
1.6936155557632446
1.7310917377471924
1.757975697517395
1.8197412490844727
1.8711739778518677
1.9163843393325806
1.9685251712799072
1.9821528196334839
1.9740437269210815
1.9566720724105835
1.9263536930084229
1.907870888710022
1.8728049993515015
1.8696171045303345
1.8716906309127808
1.8319423198699951
1.8346129655838013
1.8147706985473633
3.3670918941497803
3.3868820667266846
3.3835437297821045
3.387162685394287
3.404897928237915
3.4319655895233154
3.410980701446533
3.427166700363159
3.4253416061401367
3.4705023765563965
3.4888722896575928
3.4899494647979736
0
0
3.4300873279571533
3.253040313720703
0
0
0
0
0
0
1.528893232345581
1.520010232925415
1.5433465242385864
1.549055814743042
1.5447454452514648
1.5718910694122314
1.5958750247955322
1.623757004737854
1.6311917304992676
1.6843441724777222
1.6798628568649292
1.7034473419189453
1.7304730415344238
1.7181004285812378
1.6582930088043213
1.6078431606292725
1.5746043920516968
1.5676002502441406
1.5360504388809204
1.5275588035583496
1.4928101301193237
1.4754109382629395
1.4468669891357422
1.40073823928833
1.3995107412338257
1.382251501083374
1.35964834690094
1.3505369424819946
1.34126615524292
1.3206764459609985
0.829861044883728
0.85018390417099
0.858456552028656
0.8973141312599182
0.9192619323730469
0.9441499710083008
0.9775001406669617
1.0087320804595947
1.0579534769058228
0.721301257610321
0.7018399834632874
0.729113757610321
0.7680341005325317
0.8055493235588074
0.8239890336990356
0.8682212829589844
0.9283009171485901
0.9861304759979248
1.0462299585342407
1.0657542943954468
1.0777039527893066
1.0602772235870361
1.0534855127334595
1.0567659139633179
1.047828197479248
1.0409387350082397
1.0619827508926392
1.0386849641799927
1.0306228399276733
1.036359190940857
1.0454522371292114
1.0386215448379517
1.053304672241211
1.0571701526641846
1.0259467363357544
1.0506012439727783
1.061345100402832
1.0454035997390747
1.0536952018737793
1.0469075441360474
1.0391082763671875
1.058632493019104
1.0410557985305786
1.061999797821045
1.0542185306549072
1.057800054550171
1.0729904174804688
1.061671257019043
1.0720224380493164
1.0921434164047241
1.095516324043274
1.1167353391647339
1.088136076927185
1.1139862537384033
1.133795142173767
1.1276613473892212
1.1331802606582642
1.141927719116211
1.1444575786590576
1.1562968492507935
1.1660839319229126
1.1514430046081543
1.1924099922180176
1.1995694637298584
1.1770356893539429
1.1597492694854736
1.0978705883026123
1.1040314435958862
1.058087944984436
1.037405014038086
1.0161118507385254
0.9804880619049072
0.9576602578163147
0.948452353477478
0.944571852684021
0.9053958654403687
0.8827950954437256
0.8909085988998413
1.6656302213668823
0
