1.3577545881271362
0
0
0
0
0
0
0
0
0
0
0
0
0
0
0
0
0
0
0
0
0
0
0
0
0
0
0
0
0
0
0
0
0
0
0
0
0
0
0
0
0
0
0
0
0
0
3.4726157188415527
0
0
0
0
0
0
0
0
0
0
0
0
0
0
0
0
0
0
3.4689245223999023
3.464103937149048
3.4393506050109863
3.5
0
0
0
0
0
0
0
0
0
0
3.49446439743042
0.9515950083732605
0.9598910212516785
0
0
0
0
0
0
0
0
0
0
0
0
0
0
0
0
0
0
0
0
0
0
0
0
0
0
0
0
0
0
0
0
0
0
0
0
0
0
0
0
0
0
0
0
0
0
0
0
0
0
0
0
0
0
0
0
0
0
0
0
0
0
0
0.949092447757721
0.8947839736938477
0.8948360681533813
0.8728693127632141
0.86082923412323
0.8550441265106201
0.8503225445747375
0.8438357710838318
0.8594800233840942
0.8429474830627441
0.847559928894043
0.8592314124107361
0.8340654373168945
0.8772228956222534
0.8615999221801758
0.8815160393714905
0.9404990077018738
0.53102046251297
0.4942915737628937
0.4948389232158661
0.47888436913490295
0.47505176067352295
0.46393367648124695
0.4612819254398346
0.4443490505218506
0.43538251519203186
0.4414254128932953
0.4284692704677582
0.4312019348144531
0.448911190032959
0.4266502559185028
0.4074653685092926
0.4318096339702606
0.43887102603912354
0.43405574560165405
0.43371644616127014
0.42825883626937866
0.4339936077594757
0.43414631485939026
0.44525593519210815
0.430208295583725
0.43897512555122375
0.453238844871521
0.46521103382110596
0.49315083026885986
0.48344409465789795
0.5007337927818298
0.530507504940033
2.107095956802368
2.0259640216827393
1.9760985374450684
1.888917088508606
1.8176014423370361
1.760528326034546
1.6946661472320557
1.6460652351379395
1.5980366468429565
1.5711017847061157
1.5271015167236328
1.485148310661316
1.4451475143432617
1.4227403402328491
1.3635960817337036
1.3542379140853882
1.3360517024993896
1.296432614326477
1.2682416439056396
1.2421221733093262
1.2078211307525635
1.1902220249176025
1.1761958599090576
1.1672470569610596
1.1125259399414062
1.1225665807724
1.113289713859558
1.0868104696273804
1.0628957748413086
1.0789752006530762
1.0514602661132812
1.0362006425857544
1.0230084657669067
0.9984738826751709
0.998869776725769
0.970883309841156
0.979172945022583
0.9661250114440918
0.9483122229576111
0.9444933533668518
0.9437939524650574
0.9294177293777466
0.9307495355606079
0.9183363914489746
0.8936218023300171
0.9231916666030884
0.9013407230377197
0.902561366558075
0.8761895298957825
0.8617882132530212
0.8787398934364319
0.8744574189186096
0.8598918914794922
0.8610541224479675
0.8815099000930786
0.8469438552856445
0.85130774974823
0.8560960292816162
0.8503500819206238
0.8582296967506409
0.8436791896820068
0.8492701649665833
0.8594374060630798
0.8402079343795776
0.8264492750167847
0.8509260416030884
0.8361592888832092
0.8259460926055908
0.8507957458496094
0.849382758140564
0.8489484190940857
0.8384361863136292
0.8369569778442383
0.839393138885498
0.8633647561073303
0.8406460285186768
0.8615850806236267
0.8453866839408875
0.8712494373321533
0.8737690448760986
0.8563658595085144
0.8621116280555725
0.8615731000900269
0.8765907883644104
0.8950042128562927
0.8867793679237366
0.893103301525116
0.8993488550186157
0.9082533121109009
0.9176698923110962
0.9033384919166565
0.9264400005340576
0.9164631962776184
0.9250041246414185
0.9263211488723755
0.9613620638847351
1.1256952285766602
1.099975347518921
1.0641050338745117
1.0398820638656616
1.0554548501968384
1.0697463750839233
1.0665345191955566
1.0873640775680542
1.1060601472854614
1.1463797092437744
1.1391260623931885
1.1534650325775146
1.1621592044830322
1.1892552375793457
1.211052417755127
1.2361727952957153
1.2470500469207764
1.2789807319641113
1.3052184581756592
1.320540189743042
1.3496735095977783
1.3726447820663452
1.418614387512207
1.4388147592544556
1.501008152961731
1.5099687576293945
1.5553058385849
1.598244547843933
1.6419085264205933
1.6866073608398438
1.7306841611862183
1.7984875440597534
1.8580459356307983
1.9154082536697388
1.2228460311889648
1.1325762271881104
1.1274420022964478
1.0945419073104858
1.0668164491653442
1.07557213306427
1.0677804946899414
1.0551824569702148
1.0585650205612183
1.0813193321228027
1.0887212753295898
1.068231225013733
1.0949277877807617
1.1094286441802979
1.121090054512024
1.1845296621322632
0
0
0
0
0
0
0
1.3628045320510864
1.3103241920471191
1.2935633659362793
1.2760798931121826
1.274109959602356
1.268606185913086
1.2569917440414429
1.2505459785461426
1.2714921236038208
1.2670702934265137
1.289617657661438
1.3289350271224976
1.3720260858535767
