0
0
0
0
0
0
0
0
0
0
0
0
0
0
0
0
0
0
0
0
0
0
0
0
0
0
2.0820226669311523
2.119345188140869
0
0
0
0
0
0
0
0
0
0
0
0
0
0
0
0
0
0
0
0
0
0
0
0
0
0
0
0
0
0
0
0
0
0
2.1818363666534424
2.148099660873413
2.1078362464904785
2.099858522415161
2.099635601043701
2.118901252746582
2.1350016593933105
0.8056780099868774
0.7461171746253967
0.7073835730552673
0.7187969088554382
0.71010822057724
0.7062878012657166
0.6754739284515381
0.6874504089355469
0.6818630695343018
0.6710725426673889
0.6701716780662537
0.6744030117988586
0.6812474727630615
0.6568812131881714
0.6837905645370483
0.6863267421722412
0.6948769688606262
0.6907201409339905
0.7070373892784119
0.7017321586608887
0.718993067741394
0.739871084690094
0.8044581413269043
0
0
0
0
0
0
0
0
0
0
0
0
1.6195868253707886
1.5544443130493164
1.5436288118362427
1.521217942237854
1.5130422115325928
1.5070173740386963
1.5180449485778809
1.5158255100250244
1.5247395038604736
1.557865858078003
1.6016818284988403
3.2583420276641846
0
0
0
0
0
0
0
0
0
0
0
0
0
0
0
0
0
0
0
0
0
0
0
0
0
0
0
0
0
0
0
0
0
0
0
0
0
0
0
0
0
0
0
0
0
0
0
0
0
0
0
0
0
0
0
0
0
0
0
0
0
0
0
0
0
0
0
0
0
0
0
1.7983354330062866
1.7746154069900513
1.7298381328582764
1.7421821355819702
1.7358460426330566
1.7433652877807617
1.7399693727493286
1.778694748878479
1.7888315916061401
0
0
0
0
0
0
0
0
0
0
0
0
0
0
0
0
0
0
0
0
0
0
3.4974141120910645
3.473909854888916
3.482595205307007
3.490328073501587
3.4805853366851807
3.4850409030914307
3.4577009677886963
3.5
3.491492748260498
3.4833061695098877
3.5
3.4833853244781494
3.4884228706359863
0
0
0
0
0
0
0
0
2.3135035037994385
2.269698143005371
2.2343826293945312
2.224508047103882
2.2312824726104736
2.277700901031494
2.2921371459960938
0
0
0
0
0
0
0
0
0
0
0
0
0
0
0
0
0
0
0
0
0
0
0
0
0
0
0
0
0
0
0
0
0
0
0
0
0
0
0
0
0
0
0
0
0
0
0
0
0
0
0
3.369067430496216
1.327739953994751
1.3220407962799072
3.2722864151000977
3.3014328479766846
3.3923916816711426
0
0
0
0
0
0
0
0
0
0
0
0
0
0
0
0
0
0
0
0
0
0
0
0
0
0
0
0
0
0
0
0
0
0
0
0
0
0
0
2.693122386932373
2.6619980335235596
2.6262309551239014
2.639371156692505
2.6350576877593994
2.6910400390625
0
0
0
0
0
0
0
0
0
0
0
0
