0.2552436590194702
0.4141133725643158
0.40573179721832275
0.406939834356308
0.38517990708351135
0.3817822337150574
0.3806767761707306
0.3896491229534149
0.3632860481739044
0.36567118763923645
0.3708186149597168
0.34404054284095764
0.3684993088245392
0.3547087013721466
0.3453020751476288
0.33609381318092346
0.33997753262519836
0.31712934374809265
0.33716610074043274
1.161909818649292
1.1993463039398193
1.2357070446014404
1.2970364093780518
1.2964729070663452
1.295901894569397
1.2909648418426514
1.2680195569992065
1.2794301509857178
1.2442617416381836
1.2322697639465332
1.263659119606018
1.2331689596176147
1.2357715368270874
1.2461411952972412
1.2179521322250366
1.2175230979919434
1.2101964950561523
1.2009743452072144
1.1902974843978882
1.200838327407837
1.2012351751327515
2.418870687484741
2.4836349487304688
2.54844331741333
2.6513469219207764
0
0
0
0
0
0
0
0
0
0
0
0
0
0
0
0
0
0
0
0
0
0
0
0
0
0
0
0
0
0
3.0530264377593994
2.3737235069274902
2.3579866886138916
2.3683228492736816
2.403433322906494
2.3911309242248535
2.4023118019104004
2.4233908653259277
2.413637399673462
2.4150021076202393
2.431872606277466
0
0
0
0
0
0
0
0
0
3.373751163482666
3.458134174346924
0
0
0
0
0
3.4808011054992676
3.441821813583374
3.4002413749694824
3.339693069458008
3.3118412494659424
3.288376569747925
2.8308703899383545
2.890414237976074
3.0165836811065674
2.6953885555267334
2.788383960723877
2.930713415145874
3.05061411857605
3.018515110015869
2.996474504470825
2.991946220397949
2.956172227859497
2.9712512493133545
2.95066499710083
2.9202208518981934
2.9139277935028076
2.892679214477539
2.879997491836548
2.8731861114501953
2.8545005321502686
2.8600914478302
2.842197895050049
2.8373446464538574
2.44916033744812
2.77107572555542
2.9666354656219482
2.9792280197143555
2.964313268661499
2.9706499576568604
1.5151478052139282
1.4682726860046387
1.439393162727356
1.3887008428573608
1.3692502975463867
1.3303332328796387
1.3148589134216309
1.278374433517456
1.242911458015442
1.2243800163269043
1.1856682300567627
1.1832207441329956
1.8230018615722656
1.7919567823410034
1.772608757019043
1.742282509803772
1.710984706878662
1.7170401811599731
1.6347081661224365
1.6335747241973877
1.599852442741394
1.5752995014190674
1.5493096113204956
1.5515258312225342
1.5305440425872803
0
0
0
0
0
0
0
0
0
0
0
0
0
0
0
0
0
0
0
0
0
0
0
0
0
0
0
0
0
0
0
0
2.851778984069824
2.8259739875793457
2.7935028076171875
2.7667038440704346
2.71561336517334
2.695326566696167
2.6733100414276123
2.675574541091919
2.7713382244110107
2.546506404876709
2.5022988319396973
2.5021350383758545
2.479046106338501
2.4628219604492188
2.4445831775665283
2.400378942489624
2.412733316421509
3.3519349098205566
3.3300178050994873
3.3205580711364746
3.2885069847106934
3.273115873336792
0
0
0
0
0
0
0
0
0
0
0
0
0
0
0
0
0
0
0
0
0
0
0
0
0
0
0
0
0
0
0
0
0
0
0
0
0
0
0
0
0
0
0
0
0
0
2.979814291000366
2.7720792293548584
2.7794227600097656
2.780083417892456
0.28755465149879456
0.28748422861099243
0.2863067090511322
0.26748988032341003
0.2821238040924072
0.2775948643684387
0.25708436965942383
0.24824130535125732
0.2605968415737152
0.2619956135749817
0.23301567137241364
0.24082091450691223
0.24861441552639008
0.2412029355764389
0.2397933006286621
0.22742301225662231
0.21860115230083466
0.19816559553146362
0.21906664967536926
0.22064223885536194
0.20502793788909912
0.20887577533721924
0.20134831964969635
0.19831779599189758
0.21029379963874817
0.18609851598739624
0.2060321867465973
0.18546448647975922
0.20280680060386658
0.19343192875385284
0.18532223999500275
0.2057655155658722
0.19474494457244873
0.19471757113933563
0.20001602172851562
0.1792374551296234
0.1855797916650772
0.1836276799440384
0.17294584214687347
0.19263535737991333
0.183273047208786
0.18060462176799774
0.16679885983467102
0.16715797781944275
0.204827681183815
0.17369882762432098
0.18142087757587433
0.16697169840335846
0.1748834252357483
0.18213583528995514
0.18666666746139526
0.18086141347885132
0.1733597218990326
0.17103877663612366
0.17514771223068237
0.17262659966945648
0.16869322955608368
0.18664957582950592
0.1838790476322174
0.1869971752166748
0.18603390455245972
0.18049651384353638
0.16646428406238556
0.19476528465747833
0.17404894530773163
0.18224424123764038
0.17938648164272308
0.18313539028167725
0.2038673758506775
0.22018767893314362
0.18564096093177795
0.19871431589126587
0.17425604164600372
0.18937352299690247
0.18031097948551178
0.19662828743457794
0.21049802005290985
0.18842759728431702
0.20450864732265472
0.20826227962970734
0.20045971870422363
0.19678229093551636
0.2190561443567276
0.2358430027961731
0.2081264853477478
0.22973962128162384
0.22922541201114655
0.2113184630870819
0.21829165518283844
0.22623728215694427
0.23070429265499115
0.22837844491004944
0.22767318785190582
0.2458103597164154
0.24445144832134247
