0.5639428496360779
0.537447452545166
0.5614821910858154
0.544672966003418
0.5289372801780701
0.5582001209259033
0.5694964528083801
0.5311231017112732
0.5321933627128601
0.552337646484375
0.5453378558158875
0.5476843118667603
0.5431533455848694
0.5417075753211975
0.5256487727165222
0.5442617535591125
0.5316227078437805
0.5467135310173035
0.5268155336380005
0.5129660964012146
0.537883460521698
0.543170154094696
0.5257546305656433
0.5326531529426575
0.5396310091018677
0.5255603790283203
0.5292764902114868
0.5316379070281982
0.5388228893280029
0.5108126401901245
0.5226152539253235
0.5493752360343933
0.5531473755836487
0.5499578714370728
0.8363035917282104
0.796686053276062
0.7232949137687683
0.7223974466323853
0.6662956476211548
0.6523122787475586
0.5921775102615356
0.5926353335380554
0.5591121912002563
0.5237326622009277
0.5209421515464783
0.5252867937088013
0.5137878060340881
0.5350722670555115
0.52993243932724
0.5347318649291992
0.5387133359909058
0.5422564744949341
0.5655273795127869
0.5635209083557129
0.5657444596290588
0.5949114561080933
0.5592485070228577
0.5913342833518982
0.6093056201934814
0.5931063890457153
0.6254751682281494
0.6022998690605164
0.641072690486908
0.6552230715751648
0.6535447239875793
0.6763242483139038
0.6750686168670654
0.6841229200363159
0.709454357624054
0.722253680229187
0.7378822565078735
0.7622872591018677
0.7739135026931763
0.78371661901474
0.8018234968185425
0.83765709400177
0.8581448793411255
0.8748927712440491
0.8876408338546753
0.946406364440918
0.9821012616157532
0.9978116154670715
1.047145128250122
1.0848108530044556
1.124674916267395
1.1603114604949951
1.1938492059707642
1.3965094089508057
1.3649425506591797
1.3672821521759033
1.3554558753967285
1.361311674118042
1.3299893140792847
1.3416317701339722
1.301316738128662
1.3291047811508179
1.3090285062789917
1.3126012086868286
1.3020671606063843
1.3014298677444458
1.2814631462097168
1.2913355827331543
1.2791996002197266
1.3015916347503662
1.2968785762786865
1.2809638977050781
1.2723945379257202
1.2804847955703735
1.2882341146469116
1.2746843099594116
1.2654978036880493
1.2669878005981445
1.2882448434829712
1.2831193208694458
0
1.5437017679214478
1.2914785146713257
1.2931103706359863
1.2889618873596191
1.2998936176300049
1.2912766933441162
1.2996231317520142
1.3034144639968872
1.3066363334655762
1.3223261833190918
1.3265048265457153
1.3517422676086426
1.3416121006011963
1.342719554901123
1.3519037961959839
1.3635677099227905
1.3721089363098145
1.3763349056243896
1.392374873161316
1.4002563953399658
1.4170788526535034
1.4289588928222656
1.4661624431610107
1.4589710235595703
1.4815797805786133
1.489174246788025
1.4965786933898926
1.5350710153579712
1.5508936643600464
1.5556796789169312
1.5847930908203125
1.5840604305267334
1.6045681238174438
1.6276510953903198
1.6486854553222656
1.7095165252685547
1.7168914079666138
1.7587977647781372
1.7947161197662354
1.8044406175613403
1.8328239917755127
1.8821760416030884
1.8853758573532104
1.9442994594573975
1.9922899007797241
2.0055034160614014
2.072723865509033
2.1211209297180176
2.165651559829712
2.2178597450256348
2.2864391803741455
2.3428642749786377
0
0
0
0
0
0
0
0
0
0
0
0
0
0
0
0
0
0
0
0
0
0
0
0
0
0
0
0
0
0
0
0
0
0
0
3.004530429840088
2.9737141132354736
1.9784631729125977
1.96824049949646
1.94150710105896
1.02936851978302
1.0011446475982666
0.9965249300003052
0.9800922870635986
0.9571718573570251
0.9447303414344788
0.9576665759086609
0.9388742446899414
0.9348257184028625
0.9601361155509949
0.9517483711242676
0.978894054889679
0.9744836688041687
0.9681823253631592
1.0163345336914062
1.0369555950164795
3.3133327960968018
3.3027467727661133
3.310941457748413
3.367501974105835
0
2.6847383975982666
2.644705295562744
2.6234192848205566
2.6010777950286865
2.6233553886413574
2.642770528793335
2.7309646606445312
0
0
0
0.28745415806770325
0.2704693078994751
0.26080232858657837
0.25780200958251953
0.2514505684375763
0.22430694103240967
0.22981354594230652
0.2284860908985138
0.21638049185276031
0.22918084263801575
0.2180832028388977
0.20183536410331726
0.2149956077337265
0.2148127555847168
0.20613810420036316
0.1851155310869217
0.21762074530124664
0.1971200704574585
0.20542635023593903
0.19691787660121918
0.2183411568403244
0.21850889921188354
0.20820116996765137
0.2043571174144745
0.2035105973482132
0.2004186511039734
0.2215580940246582
0.22115950286388397
0.21416714787483215
0.19146785140037537
0.19525009393692017
0.19850529730319977
0.20457135140895844
0.2020079344511032
0.20287960767745972
0.2103341519832611
0.1996125876903534
0.20881593227386475
0.19613927602767944
0.2087169587612152
0.2264019399881363
0.2073165774345398
0.2271687388420105
0.24212704598903656
0.2262372523546219
0.24224039912223816
0.2471507042646408
0.261201411485672
0.24232536554336548
0.26104068756103516
0.28558534383773804
0.32964134216308594
3.3016884326934814
0
0
0
0
0
0
0
0
0
0
3.4166858196258545
3.341904640197754
3.3589329719543457
3.3901736736297607
3.4201128482818604
0
0
0
0
0
0
0
0
0
0
0
0
0
0
0
0
2.8664896488189697
0.925011157989502
0.9095697999000549
0.8849025368690491
0.8642857074737549
0.8494524359703064
0.8299838900566101
0.8060175180435181
0.8078076243400574
0.7899370789527893
0.7514302730560303
0.7557573318481445
0.7364757657051086
0.721789538860321
0.7113820910453796
0.704805850982666
0.6880861520767212
0.6940884590148926
0.6845319271087646
0.6655863523483276
0.6590515971183777
0.6577425003051758
0.6343915462493896
0.6423429846763611
0.6124367713928223
0.6205323934555054
0.6053900718688965
0.5957008004188538
0.6023051142692566
0.5878972411155701
0.5829401612281799
0.5843403339385986
0.5805076956748962
0.5666214823722839
0.5996797680854797
0.565085768699646
0.5624226927757263
0.5460441708564758
