0
0
0
0
0
0
0
0
3.4948790073394775
3.470043897628784
3.451698064804077
3.4747955799102783
0
2.2649879455566406
2.2338948249816895
2.183032512664795
2.184274435043335
2.1616427898406982
2.1807620525360107
2.1953234672546387
2.2492597103118896
0
0
0
0
0
0
0
0
0
2.7033329010009766
2.661205291748047
2.63634991645813
2.6350626945495605
2.635993003845215
2.664698600769043
2.7017822265625
0
0
0
0
0
0
0
0
0
0
3.4089083671569824
3.3556034564971924
3.3507888317108154
3.35439133644104
3.3658783435821533
0
0
0
0
0
0
0
0
0
0
0
0
0
0
0
0
0
0
0
0
0
0
0
0
0
0
0
0
0
0
0
0
0
0
0
0
0
0
0
0
0
0
0
0
0
0
0
0
0
1.5385466814041138
1.497366189956665
0
0
3.035797119140625
2.984424352645874
2.9466183185577393
2.9746246337890625
2.982161521911621
2.5439631938934326
2.481227397918701
2.4788424968719482
2.4863531589508057
2.497499704360962
2.5181796550750732
2.958055019378662
2.940720319747925
2.9139270782470703
2.897954225540161
2.9292399883270264
2.3639302253723145
2.3290786743164062
2.310354471206665
2.311798095703125
2.3252227306365967
2.3467466831207275
2.4140963554382324
3.4667117595672607
3.4053521156311035
3.314354658126831
3.2545149326324463
3.181297779083252
3.1342623233795166
3.062377452850342
2.990124225616455
2.9538142681121826
2.909536838531494
2.861873149871826
2.839179277420044
2.782022476196289
2.729943037033081
2.6848268508911133
2.673849582672119
2.6249895095825195
2.5789873600006104
2.5560555458068848
2.51523756980896
2.495471239089966
2.458148956298828
2.439100503921509
2.425804376602173
2.3943169116973877
2.3943183422088623
2.3548505306243896
2.3383431434631348
2.420506715774536
2.5241150856018066
2.3244740962982178
2.3141705989837646
2.285727024078369
2.2873663902282715
2.2531723976135254
2.25801420211792
2.2326717376708984
1.6319119930267334
1.5833115577697754
1.5470246076583862
1.558239459991455
1.5241860151290894
1.5248337984085083
1.1303399801254272
1.1231248378753662
1.0794880390167236
1.0716025829315186
1.0568838119506836
1.0614453554153442
1.0485683679580688
1.0374406576156616
1.0449684858322144
1.0486847162246704
1.055171251296997
1.0852223634719849
1.0828198194503784
1.1142734289169312
1.1589863300323486
2.153621196746826
2.1639561653137207
2.1711738109588623
2.1688857078552246
2.1959457397460938
2.192002296447754
2.1942226886749268
2.216343402862549
2.2094814777374268
2.240929126739502
2.230689287185669
2.2626779079437256
2.275012493133545
2.2518372535705566
2.266197681427002
2.2927050590515137
2.317106008529663
2.32155179977417
2.346193790435791
2.370631456375122
2.3727762699127197
2.402517318725586
2.415252447128296
2.4596292972564697
2.476217746734619
2.4991538524627686
2.5180697441101074
2.542011022567749
2.578346014022827
2.6296017169952393
2.6538615226745605
2.672382354736328
2.710639238357544
2.7603864669799805
2.78989839553833
2.8353216648101807
2.854498863220215
2.922701597213745
2.9751052856445312
0
0
0
0
0
0
0
0
0
0
0
0
0
0
0
0
0
0
0
0
0
0
0
0
0
0
0
0
0
0
0
0
0
0
0
0
0
0
0
0
0
0
0
1.5792702436447144
0
0
0
0
0
0
0
0
0
0
0
0
0
0
0
0
0
0
0
0
0
0
0
0
0
0
0
0
0
0
0
0
0
0
0
0
0
0
0
0
0
2.0637428760528564
1.9979268312454224
1.981574296951294
1.980067491531372
1.951267957687378
1.9489294290542603
1.9786320924758911
1.9979472160339355
2.0491890907287598
0
0
0
0
0
0
0
0
0
0
0
0
0
0
0
0
0
0
0
1.7525303363800049
1.7199134826660156
1.7220635414123535
1.7040573358535767
1.672245740890503
1.6969528198242188
1.6759551763534546
1.7032239437103271
1.7475553750991821
1.7921838760375977
3.3998615741729736
3.3483943939208984
3.3042426109313965
3.3462865352630615
3.370957612991333
0
0
0
0
0
0
0
