0.8701596260070801
0.8610044717788696
0.8817920684814453
0.8728259801864624
0.8819041848182678
0.8905050754547119
0.9069573879241943
0.9031620025634766
0.9037699103355408
0.9110312461853027
0.9104218482971191
0.898575484752655
0.9044396281242371
0.9026556611061096
0.8976603746414185
0.9077442288398743
0.9233047366142273
0.9303613901138306
0.9272840619087219
0.9391955137252808
0.9484943151473999
0.9456683993339539
0.9486610293388367
0.9660269618034363
0.9470812678337097
0.9698254466056824
0.9977024793624878
0.9995366930961609
1.0061419010162354
1.0138121843338013
1.0276681184768677
1.0207183361053467
1.050390362739563
1.056954264640808
1.057466983795166
1.0835140943527222
1.1065579652786255
1.0986571311950684
1.1268229484558105
1.153760313987732
1.1700730323791504
1.172064185142517
1.1947027444839478
1.2019069194793701
1.2306758165359497
1.2370872497558594
1.2616709470748901
1.2935456037521362
1.3333417177200317
1.3507829904556274
1.3839541673660278
1.4118033647537231
1.4422011375427246
1.462921142578125
1.517143964767456
1.541021704673767
1.5705188512802124
1.618734359741211
1.735834002494812
1.7293089628219604
1.7004235982894897
1.759716272354126
1.8146371841430664
1.8730500936508179
1.9660028219223022
2.0192360877990723
2.1012017726898193
2.187796115875244
2.2912306785583496
2.378035068511963
2.5010993480682373
2.6195359230041504
2.7681643962860107
2.9227559566497803
3.111241579055786
3.3275063037872314
0
0
0
0
0
0
0
0
0
0
0
0
0
0
0
0
0
0
0
0
0
0
0
0
0
0
0
0
0
0
0.7770294547080994
0.7560557723045349
0.7607204914093018
0.7742035984992981
0.7635108828544617
0.7625470757484436
0.768513560295105
0.7672557234764099
0.7511246204376221
0.7545023560523987
0.7501140832901001
0.768043041229248
0.751757025718689
0.7666088938713074
0.7629134058952332
0.7646418809890747
0.7635902166366577
0.7640978097915649
0.7536391019821167
0.7645211815834045
0.7351278066635132
0.7570281028747559
0.7764084339141846
0.7847210168838501
0.7933040857315063
0.7831620573997498
0.7888960242271423
0.7900314927101135
0.7983112931251526
0.8094034194946289
0.8031864762306213
0.7912613749504089
0.8189663290977478
0.82591313123703
0.829696774482727
0.8254287838935852
0.8511294722557068
0.8527137041091919
0.8466875553131104
0.8614261150360107
0.8687839508056641
0.8727793097496033
0.9061998128890991
0.9001227617263794
0.9337242841720581
0.9128119945526123
0.9496263265609741
0.9453072547912598
0.9567499160766602
0.9688475728034973
0.9770933389663696
0.9859069585800171
1.0179115533828735
1.020064115524292
1.0412782430648804
1.0789467096328735
0
0
0
0
0
0
0
0
0
0
0
0
0
0
0
0
0
0
0
0
0
0
0
0
2.8447134494781494
2.531038284301758
2.236525535583496
2.5744800567626953
2.5964841842651367
2.6044740676879883
2.600222110748291
2.6102206707000732
2.640221357345581
2.638080596923828
0.9724054336547852
0.9527488946914673
0.9711756706237793
0.9866182804107666
0.9769514799118042
1.000549077987671
0.9787536263465881
1.0090270042419434
1.0116084814071655
1.0204496383666992
1.0526381731033325
1.0304158926010132
1.039857268333435
1.0693509578704834
1.0781103372573853
1.0933489799499512
1.1046210527420044
1.1086472272872925
1.1041843891143799
1.133460521697998
1.1034786701202393
1.0948259830474854
1.0466032028198242
1.0399757623672485
1.004818081855774
0.9988887310028076
0.9730501770973206
0.9573439359664917
0.9436368942260742
0.9093489050865173
0.904621422290802
0.9101815223693848
0.8675330877304077
0.863582193851471
0.8624765872955322
0.8495153188705444
0.8348559141159058
0.8093831539154053
0.8253186941146851
0.7982821464538574
0.7954452037811279
0.7864257097244263
0.772865355014801
0.7664148211479187
0.7481429576873779
0.7457762956619263
0.7306472063064575
0.726325273513794
0.7187435030937195
0.7397340536117554
0.7103027701377869
0.7230743169784546
0.6997112035751343
0.6939278244972229
0.7002853155136108
0.701612651348114
0.6893260478973389
0.6959201097488403
0.6916454434394836
0.6806252598762512
0.6961056590080261
0.6787399053573608
0.6664304733276367
0.6599753499031067
0.6526172757148743
0.26903077960014343
0.26704323291778564
0.2699272036552429
0.26448729634284973
0.2729608416557312
0.36087566614151
0.528434693813324
1.7406262159347534
0
0
0
0
0
0
0
0
0
0
0
0
0
0
0
0
3.352804660797119
3.1541969776153564
2.9889583587646484
2.833139419555664
2.6934375762939453
2.5502517223358154
2.442713499069214
2.3412282466888428
2.265076160430908
2.1601898670196533
2.080306053161621
2.022477149963379
1.9227229356765747
1.9377981424331665
1.7823582887649536
1.7363440990447998
1.68430757522583
1.6399158239364624
1.602864384651184
1.5716551542282104
1.545966386795044
1.4841684103012085
1.4661483764648438
1.4212806224822998
1.402284026145935
1.3508745431900024
1.3541508913040161
1.3120858669281006
1.2874261140823364
1.263214349746704
1.2300249338150024
1.2204338312149048
1.2035765647888184
1.1849429607391357
1.1704435348510742
1.1530762910842896
1.1375106573104858
1.117963194847107
1.092355489730835
1.1019408702850342
1.0820655822753906
1.0439457893371582
1.041487693786621
1.0381077527999878
1.0270345211029053
1.0184690952301025
1.0040425062179565
1.0115058422088623
0.9927802681922913
0.9804992079734802
0.9799043536186218
0.957266092300415
0.9408532977104187
0.9375969767570496
0.937473714351654
0.9230059385299683
0.9296156764030457
0.9211496114730835
0.9282090663909912
0.918271541595459
0.9234352707862854
0.8925550580024719
0.9081659913063049
0.8917575478553772
0.8918970823287964
0.9278546571731567
0.9140013456344604
0.888696014881134
0.8991847038269043
0.8804612755775452
0.8957130908966064
0.8820569515228271
0.881598949432373
0.8819968104362488
0.8958877325057983
