0.9740447402000427
0.9585015773773193
0.9615015387535095
0.9396349787712097
0.9691534042358398
0.936558187007904
0.9543328881263733
0.9516054391860962
0.9435880184173584
0.9478916525840759
0.9189891219139099
0.9374336004257202
0.9377263188362122
0.9307611584663391
0.9152615666389465
0.909497082233429
0.942460298538208
0.9347158670425415
0.9156212210655212
0.9479146599769592
0.9386940598487854
0.9424450397491455
0.9346148371696472
0.9370297789573669
0.9256834983825684
0.9396546483039856
0.9511984586715698
0.9385915398597717
0.9498410224914551
0.9360536336898804
0.9671717286109924
0.9663691520690918
0.9603292346000671
0.9675334095954895
0.9654837846755981
0.9884010553359985
0.9872166514396667
0.984203040599823
0.9951512813568115
1.000788688659668
1.0038223266601562
1.032799482345581
1.0320676565170288
1.0329574346542358
1.0401434898376465
1.0614938735961914
1.0644255876541138
1.0986769199371338
1.0830051898956299
1.0955476760864258
1.1285936832427979
1.1448135375976562
1.1376255750656128
1.154221773147583
1.164723515510559
1.1857279539108276
1.180721402168274
1.2176777124404907
1.2283759117126465
1.259502649307251
1.2779029607772827
1.2901118993759155
1.3107315301895142
1.3569815158843994
1.3678029775619507
1.3938864469528198
1.4296025037765503
1.4504437446594238
1.4832253456115723
1.5173768997192383
1.5588431358337402
1.5887778997421265
1.6272006034851074
1.6888378858566284
1.718077301979065
1.766841173171997
1.8002607822418213
1.321454405784607
1.2928546667099
1.2649953365325928
1.2342606782913208
1.1759696006774902
1.1741071939468384
1.1347010135650635
1.108749270439148
1.0793794393539429
1.0687071084976196
1.0440030097961426
1.020655870437622
0.9858102202415466
0.9777632355690002
0.9744212627410889
0.9521099925041199
0.9663496017456055
0.92548668384552
0.8967980146408081
0.9044508337974548
0.8780806660652161
0.8754454851150513
0.8579216599464417
0.8473799228668213
0.8496842384338379
0.8402132987976074
0.8220031261444092
0.8084524869918823
0.8157632350921631
0.7823907732963562
0.7794317603111267
0.7606512904167175
0.7727067470550537
0.7691553235054016
0.7547457218170166
0.7653428912162781
0.7449033260345459
0.7529190182685852
0.729594349861145
0.7264322638511658
0.7352482676506042
0.6978493332862854
0.7265864610671997
0.7107599377632141
0.7057717442512512
0.7005917429924011
0.7101756930351257
0.701126754283905
0.7129580974578857
0.698118269443512
0.6930645704269409
0.7048001289367676
0.6931766867637634
0.6816603541374207
0.691602349281311
0.6884649991989136
0.6941471099853516
0.6851577758789062
0.6909547448158264
0.7071821689605713
0.6977055668830872
0.6862074732780457
0.6812393069267273
0.6835569739341736
0.6908097863197327
0.694520115852356
0.6903066039085388
0.6937849521636963
0.7047075629234314
0.6995197534561157
0.7031462788581848
0.7245041131973267
0.7102228403091431
0.7134118676185608
0.7323300838470459
0.7278469204902649
0.7305455803871155
0.7342672944068909
0.7319215536117554
0.7290707230567932
0.7305780649185181
0.7496806979179382
0.7538377046585083
0.7734736800193787
0.7708754539489746
0.7604207992553711
0.7760136723518372
0.7823706269264221
0.8063102960586548
0.799069344997406
0.8048264384269714
0.8341639637947083
0.8321429491043091
0.8468891382217407
0.8486421704292297
0.8777234554290771
0.8637896180152893
0.9001642465591431
0.9073415398597717
0.9143344759941101
0.923836886882782
0.927592933177948
0.9590010046958923
0.984629213809967
0.9807248711585999
1.00217604637146
1.0448980331420898
1.0493563413619995
1.061064600944519
1.085620641708374
1.1022394895553589
1.1228690147399902
1.1564656496047974
1.2115514278411865
1.2290090322494507
1.2703288793563843
1.2962372303009033
1.3281816244125366
1.3721736669540405
1.425903081893921
1.463903784751892
1.5217292308807373
0
0
0
0
0
0
0
2.525256872177124
2.4935178756713867
2.4650332927703857
2.4673492908477783
2.483891487121582
2.507772445678711
0
0
0
0
0
0
0
0
0
0
0
3.0403027534484863
2.9680328369140625
2.960314989089966
2.943121910095215
2.9432451725006104
2.99784779548645
0
0
0
0
0
0
0
0
0
0
0
0
0
0
0
0
0
0
0
0
0
0
0
0
0
0
0
0
0
0
0
0
0
0
0
2.726369857788086
2.6188788414001465
2.6004769802093506
2.605138063430786
2.5814907550811768
2.617161273956299
2.6390209197998047
0
0
0
0
0
0
0
0
0
0
0
0
0.5379123091697693
0.5167107582092285
0.4738719165325165
0.46030378341674805
0.45635154843330383
0.4473270773887634
0.44076675176620483
0.42970359325408936
0.4446147680282593
0.42233797907829285
0.42343997955322266
0.44198891520500183
0.4267582297325134
0.4226790964603424
0.4035806953907013
0.41232970356941223
0.4216325581073761
0.43012911081314087
0.4257345497608185
0.4105665981769562
0.4283519685268402
0.43017569184303284
0.4432084262371063
0.43838801980018616
0.4439510405063629
0.43312138319015503
0.4518832266330719
0.44834259152412415
0.4895320236682892
0.48143479228019714
0.5035579800605774
0.5178334712982178
0
0
0
0
0
3.5
3.4862518310546875
0
0
0
0
0
0
0
0
0
0
0
0
0
0
0
0
0
0
0
0
0
0
0
0
0
0
0
0
0
0
1.0015908479690552
0.9879350662231445
1.0065838098526
1.0029473304748535
0.9937795996665955
0.9847126603126526
0.977898120880127
0.9863152503967285
