2.941757917404175
2.985182046890259
3.051703453063965
0
0
0
3.2462658882141113
3.1441659927368164
3.14056134223938
3.1091792583465576
3.1371686458587646
3.1786468029022217
0
0
0
0
0
0
0
0
0
0
0
0
0
0
0
0
0
0
0
0
0
0
0
0
0
0
3.2133495807647705
3.166566848754883
3.168443202972412
3.1714556217193604
3.2087273597717285
0
0
0
0
3.299997568130493
3.195108413696289
3.177603244781494
0.9215323328971863
0.8947857618331909
0.8581445217132568
0.8525733351707458
0.8407778739929199
0.8227770924568176
0.8257180452346802
0.8072750568389893
0.820634126663208
0.8049659132957458
0.8104449510574341
0.8234283924102783
0.8173233270645142
0.8328755497932434
0.8274081349372864
0.8558753728866577
0.8665133118629456
0.8805075883865356
0.9282217621803284
0
2.267714738845825
2.2728779315948486
1.4372738599777222
1.4031249284744263
1.3768408298492432
1.3664230108261108
1.3469427824020386
1.3746081590652466
1.366823434829712
1.3566895723342896
1.3686310052871704
1.3757259845733643
0.9803221225738525
0.97780841588974
0.9387462735176086
0.9321156740188599
0.9102688431739807
0.9048398733139038
0.9079388380050659
0.9043154716491699
0.9010238647460938
0.8935838937759399
0.9091473817825317
0.9113136529922485
0.9343793392181396
0.9349259734153748
0.9413830041885376
0.9810831546783447
1.0179728269577026
0
0
0
0
0
0
0
0
0
0
0
0
0
0
0
3.3470966815948486
3.3099074363708496
2.781031847000122
2.729628086090088
2.7218711376190186
2.6977407932281494
2.731084108352661
2.757983446121216
0
0
3.21785569190979
3.112905740737915
3.1168620586395264
3.1004245281219482
3.123556613922119
3.177828788757324
0
0
0
0
0
0
0
0
0
0
0
0
0
0
0
0
0
0
0
0
0
0
0
0
0
0
0
0
0
0
0
0
0
1.5064784288406372
1.4634162187576294
1.4234169721603394
1.4378844499588013
1.4130629301071167
1.421703577041626
1.4248462915420532
1.4338231086730957
1.4421504735946655
1.4580302238464355
1.5122363567352295
1.913503646850586
1.8937692642211914
1.8791768550872803
1.8646622896194458
1.8693362474441528
1.893160343170166
1.9022749662399292
1.9277650117874146
1.5631755590438843
1.4828590154647827
1.4389146566390991
1.440688133239746
1.4305164813995361
1.4119431972503662
1.4237534999847412
1.423349380493164
1.440442681312561
1.4308750629425049
1.4721271991729736
1.5190008878707886
0
0
0
1.8970292806625366
1.8408710956573486
1.8139526844024658
1.8234565258026123
1.813718557357788
1.8076272010803223
1.8288934230804443
1.8246817588806152
1.8915801048278809
0
0
0
0
0
0
0
0
0
0
0
0
0
0
0
0
0
0
0
0
0
0
0
0
0
0
0
0
0
0
0
0
0
0
0
0
0
0
0
0
0
0
0
0
0
0
0
0
0
0
0
0
0
2.4801201820373535
2.4632954597473145
2.460850477218628
2.4475486278533936
2.472099781036377
0.7677929997444153
0.7603996396064758
0.7379464507102966
0.7044038772583008
0.6957369446754456
0.7063806056976318
0.718039333820343
0.670715868473053
0.6853694915771484
0.6910349726676941
0.6742880940437317
0.6964672207832336
0.6845723390579224
0.6927808523178101
0.6988122463226318
0.6962717771530151
0.7181731462478638
0.7262653112411499
0.7283841967582703
0.7443296909332275
0.7843762636184692
1.189757227897644
1.1843875646591187
1.1390104293823242
1.1617822647094727
1.1497433185577393
1.1652876138687134
1.1460676193237305
1.1647026538848877
1.1580942869186401
1.1826657056808472
1.171943187713623
1.218965768814087
1.2439894676208496
0
0
0
0
0
0
0
0.7766028046607971
0.7457253932952881
0.7328276038169861
0.71529221534729
0.709094226360321
0.7072864770889282
0.716378390789032
0.702970027923584
0.676460862159729
0.691241443157196
0.7058476209640503
0.6920800805091858
0.6848818063735962
0.6906278729438782
0.6962242126464844
0.72243732213974
0.712176501750946
0.7160581350326538
0.7405104041099548
0.7498375177383423
0.7742617130279541
3.2419469356536865
2.7304208278656006
2.688632011413574
2.6566054821014404
2.6552011966705322
2.6619014739990234
2.6750855445861816
2.744873523712158
0
0
0
0
0
0
0
0
0
0
0
0
0
0
0
0
0
0
0
0
0
0
3.0189151763916016
2.9629383087158203
2.9554214477539062
2.972522258758545
