0
0
0
0
0
0
0
0
0
0
0
0
0
0
0
0
0
0
0
0
0
0
0
0
2.278622627258301
2.2482001781463623
2.222524642944336
2.2063870429992676
2.220799446105957
2.2271597385406494
2.2694668769836426
2.352909803390503
2.699556350708008
2.6845405101776123
2.6889445781707764
2.707458019256592
2.7056965827941895
2.7934277057647705
0.48020216822624207
0.46984562277793884
0.442693293094635
0.43020200729370117
0.43714281916618347
0.4223702549934387
0.4116903245449066
0.4081472158432007
0.40426105260849
0.42480558156967163
0.4040745496749878
0.3891279995441437
0.40145328640937805
0.3895508050918579
0.40330371260643005
0.4123910069465637
0.3800846338272095
0.3898763358592987
0.3840201199054718
0.37106165289878845
0.39708635210990906
0.3984033465385437
0.396077036857605
0.41364678740501404
0.39541226625442505
0.4077799618244171
0.43153706192970276
0.4206572473049164
0.44371041655540466
0.4348450005054474
0.43939024209976196
0.46820133924484253
0.4959176778793335
0.9185261726379395
0.9300616383552551
0.9148266315460205
0.9304559826850891
0.9510696530342102
0.9952588677406311
1.0210328102111816
0
0
0
0
0
0
0
0
0
0
0
0
0
0.6266348958015442
0.5794620513916016
0.5514132380485535
0.5224323272705078
0.5247349739074707
0.5144162774085999
0.509181797504425
0.49692609906196594
0.5176792740821838
0.5145465135574341
0.47912707924842834
0.46635034680366516
0.5006611943244934
0.49564266204833984
0.49763473868370056
0.4867163896560669
0.4777712821960449
0.5079898834228516
0.49352574348449707
0.4862794876098633
0.49187546968460083
0.5041698217391968
0.503508448600769
0.5201913118362427
0.5120487213134766
0.5277416706085205
0.5326746702194214
0.5743067860603333
0.5951318740844727
2.793976068496704
2.801318645477295
2.819000482559204
0
0
0
3.221811056137085
2.621208906173706
2.5332837104797363
2.531196117401123
2.5253043174743652
2.5270438194274902
2.5562851428985596
2.590839385986328
0
0
1.2825435400009155
1.236821174621582
1.230839490890503
1.2202460765838623
1.1829993724822998
1.1856166124343872
1.1713536977767944
1.1528127193450928
1.1351687908172607
1.133549690246582
1.101730465888977
1.0868476629257202
1.091245412826538
1.0645365715026855
1.0508097410202026
1.0421711206436157
1.0421347618103027
1.960976243019104
2.0250167846679688
2.0019335746765137
2.013715982437134
1.964748501777649
1.987184762954712
1.9498859643936157
1.9394772052764893
1.9369326829910278
1.9140830039978027
1.9096184968948364
1.8999719619750977
2.51800799369812
3.4570629596710205
3.416930675506592
3.4071671962738037
3.4155023097991943
0
0
0
0
0
0
0
0
0
0
0
0
0
0
0
0
0
0
0
0
0
0
0
0
0
0
0
0
0
0
0
0
3.3492541313171387
3.303797721862793
3.3074755668640137
3.3219153881073
3.3710219860076904
0
0
0
0
0
0
0
0
0
0
0
0
0
0
0
0
0
0
0
0
0
0
0
1.9439918994903564
1.888355016708374
1.8586006164550781
1.8379015922546387
1.836618423461914
1.8419368267059326
1.8310976028442383
1.841068983078003
1.4007810354232788
1.345828890800476
1.3390403985977173
1.3063087463378906
1.2946972846984863
1.2952258586883545
1.2950613498687744
1.2981910705566406
1.2970746755599976
1.3148565292358398
1.341940999031067
1.3513284921646118
1.4013261795043945
1.8105316162109375
1.8242334127426147
1.8049354553222656
1.7928121089935303
1.8021917343139648
1.827460527420044
1.8532689809799194
0
0
0
0
0
0
0
0
0
0
0
0
0
0
0
0
0
0
0
0
0
0
0
0
0
0
0
0
0
0
0
0
0
0
0
0
0
0
0
0
0
0
0
0
0
0
0
0
0
0
0
0
0
0
0
0
0
0
0
0
0
0
0
0
0
2.2332406044006348
2.120581865310669
2.1115481853485107
1.6510069370269775
1.593979835510254
1.577191710472107
1.5604649782180786
1.5426030158996582
1.5377799272537231
1.543688178062439
1.5538644790649414
1.5516836643218994
1.5595042705535889
1.6234397888183594
0
2.0067572593688965
1.9800207614898682
1.9741179943084717
1.9714698791503906
1.9627752304077148
1.9491029977798462
1.9858241081237793
2.0230910778045654
2.082554817199707
0
0
0
0
0
0
0
0
0
0
0
0
0
