0
0
0
0
0
0
0
0
0
0
0
0
0
0
0
0
0
0
0
0
0
0
0
0
0
0
0
2.066971778869629
0
0
0
0
0
0
0
0
0
0
0
0
0
0
0
0
0
0
0
0
0
0
0
0
0
0
0
0
3.018723249435425
2.936575412750244
2.963683843612671
2.957063913345337
2.984130620956421
3.0687804222106934
0
0
0
0
0
0
0
0
0
0
0
0
0
0
0
0
0
0
1.645498275756836
1.6192899942398071
1.582213282585144
1.5633516311645508
1.5562604665756226
1.5470778942108154
1.5589536428451538
1.58307683467865
1.6010749340057373
1.6031394004821777
1.6621012687683105
0
0
0
0
0
3.139774799346924
3.087865114212036
3.0704851150512695
3.062756061553955
3.089020013809204
3.1275885105133057
0
0
0
0
0
0
0
0
0
0
0
0
0
0
0
0
0
0
0
0
0
0
1.9376146793365479
1.905892252922058
1.8919280767440796
1.887260913848877
1.8812705278396606
1.8707036972045898
1.9159811735153198
1.9437949657440186
2.0253148078918457
0
0
0
0
3.196817398071289
3.122976779937744
3.086695909500122
3.0682621002197266
3.1008713245391846
3.171327829360962
0
0
0
0
0
0
0
0
0
0
0
0
0
0
0
0
0
0
0
0
0
0
0
0
0
0
0
0
0
0
0
0
0
0
0
0
0
0
0
0
0
0
0
0
0
0
0
0
0
0
0
0
0
0
0
0
0
0
0
0
0
0
0
0
0
0
0
0
0
0
0
0
0
0
0
0
0
0
0
0
0
0
0
0
0
0
0
0
0
0
0
0
0
0
0
0
0
0
0
0
0
0
0
0
0
0
0
0
0
0
0
0
0
0
0
0
0
0
0
0
0
0
0
0
0
0
0
0
0
0
0
0
0
0
0
0
0
3.489042282104492
3.4570651054382324
1.9006797075271606
1.8578180074691772
1.8164411783218384
1.7982280254364014
1.7757153511047363
1.7898153066635132
1.8105906248092651
1.808668613433838
1.8449227809906006
1.8698850870132446
3.23771595954895
2.4949746131896973
2.485456705093384
2.4521024227142334
2.4584686756134033
2.4684269428253174
2.4876585006713867
2.5654211044311523
1.9927204847335815
1.9806182384490967
1.9485799074172974
1.914458155632019
1.907881736755371
1.9260245561599731
1.9472603797912598
1.9584813117980957
2.011634588241577
3.1374409198760986
3.1317265033721924
3.1368772983551025
3.1469268798828125
3.1611640453338623
3.173969030380249
3.18725848197937
3.197072744369507
3.182293653488159
3.2010083198547363
3.231135606765747
3.2230842113494873
3.241910934448242
3.2708120346069336
3.2740838527679443
3.297452211380005
3.3222851753234863
3.3545501232147217
3.3646814823150635
3.3729000091552734
3.4099209308624268
3.4318716526031494
3.4519331455230713
3.4857308864593506
0
0
0
0
0
0
0
0
2.5582892894744873
2.467782735824585
2.4452483654022217
2.423581123352051
2.420760154724121
2.428342342376709
2.457503080368042
2.5039331912994385
0
0
0
0
0
0
0
0
0
0
0
