1680878855863 0.11274001002311707 0
1680878859758 0.10625509172677994 1
1680878862975 0.09916377067565918 2
1680878865831 0.0940927192568779 3
1680878868667 0.09152819216251373 4
1680878871376 0.08755308389663696 5
1680878873829 0.08459015935659409 6
1680878876471 0.08295311033725739 7
1680878879022 0.07848138362169266 8
1680878882519 0.07630855590105057 9
1680878885549 0.07171670347452164 10
1680878888175 0.07010813802480698 11
1680878890893 0.0686974972486496 12
1680878893572 0.06762294471263885 13
1680878896273 0.06435713917016983 14
1680878898645 0.06272540241479874 15
1680878901002 0.06150863319635391 16
1680878903328 0.060674943029880524 17
1680878905681 0.05994628369808197 18
1680878907957 0.05772361159324646 19
1680878910246 0.05918806046247482 20
1680878912483 0.055432628840208054 21
1680878914768 0.0569726936519146 22
1680878917046 0.05430013686418533 23
1680878919382 0.05389644205570221 24
1680878921591 0.05457306653261185 25
1680878923825 0.052836138755083084 26
1680878926076 0.053383346647024155 27
1680878928294 0.05192091688513756 28
1680878930561 0.050616517663002014 29
1680878932834 0.05262456834316254 30
1680878935166 0.050822824239730835 31
1680878937427 0.05109795555472374 32
1680878939677 0.04910992085933685 33
1680878941947 0.049183644354343414 34
1680878944196 0.04892544448375702 35
1680878946441 0.04832654073834419 36
1680878948728 0.04655639827251434 37
1680878950973 0.045131292194128036 38
1680878953310 0.04698251932859421 39
1680878955511 0.0472881905734539 40
1680878957727 0.04580813646316528 41
1680878959939 0.0475664921104908 42
1680878962142 0.044041767716407776 43
1680878964340 0.044562630355358124 44
1680878966554 0.04383368045091629 45
1680878968731 0.0446624681353569 46
1680878971028 0.04365818575024605 47
1680878973222 0.04295387864112854 48
1680878975408 0.043807823210954666 49
1680878977595 0.04211648181080818 50
1680878979785 0.043081656098365784 51
1680878981973 0.041134919971227646 52
1680878984206 0.040228016674518585 53
1680878986506 0.04039240628480911 54
1680878988712 0.04028644040226936 55
1680878990899 0.04033656790852547 56
1680878993096 0.04011649638414383 57
1680878995319 0.039541203528642654 58
1680878997509 0.03847333788871765 59
1680878999716 0.03945433720946312 60
1680879001949 0.03880486637353897 61
1680879004250 0.038413576781749725 62
1680879006448 0.038668204098939896 63
1680879008660 0.03758113086223602 64
1680879010881 0.03726722672581673 65
1680879013057 0.037237562239170074 66
1680879015241 0.037311188876628876 67
1680879017454 0.03672561049461365 68
1680879019624 0.036630284041166306 69
1680879021861 0.03732578828930855 70
1680879024037 0.03562939167022705 71
1680879026211 0.03699908033013344 72
1680879028380 0.035616934299468994 73
1680879030557 0.03586520254611969 74
1680879032748 0.0350048691034317 75
1680879034919 0.035421885550022125 76
1680879037081 0.03417271003127098 77
1680879039397 0.0348178893327713 78
1680879041626 0.03522135317325592 79
1680879043867 0.03507644683122635 80
1680879046044 0.03495725989341736 81
1680879048244 0.03506417199969292 82
1680879050418 0.03502928838133812 83
1680879052581 0.03377815708518028 84
1680879054830 0.03413504734635353 85
1680879057010 0.03418383747339249 86
1680879059181 0.033881157636642456 87
1680879061345 0.033284369856119156 88
1680879063500 0.033315856009721756 89
1680879065671 0.034155797213315964 90
1680879067866 0.03330347687005997 91
1680879070055 0.03329554200172424 92
1680879072341 0.032204192131757736 93
1680879074497 0.03234749659895897 94
1680879076705 0.032618433237075806 95
1680879078871 0.03296154364943504 96
1680879081046 0.03182680159807205 97
1680879083200 0.03194907307624817 98
1680879085369 0.032866787165403366 99
1680879087594 0.032209496945142746 100
1680879089769 0.03176320716738701 101
1680879091935 0.031129775568842888 102
1680879094101 0.031024442985653877 103
1680879096252 0.031570661813020706 104
1680879098425 0.03181140869855881 105
1680879100651 0.03174089267849922 106
1680879102869 0.030942434445023537 107
1680879105123 0.03121691383421421 108
1680879107272 0.030943213030695915 109
1680879109434 0.030678777024149895 110
1680879111634 0.029978536069393158 111
1680879113841 0.030260302126407623 112
1680879116070 0.030095137655735016 113
1680879118240 0.030730802565813065 114
1680879120484 0.030153773725032806 115
1680879122708 0.0299020167440176 116
1680879124905 0.0291794054210186 117
1680879127099 0.029260171577334404 118
1680879129262 0.029674705117940903 119
1680879131431 0.02969282492995262 120
1680879133608 0.02839042991399765 121
1680879135834 0.030048057436943054 122
1680879138007 0.029812507331371307 123
1680879140164 0.029658574610948563 124
1680879142372 0.029474837705492973 125
1680879144549 0.029723552986979485 126
1680879146715 0.03033982217311859 127
