1680878855863 0.04104794189333916 0
1680878859758 0.039284493774175644 1
1680878862975 0.038141120225191116 2
1680878865831 0.0367005355656147 3
1680878868667 0.03511013090610504 4
1680878871376 0.03318023681640625 5
1680878873829 0.030136974528431892 6
1680878876471 0.027646416798233986 7
1680878879022 0.024489641189575195 8
1680878882519 0.022873934358358383 9
1680878885549 0.02173929661512375 10
1680878888175 0.02159949764609337 11
1680878890893 0.021198933944106102 12
1680878893572 0.020043551921844482 13
1680878896273 0.019721124321222305 14
1680878898645 0.019191181287169456 15
1680878901002 0.019541051238775253 16
1680878903328 0.019733693450689316 17
1680878905681 0.019503192976117134 18
1680878907957 0.01878640055656433 19
1680878910246 0.01844075880944729 20
1680878912483 0.017856566235423088 21
1680878914768 0.017614271491765976 22
1680878917046 0.016797492280602455 23
1680878919382 0.01624194160103798 24
1680878921591 0.015546836890280247 25
1680878923825 0.014105276204645634 26
1680878926076 0.013143692165613174 27
1680878928294 0.011707254685461521 28
1680878930561 0.012764830142259598 29
1680878932834 0.010581492446362972 30
1680878935166 0.010033072903752327 31
1680878937427 0.008701051585376263 32
1680878939677 0.00827871449291706 33
1680878941947 0.00789845734834671 34
1680878944196 0.00810583122074604 35
1680878946441 0.008296455256640911 36
1680878948728 0.00763114495202899 37
1680878950973 0.0075034708715975285 38
1680878953310 0.007021987810730934 39
1680878955511 0.007109854836016893 40
1680878957727 0.006843756418675184 41
1680878959939 0.007322702091187239 42
1680878962142 0.006530883256345987 43
1680878964340 0.00652646366506815 44
1680878966554 0.006166860461235046 45
1680878968731 0.006361243315041065 46
1680878971028 0.006704202387481928 47
1680878973222 0.006245882250368595 48
1680878975408 0.006265751551836729 49
1680878977595 0.0058928015641868114 50
1680878979785 0.006286545656621456 51
1680878981973 0.005985303316265345 52
1680878984206 0.0056138853542506695 53
1680878986506 0.005675863940268755 54
1680878988712 0.005528477020561695 55
1680878990899 0.005553702358156443 56
1680878993096 0.005722950678318739 57
1680878995319 0.005605944432318211 58
1680878997509 0.005438930820673704 59
1680878999716 0.006066306959837675 60
1680879001949 0.0056031388230621815 61
1680879004250 0.005660100840032101 62
1680879006448 0.005261817015707493 63
1680879008660 0.0051178098656237125 64
1680879010881 0.005389954894781113 65
1680879013057 0.00517271226271987 66
1680879015241 0.005489688832312822 67
1680879017454 0.0054116141982376575 68
1680879019624 0.004886050242930651 69
1680879021861 0.004810660146176815 70
1680879024037 0.004831841681152582 71
1680879026211 0.0049865054897964 72
1680879028380 0.004586935043334961 73
1680879030557 0.005200700834393501 74
1680879032748 0.004571268334984779 75
1680879034919 0.004956295248121023 76
1680879037081 0.004687249660491943 77
1680879039397 0.0049927253276109695 78
1680879041626 0.005159512162208557 79
1680879043867 0.005237347912043333 80
1680879046044 0.004980886820703745 81
1680879048244 0.004916629288345575 82
1680879050418 0.004753032699227333 83
1680879052581 0.004626670386642218 84
1680879054830 0.0046641952358186245 85
1680879057010 0.004785540048032999 86
1680879059181 0.004840608686208725 87
1680879061345 0.004440055228769779 88
1680879063500 0.004777487367391586 89
1680879065671 0.004812830127775669 90
1680879067866 0.004398028831928968 91
1680879070055 0.004645491950213909 92
1680879072341 0.004743343684822321 93
1680879074497 0.004419452045112848 94
1680879076705 0.0046043116599321365 95
1680879078871 0.0042058383114635944 96
1680879081046 0.004480881150811911 97
1680879083200 0.004591023549437523 98
1680879085369 0.004524778109043837 99
1680879087594 0.0046319239772856236 100
1680879089769 0.004176009446382523 101
1680879091935 0.004132838454097509 102
1680879094101 0.004245658405125141 103
1680879096252 0.004671698436141014 104
1680879098425 0.004377681761980057 105
1680879100651 0.003944787662476301 106
1680879102869 0.004417336545884609 107
1680879105123 0.00478579243645072 108
1680879107272 0.004084616433829069 109
1680879109434 0.004304576199501753 110
1680879111634 0.004050705581903458 111
1680879113841 0.0040025352500379086 112
1680879116070 0.004008956253528595 113
1680879118240 0.004185255151242018 114
1680879120484 0.003947329707443714 115
1680879122708 0.004132962319999933 116
1680879124905 0.003939489368349314 117
1680879127099 0.003986899740993977 118
1680879129262 0.00427866680547595 119
1680879131431 0.003866509534418583 120
1680879133608 0.003646800061687827 121
1680879135834 0.004293238278478384 122
1680879138007 0.003960210829973221 123
1680879140164 0.00443221116438508 124
1680879142372 0.003801068291068077 125
1680879144549 0.003867503721266985 126
1680879146715 0.004412421956658363 127
